Id,Prediction
0,4067566.0
1,2344689.0
2,2021934.0
3,4066618.0
4,5906596.0
5,3982767.0
6,3351383.0
7,1149870.0
8,2097022.0
9,1756069.0
10,3426169.0
11,2025297.0
12,3347767.0
13,3347767.0
14,2732645.0
15,2018785.0
16,3745135.0
17,5595267.0
18,1734634.0
19,3410878.0
20,1270499.0
21,3982767.0
22,2364478.0
23,2344689.0
24,8904084.0
25,6836483.0
26,2993069.0
27,6941173.0
28,1999097.0
29,5017319.0
30,3752885.0
31,5595267.0
32,3982767.0
33,4250553.0
34,3600467.0
35,2792031.0
36,5595267.0
37,3426169.0
38,2021934.0
39,3752885.0
40,4250553.0
41,3410878.0
42,2551252.0
43,5906596.0
44,2675511.0
45,1999097.0
46,3004429.0
47,2732645.0
48,3347767.0
49,3818055.0
50,2267425.0
51,2344689.0
52,6941173.0
53,3004429.0
54,2371202.0
55,5595267.0
56,3752885.0
57,3028267.0
58,3752885.0
59,6313221.0
60,3273041.0
61,1999097.0
62,4952255.0
63,1904842.0
64,3778621.0
65,2390534.0
66,3836721.0
67,4491607.0
68,4350573.0
69,3351383.0
70,6412623.0
71,1756069.0
72,2344689.0
73,8213524.0
74,4491607.0
75,7495092.0
76,3004429.0
77,3780019.0
78,4705945.0
79,3199619.0
80,3956086.0
81,2999068.0
82,3248660.0
83,3410878.0
84,4491607.0
85,1270499.0
86,3248660.0
87,2025297.0
88,3008199.0
89,3745135.0
90,3780019.0
91,6313221.0
92,1763231.0
93,5166635.0
94,1756069.0
95,2675511.0
96,5595267.0
97,6412623.0
98,8213524.0
99,9652350.0
100,2544857.0
101,1619683.0
102,5595267.0
103,3351383.0
104,1270499.0
105,5787594.0
106,3752885.0
107,1270499.0
108,4491607.0
109,4100886.0
110,1149870.0
111,3164972.0
112,2525375.0
113,3780019.0
114,2058644.0
115,7865428.0
116,2544857.0
117,2525375.0
118,2732645.0
119,2551252.0
120,3410878.0
121,4250758.0
122,7592272.0
123,3410878.0
124,8213524.0
125,3410878.0
126,2058644.0
127,2021934.0
128,3273041.0
129,1847826.0
130,1763231.0
131,5500818.0
132,4491607.0
133,2058644.0
134,4136425.0
135,5500818.0
136,6923131.0
137,2675511.0
138,1847826.0
139,3600467.0
140,3426169.0
141,2371202.0
142,7495092.0
143,2344689.0
144,2097022.0
145,2083447.0
146,2390534.0
147,2025297.0
148,2018785.0
149,3248660.0
150,1999097.0
151,3780019.0
152,2018785.0
153,6836483.0
154,1619683.0
155,1904842.0
156,3727364.0
157,4554237.0
158,5595267.0
159,3351383.0
160,2097022.0
161,8213524.0
162,6412623.0
163,3347767.0
164,3745135.0
165,2344689.0
166,3028267.0
167,5595267.0
168,2021934.0
169,3982767.0
170,4590423.0
171,3351383.0
172,2675511.0
173,1756069.0
174,2993069.0
175,6412623.0
176,3199619.0
177,2344689.0
178,2097022.0
179,6412623.0
180,4250553.0
181,1999097.0
182,1149870.0
183,2675511.0
184,5500818.0
185,2993069.0
186,2021934.0
187,3410878.0
188,4491607.0
189,3982767.0
190,1999097.0
191,5435276.0
192,4250553.0
193,3347767.0
194,1756069.0
195,3727364.0
196,3426169.0
197,1270499.0
198,4100886.0
199,2344689.0
200,2018785.0
201,7217634.0
202,4467728.0
203,1756069.0
204,9262754.0
205,2021934.0
206,4780607.0
207,4780607.0
208,7592272.0
209,1882131.0
210,2018785.0
211,5595267.0
212,1999097.0
213,1882131.0
214,3745135.0
215,2993069.0
216,2344689.0
217,2344689.0
218,4467728.0
219,1999097.0
220,3982767.0
221,7865428.0
222,1149870.0
223,1999097.0
224,3982767.0
225,2551252.0
226,7201784.0
227,6412623.0
228,2999068.0
229,5017319.0
230,3199619.0
231,4219263.0
232,3347767.0
233,2021934.0
234,2344689.0
235,5966193.0
236,2267425.0
237,2993069.0
238,3939804.0
239,6836483.0
240,2344689.0
241,1619683.0
242,1999097.0
243,3752885.0
244,3745135.0
245,4491607.0
246,1882131.0
247,7201784.0
248,3745135.0
249,1999097.0
250,1734634.0
251,4705945.0
252,3426169.0
253,3351383.0
254,3939804.0
255,1847826.0
256,4067566.0
257,1270499.0
258,4250553.0
259,3351383.0
260,2156098.0
261,2058644.0
262,3745135.0
263,1756069.0
264,1763231.0
265,5906596.0
266,2018785.0
267,4100886.0
268,4350573.0
269,2993069.0
270,6313221.0
271,1270499.0
272,4155435.0
273,3410878.0
274,2021934.0
275,3410878.0
276,3778621.0
277,1756069.0
278,3780019.0
279,4467728.0
280,2344689.0
281,6941173.0
282,1999097.0
283,1999097.0
284,2544857.0
285,1734634.0
286,3745135.0
287,4780607.0
288,4219263.0
289,2021934.0
290,2021934.0
291,4316715.0
292,3004429.0
293,5653753.0
294,2021934.0
295,5787594.0
296,4491607.0
297,2021934.0
298,3447890.0
299,2390534.0
300,3410878.0
301,6313221.0
302,2021934.0
303,2371202.0
304,3780019.0
305,4780607.0
306,6941173.0
307,4491607.0
308,1756069.0
309,2097022.0
310,4807746.0
311,1756069.0
312,3004429.0
313,2954086.0
314,3351383.0
315,4491607.0
316,2738052.0
317,5461700.0
318,5500818.0
319,7201784.0
320,7865428.0
321,2371202.0
322,2021934.0
323,3347767.0
324,1904842.0
325,3956086.0
326,4250758.0
327,3426169.0
328,1882131.0
329,4554237.0
330,3347767.0
331,2525375.0
332,3028267.0
333,4316715.0
334,4467728.0
335,5461700.0
336,2021934.0
337,2058644.0
338,6941173.0
339,1756069.0
340,4888774.0
341,1882131.0
342,2551252.0
343,4263629.0
344,1270499.0
345,3004429.0
346,3004429.0
347,1149870.0
348,2021934.0
349,2018785.0
350,5595267.0
351,1882131.0
352,5435276.0
353,4052733.0
354,4250758.0
355,5166635.0
356,4219263.0
357,4052733.0
358,5595267.0
359,4491607.0
360,1847826.0
361,4316715.0
362,5286212.0
363,2025297.0
364,1999097.0
365,4807746.0
366,3447890.0
367,2025297.0
368,4100886.0
369,2058644.0
370,6694797.0
371,8213524.0
372,7495092.0
373,6836483.0
374,3248660.0
375,3982767.0
376,3008199.0
377,5286212.0
378,2525375.0
379,2058644.0
380,3956086.0
381,3447890.0
382,5595267.0
383,2544857.0
384,3982767.0
385,1149870.0
386,2344689.0
387,2058644.0
388,7201784.0
389,1847826.0
390,2390534.0
391,2344689.0
392,7217634.0
393,3600467.0
394,4467728.0
395,8213524.0
396,4052733.0
397,3351383.0
398,7217634.0
399,1149870.0
400,3008199.0
401,2021934.0
402,4952255.0
403,2390534.0
404,3600467.0
405,5435276.0
406,3982767.0
407,5525735.0
408,1763231.0
409,3447890.0
410,3351383.0
411,2344689.0
412,1882131.0
413,2954086.0
414,5500818.0
415,4888774.0
416,4491607.0
417,2021934.0
418,2732645.0
419,1756069.0
420,2097022.0
421,2525375.0
422,2018785.0
423,3261924.0
424,2344689.0
425,2544857.0
426,3004429.0
427,3410878.0
428,2954086.0
429,1882131.0
430,3447890.0
431,3376145.0
432,2097022.0
433,2058644.0
434,3351383.0
435,6313221.0
436,5906596.0
437,2732645.0
438,2525375.0
439,6363241.0
440,4705945.0
441,7217634.0
442,2055379.0
443,1904842.0
444,5500818.0
445,3347767.0
446,8904084.0
447,7592272.0
448,4015749.0
449,3347767.0
450,3248660.0
451,1270499.0
452,4467728.0
453,2675511.0
454,5166635.0
455,3447890.0
456,3982767.0
457,4015749.0
458,2675511.0
459,1619683.0
460,2344689.0
461,2390534.0
462,2058644.0
463,2344689.0
464,3351383.0
465,3351383.0
466,4250553.0
467,3258837.0
468,1756069.0
469,7495092.0
470,6836483.0
471,2675511.0
472,1763231.0
473,3600467.0
474,3258837.0
475,7201784.0
476,1619683.0
477,4780607.0
478,2344689.0
479,1882131.0
480,4952255.0
481,3347767.0
482,1904842.0
483,2058644.0
484,1149870.0
485,3600467.0
486,4429512.0
487,1149870.0
488,1847826.0
489,3351383.0
490,2544857.0
491,2021934.0
492,6313221.0
493,3347767.0
494,2544857.0
495,5525735.0
496,7592272.0
497,2018785.0
498,2344689.0
499,3780019.0
500,4467728.0
501,3258837.0
502,6313221.0
503,4554237.0
504,2371202.0
505,2025297.0
506,3727364.0
507,6313221.0
508,2364478.0
509,4066618.0
510,3426169.0
511,3410878.0
512,1763231.0
513,4888774.0
514,3982767.0
515,1999097.0
516,2021934.0
517,6313221.0
518,2999068.0
519,3982767.0
520,3410878.0
521,6941173.0
522,2058644.0
523,2055379.0
524,2021934.0
525,3028267.0
526,6313221.0
527,5500818.0
528,7592272.0
529,2021934.0
530,1756069.0
531,3780019.0
532,3004429.0
533,6836483.0
534,7217634.0
535,6836483.0
536,4250758.0
537,3218918.0
538,2021934.0
539,3004429.0
540,5595267.0
541,5500818.0
542,3982767.0
543,6313221.0
544,1904842.0
545,2371202.0
546,1999097.0
547,2344689.0
548,7865428.0
549,3004429.0
550,2371202.0
551,8213524.0
552,6923131.0
553,2371202.0
554,8904084.0
555,1149870.0
556,1619683.0
557,3028267.0
558,1756069.0
559,1756069.0
560,1999097.0
561,4491607.0
562,4888774.0
563,3745135.0
564,4250553.0
565,4264176.0
566,1270499.0
567,7592272.0
568,4250553.0
569,5444227.0
570,3347767.0
571,4554237.0
572,6412623.0
573,2058644.0
574,3004429.0
575,8213524.0
576,3347767.0
577,4467728.0
578,3956086.0
579,3426169.0
580,2344689.0
581,3351383.0
582,3956086.0
583,3351383.0
584,2675511.0
585,1756069.0
586,3351383.0
587,2344689.0
588,2021934.0
589,4882985.0
590,4250758.0
591,2383840.0
592,6412623.0
593,5787594.0
594,3261924.0
595,2021934.0
596,4052733.0
597,7592272.0
598,4952255.0
599,2018785.0
600,1149870.0
601,3982767.0
602,2390534.0
603,1270499.0
604,3376145.0
605,1619683.0
606,6313221.0
607,1270499.0
608,8213524.0
609,2344689.0
610,1882131.0
611,2055379.0
612,2021934.0
613,2021934.0
614,2058644.0
615,3261924.0
616,2025297.0
617,6412623.0
618,5906596.0
619,5525735.0
620,3982767.0
621,3347767.0
622,4780607.0
623,5595267.0
624,7495092.0
625,7495092.0
626,4155435.0
627,3028267.0
628,8213524.0
629,2344689.0
630,3347767.0
631,3753720.0
632,6313221.0
633,4250553.0
634,1619683.0
635,3745135.0
636,2018785.0
637,5595267.0
638,2675511.0
639,6836483.0
640,2954086.0
641,2675511.0
642,4250553.0
643,4219263.0
644,3004429.0
645,1882131.0
646,1882131.0
647,2097022.0
648,4136425.0
649,4952255.0
650,1756069.0
651,2364478.0
652,6694797.0
653,7592272.0
654,2058644.0
655,1149870.0
656,2083447.0
657,2021934.0
658,3028267.0
659,4250553.0
660,4554237.0
661,4052733.0
662,8213524.0
663,5435276.0
664,5595267.0
665,3248660.0
666,5525735.0
667,4316715.0
668,3004429.0
669,3778621.0
670,4491607.0
671,3028267.0
672,3600467.0
673,4250758.0
674,2018785.0
675,3982767.0
676,5653753.0
677,4066618.0
678,1149870.0
679,3258837.0
680,2732645.0
681,6694797.0
682,4067566.0
683,3745135.0
684,2383840.0
685,5017319.0
686,2344689.0
687,2021934.0
688,3956086.0
689,2021934.0
690,5500818.0
691,1999097.0
692,2344689.0
693,4491607.0
694,7592272.0
695,5525735.0
696,4250553.0
697,4316715.0
698,3199619.0
699,2999068.0
700,6941173.0
701,8213524.0
702,3347767.0
703,7592272.0
704,2371202.0
705,7217634.0
706,4250758.0
707,7865428.0
708,3600467.0
709,3376145.0
710,2025297.0
711,1904842.0
712,3351383.0
713,1756069.0
714,1999097.0
715,3836721.0
716,1904842.0
717,3258837.0
718,2055379.0
719,7201784.0
720,5966193.0
721,2018785.0
722,4100886.0
723,2097022.0
724,2544857.0
725,2371202.0
726,3778621.0
727,3258837.0
728,2675511.0
729,3248660.0
730,3351383.0
731,4263629.0
732,1999097.0
733,4554237.0
734,4286645.0
735,2344689.0
736,8904084.0
737,2544857.0
738,2738052.0
739,4467728.0
740,6694797.0
741,3939804.0
742,2551252.0
743,2344689.0
744,4491607.0
745,4350573.0
746,1734634.0
747,4052733.0
748,3745135.0
749,2344689.0
750,8904084.0
751,6412623.0
752,1149870.0
753,1734634.0
754,1270499.0
755,1882131.0
756,3351383.0
757,3426169.0
758,2055379.0
759,7592272.0
760,3351383.0
761,3447890.0
762,4888774.0
763,1904842.0
764,1149870.0
765,6694797.0
766,2344689.0
767,4807746.0
768,2993069.0
769,3426169.0
770,2544857.0
771,1999097.0
772,1756069.0
773,5906596.0
774,3004429.0
775,4491607.0
776,3351383.0
777,2993069.0
778,2156098.0
779,4590423.0
780,3780019.0
781,2097022.0
782,2544857.0
783,4491607.0
784,2364478.0
785,3752885.0
786,3939804.0
787,4250553.0
788,2021934.0
789,2344689.0
790,2055379.0
791,4155435.0
792,1619683.0
793,1619683.0
794,2371202.0
795,2058644.0
796,3939804.0
797,2732645.0
798,1270499.0
799,2371202.0
800,3004429.0
801,3939804.0
802,3752885.0
803,3004429.0
804,2021934.0
805,2055379.0
806,2018785.0
807,3784230.0
808,3261924.0
809,3982767.0
810,2344689.0
811,1756069.0
812,5787594.0
813,2021934.0
814,1734634.0
815,7495092.0
816,2544857.0
817,2390534.0
818,3258837.0
819,3752885.0
820,3028267.0
821,3982767.0
822,2738052.0
823,2018785.0
824,1847826.0
825,4250758.0
826,2344689.0
827,1270499.0
828,5595267.0
829,2021934.0
830,7217634.0
831,6694797.0
832,3347767.0
833,4952255.0
834,5500818.0
835,2267425.0
836,3008199.0
837,5286212.0
838,8213524.0
839,3273041.0
840,3600467.0
841,3351383.0
842,3351383.0
843,1882131.0
844,4219263.0
845,4286645.0
846,3426169.0
847,4952255.0
848,1270499.0
849,4952255.0
850,3745135.0
851,2021934.0
852,5461700.0
853,3745135.0
854,4952255.0
855,9262754.0
856,2058644.0
857,3752885.0
858,4067566.0
859,7592272.0
860,1999097.0
861,2018785.0
862,6941173.0
863,1149870.0
864,4554237.0
865,8213524.0
866,2021934.0
867,9262754.0
868,2097022.0
869,2675511.0
870,2083447.0
871,3447890.0
872,7592272.0
873,1734634.0
874,4350573.0
875,6363241.0
876,4250553.0
877,3410878.0
878,2383840.0
879,5525735.0
880,2021934.0
881,3258837.0
882,3780019.0
883,2055379.0
884,2371202.0
885,4491607.0
886,2025297.0
887,2344689.0
888,3351383.0
889,3028267.0
890,4052733.0
891,1270499.0
892,4100886.0
893,1847826.0
894,3778621.0
895,2058644.0
896,2097022.0
897,6313221.0
898,2675511.0
899,4491607.0
900,2792031.0
901,4705945.0
902,6923131.0
903,1149870.0
904,2058644.0
905,1619683.0
906,1904842.0
907,4100886.0
908,2738052.0
909,3447890.0
910,3903884.0
911,2156098.0
912,3351383.0
913,5444227.0
914,2993069.0
915,6363241.0
916,1270499.0
917,2371202.0
918,3727364.0
919,1756069.0
920,1999097.0
921,2021934.0
922,1847826.0
923,5017319.0
924,3028267.0
925,2390534.0
926,3982767.0
927,3727364.0
928,2018785.0
929,1756069.0
930,3351383.0
931,2058644.0
932,2390534.0
933,2344689.0
934,4066618.0
935,5595267.0
936,3600467.0
937,3004429.0
938,5525735.0
939,7592272.0
940,1882131.0
941,2267425.0
942,7865428.0
943,4316715.0
944,1149870.0
945,1270499.0
946,3982767.0
947,1882131.0
948,6941173.0
949,1756069.0
950,1847826.0
951,3780019.0
952,1149870.0
953,3004429.0
954,3778621.0
955,4952255.0
956,3028267.0
957,3347767.0
958,5500818.0
959,6313221.0
960,5525735.0
961,7865428.0
962,2390534.0
963,4491607.0
964,2525375.0
965,1756069.0
966,2156098.0
967,7865428.0
968,1756069.0
969,3447890.0
970,3447890.0
971,2993069.0
972,3004429.0
973,3351383.0
974,3004429.0
975,9262754.0
976,1756069.0
977,2058644.0
978,2058644.0
979,6836483.0
980,3939804.0
981,2999068.0
982,1999097.0
983,4219263.0
984,3199619.0
985,3871344.0
986,2344689.0
987,3218918.0
988,4888774.0
989,6941173.0
990,3347767.0
991,1756069.0
992,2018785.0
993,2675511.0
994,2018785.0
995,2390534.0
996,9262754.0
997,4467728.0
998,2058644.0
999,6836483.0
1000,5166635.0
1001,4250553.0
1002,2021934.0
1003,4350573.0
1004,3982767.0
1005,3982767.0
1006,1847826.0
1007,8213524.0
1008,2083447.0
1009,3410878.0
1010,4467728.0
1011,2525375.0
1012,3810007.0
1013,3939804.0
1014,4888774.0
1015,2544857.0
1016,9652350.0
1017,2025297.0
1018,3351383.0
1019,2058644.0
1020,4250553.0
1021,3351383.0
1022,5435276.0
1023,1904842.0
1024,2025297.0
1025,6836483.0
1026,4780607.0
1027,3273041.0
1028,2390534.0
1029,3447890.0
1030,3600467.0
1031,3351383.0
1032,4250553.0
1033,4651866.0
1034,4015749.0
1035,2544857.0
1036,5017319.0
1037,1619683.0
1038,7592272.0
1039,1756069.0
1040,2021934.0
1041,3600467.0
1042,3261924.0
1043,3410878.0
1044,3351383.0
1045,3956086.0
1046,2344689.0
1047,4705945.0
1048,3939804.0
1049,4067566.0
1050,2675511.0
1051,2390534.0
1052,1270499.0
1053,1270499.0
1054,7201784.0
1055,1763231.0
1056,3939804.0
1057,2058644.0
1058,1734634.0
1059,9652350.0
1060,2058644.0
1061,3778621.0
1062,2021934.0
1063,2058644.0
1064,5435276.0
1065,3004429.0
1066,3410878.0
1067,3745135.0
1068,2383840.0
1069,6313221.0
1070,2058644.0
1071,1999097.0
1072,3745135.0
1073,3426169.0
1074,3778621.0
1075,3426169.0
1076,3273041.0
1077,3004429.0
1078,7592272.0
1079,3199619.0
1080,1999097.0
1081,8213524.0
1082,4250553.0
1083,4491607.0
1084,3447890.0
1085,2792031.0
1086,3939804.0
1087,2792031.0
1088,3410878.0
1089,1619683.0
1090,3982767.0
1091,3780019.0
1092,3982767.0
1093,4491607.0
1094,2055379.0
1095,3261924.0
1096,5166635.0
1097,2021934.0
1098,6363241.0
1099,4882985.0
1100,3745135.0
1101,2018785.0
1102,1270499.0
1103,4250553.0
1104,5525735.0
1105,8213524.0
1106,2993069.0
1107,1904842.0
1108,4015749.0
1109,1847826.0
1110,2344689.0
1111,2021934.0
1112,3004429.0
1113,3600467.0
1114,2371202.0
1115,3600467.0
1116,5435276.0
1117,1882131.0
1118,3258837.0
1119,2021934.0
1120,2018785.0
1121,1763231.0
1122,3410878.0
1123,3347767.0
1124,3745135.0
1125,6313221.0
1126,4155435.0
1127,1882131.0
1128,2675511.0
1129,5017319.0
1130,3982767.0
1131,3982767.0
1132,2732645.0
1133,7592272.0
1134,5500818.0
1135,2021934.0
1136,3426169.0
1137,1149870.0
1138,2021934.0
1139,5966193.0
1140,2097022.0
1141,2551252.0
1142,4952255.0
1143,4467728.0
1144,3600467.0
1145,2364478.0
1146,3956086.0
1147,1149870.0
1148,3199619.0
1149,2018785.0
1150,3218918.0
1151,2021934.0
1152,3780019.0
1153,1149870.0
1154,3447890.0
1155,1270499.0
1156,4015749.0
1157,4952255.0
1158,4052733.0
1159,1847826.0
1160,3410878.0
1161,1149870.0
1162,8213524.0
1163,4250553.0
1164,2675511.0
1165,2021934.0
1166,3028267.0
1167,3426169.0
1168,1619683.0
1169,2344689.0
1170,2792031.0
1171,3248660.0
1172,2993069.0
1173,4155435.0
1174,1270499.0
1175,1999097.0
1176,3376145.0
1177,2738052.0
1178,2551252.0
1179,1847826.0
1180,3218918.0
1181,1882131.0
1182,4705945.0
1183,6363241.0
1184,1270499.0
1185,7201784.0
1186,1847826.0
1187,2021934.0
1188,3347767.0
1189,4015749.0
1190,2344689.0
1191,3347767.0
1192,5595267.0
1193,1619683.0
1194,3347767.0
1195,2018785.0
1196,1756069.0
1197,3004429.0
1198,4067566.0
1199,1270499.0
1200,3347767.0
1201,3778621.0
1202,2344689.0
1203,5595267.0
1204,7217634.0
1205,2344689.0
1206,3752885.0
1207,2058644.0
1208,2383840.0
1209,1904842.0
1210,2544857.0
1211,4554237.0
1212,2544857.0
1213,3199619.0
1214,3008199.0
1215,2097022.0
1216,4882985.0
1217,3745135.0
1218,1756069.0
1219,6313221.0
1220,2544857.0
1221,1904842.0
1222,6694797.0
1223,5787594.0
1224,2018785.0
1225,3982767.0
1226,4052733.0
1227,3347767.0
1228,3452382.0
1229,1999097.0
1230,3727364.0
1231,1999097.0
1232,1619683.0
1233,2954086.0
1234,3727364.0
1235,2055379.0
1236,3956086.0
1237,1270499.0
1238,2675511.0
1239,3351383.0
1240,4350573.0
1241,3248660.0
1242,4491607.0
1243,3445076.0
1244,4807746.0
1245,2344689.0
1246,1270499.0
1247,3939804.0
1248,4100886.0
1249,2390534.0
1250,4015749.0
1251,2371202.0
1252,3956086.0
1253,9262754.0
1254,4250553.0
1255,2792031.0
1256,4350573.0
1257,2058644.0
1258,7217634.0
1259,1999097.0
1260,5444227.0
1261,7495092.0
1262,2551252.0
1263,1734634.0
1264,3956086.0
1265,1882131.0
1266,3004429.0
1267,7865428.0
1268,2792031.0
1269,2018785.0
1270,1619683.0
1271,6313221.0
1272,6313221.0
1273,2021934.0
1274,3273041.0
1275,3600467.0
1276,1756069.0
1277,6363241.0
1278,2021934.0
1279,1270499.0
1280,6412623.0
1281,3351383.0
1282,5161370.0
1283,1619683.0
1284,4705945.0
1285,1847826.0
1286,2738052.0
1287,2954086.0
1288,4554237.0
1289,2371202.0
1290,3347767.0
1291,5435276.0
1292,4052733.0
1293,4705945.0
1294,1756069.0
1295,3780019.0
1296,4316715.0
1297,3218918.0
1298,4554237.0
1299,2544857.0
1300,4491607.0
1301,2097022.0
1302,2544857.0
1303,1999097.0
1304,1999097.0
1305,7217634.0
1306,7217634.0
1307,2390534.0
1308,6694797.0
1309,1756069.0
1310,2018785.0
1311,1904842.0
1312,2058644.0
1313,6363241.0
1314,6836483.0
1315,1847826.0
1316,3248660.0
1317,2267425.0
1318,5435276.0
1319,5461700.0
1320,4554237.0
1321,5653753.0
1322,8904084.0
1323,2732645.0
1324,4100886.0
1325,3004429.0
1326,4052733.0
1327,3727364.0
1328,3982767.0
1329,4952255.0
1330,7495092.0
1331,2021934.0
1332,1847826.0
1333,1149870.0
1334,5787594.0
1335,2390534.0
1336,1756069.0
1337,2344689.0
1338,1619683.0
1339,3982767.0
1340,2267425.0
1341,4100886.0
1342,3347767.0
1343,1999097.0
1344,3347767.0
1345,2021934.0
1346,3982767.0
1347,2018785.0
1348,2267425.0
1349,2156098.0
1350,2018785.0
1351,2021934.0
1352,2344689.0
1353,6782425.0
1354,5595267.0
1355,1756069.0
1356,3956086.0
1357,3939804.0
1358,1149870.0
1359,1619683.0
1360,2675511.0
1361,4705945.0
1362,3004429.0
1363,3004429.0
1364,1847826.0
1365,1756069.0
1366,3347767.0
1367,2371202.0
1368,3939804.0
1369,5444227.0
1370,4350573.0
1371,3982767.0
1372,4052733.0
1373,2675511.0
1374,3939804.0
1375,1847826.0
1376,1999097.0
1377,2993069.0
1378,7865428.0
1379,9262754.0
1380,3004429.0
1381,2018785.0
1382,3258837.0
1383,2021934.0
1384,3004429.0
1385,4952255.0
1386,4590423.0
1387,1270499.0
1388,3426169.0
1389,2371202.0
1390,3248660.0
1391,2993069.0
1392,4882985.0
1393,2267425.0
1394,7495092.0
1395,2544857.0
1396,7592272.0
1397,4491607.0
1398,8630682.0
1399,6694797.0
1400,2954086.0
1401,7217634.0
1402,2525375.0
1403,4590423.0
1404,3410878.0
1405,3818055.0
1406,4067566.0
1407,3410878.0
1408,2344689.0
1409,4554237.0
1410,3727364.0
1411,6412623.0
1412,2058644.0
1413,8904084.0
1414,4250553.0
1415,5595267.0
1416,2018785.0
1417,3004429.0
1418,2390534.0
1419,1149870.0
1420,6836483.0
1421,2018785.0
1422,3004429.0
1423,2390534.0
1424,1734634.0
1425,2551252.0
1426,2055379.0
1427,3982767.0
1428,5595267.0
1429,1270499.0
1430,3347767.0
1431,2732645.0
1432,3410878.0
1433,7592272.0
1434,1763231.0
1435,1756069.0
1436,2018785.0
1437,2058644.0
1438,1270499.0
1439,2525375.0
1440,4491607.0
1441,3982767.0
1442,1756069.0
1443,1847826.0
1444,8213524.0
1445,4264176.0
1446,4316715.0
1447,7592272.0
1448,2675511.0
1449,3410878.0
1450,3347767.0
1451,2267425.0
1452,4350573.0
1453,3351383.0
1454,2021934.0
1455,3982767.0
1456,3745135.0
1457,1999097.0
1458,3426169.0
1459,4491607.0
1460,1270499.0
1461,8213524.0
1462,3164972.0
1463,8213524.0
1464,3004429.0
1465,6694797.0
1466,2097022.0
1467,4052733.0
1468,1847826.0
1469,1149870.0
1470,1149870.0
1471,3351383.0
1472,1847826.0
1473,4263629.0
1474,3028267.0
1475,1734634.0
1476,4350573.0
1477,1756069.0
1478,2344689.0
1479,3836721.0
1480,3028267.0
1481,2021934.0
1482,4467728.0
1483,6694797.0
1484,2058644.0
1485,2675511.0
1486,2021934.0
1487,4491607.0
1488,2364478.0
1489,3004429.0
1490,13575224.0
1491,1619683.0
1492,2954086.0
1493,3982767.0
1494,3218918.0
1495,3347767.0
1496,4052733.0
1497,8213524.0
1498,2025297.0
1499,5595267.0
1500,3376145.0
1501,3939804.0
1502,4350573.0
1503,4590423.0
1504,2525375.0
1505,4651866.0
1506,1756069.0
1507,4491607.0
1508,2544857.0
1509,3410878.0
1510,3199619.0
1511,3780019.0
1512,2525375.0
1513,3347767.0
1514,2156098.0
1515,8213524.0
1516,2058644.0
1517,3982767.0
1518,5906596.0
1519,6694797.0
1520,1149870.0
1521,13575224.0
1522,2058644.0
1523,2156098.0
1524,2021934.0
1525,1904842.0
1526,1847826.0
1527,6694797.0
1528,6412623.0
1529,2544857.0
1530,1882131.0
1531,5286212.0
1532,2390534.0
1533,2021934.0
1534,2675511.0
1535,3347767.0
1536,3956086.0
1537,3570392.0
1538,4250553.0
1539,9652350.0
1540,3956086.0
1541,1999097.0
1542,3347767.0
1543,4052733.0
1544,2018785.0
1545,2390534.0
1546,6923131.0
1547,1619683.0
1548,3939804.0
1549,3982767.0
1550,3028267.0
1551,7495092.0
1552,3410878.0
1553,7592272.0
1554,2371202.0
1555,3982767.0
1556,3410878.0
1557,2551252.0
1558,5444227.0
1559,7592272.0
1560,6941173.0
1561,5906596.0
1562,2732645.0
1563,5595267.0
1564,7592272.0
1565,6782425.0
1566,5595267.0
1567,1149870.0
1568,2544857.0
1569,1847826.0
1570,2097022.0
1571,4250553.0
1572,2097022.0
1573,5787594.0
1574,2097022.0
1575,1149870.0
1576,2525375.0
1577,5017319.0
1578,3351383.0
1579,6313221.0
1580,2021934.0
1581,8213524.0
1582,3351383.0
1583,2055379.0
1584,2344689.0
1585,4350573.0
1586,2055379.0
1587,4467728.0
1588,1756069.0
1589,5595267.0
1590,1756069.0
1591,2732645.0
1592,5906596.0
1593,2021934.0
1594,2390534.0
1595,7865428.0
1596,2544857.0
1597,2544857.0
1598,2954086.0
1599,6412623.0
1600,9652350.0
1601,1999097.0
1602,4250553.0
1603,6694797.0
1604,4491607.0
1605,4651866.0
1606,2021934.0
1607,2097022.0
1608,2551252.0
1609,4250553.0
1610,3836721.0
1611,3347767.0
1612,7592272.0
1613,1756069.0
1614,2525375.0
1615,5595267.0
1616,1756069.0
1617,2675511.0
1618,3347767.0
1619,4015749.0
1620,3351383.0
1621,1149870.0
1622,2018785.0
1623,3745135.0
1624,2267425.0
1625,6782425.0
1626,3752885.0
1627,7201784.0
1628,4882985.0
1629,5500818.0
1630,1619683.0
1631,6923131.0
1632,3347767.0
1633,4052733.0
1634,7592272.0
1635,3871344.0
1636,5461700.0
1637,4316715.0
1638,1763231.0
1639,2551252.0
1640,1756069.0
1641,7592272.0
1642,3164972.0
1643,4286645.0
1644,4250553.0
1645,5595267.0
1646,2097022.0
1647,3410878.0
1648,9262754.0
1649,3410878.0
1650,2344689.0
1651,4250758.0
1652,5166635.0
1653,4263629.0
1654,3410878.0
1655,8213524.0
1656,2371202.0
1657,2993069.0
1658,4350573.0
1659,5595267.0
1660,4350573.0
1661,3445076.0
1662,3028267.0
1663,6313221.0
1664,2732645.0
1665,2738052.0
1666,2371202.0
1667,3745135.0
1668,6412623.0
1669,2390534.0
1670,2544857.0
1671,1999097.0
1672,2738052.0
1673,3600467.0
1674,3745135.0
1675,1847826.0
1676,3028267.0
1677,3600467.0
1678,4015749.0
1679,6694797.0
1680,2058644.0
1681,3410878.0
1682,2344689.0
1683,2058644.0
1684,1999097.0
1685,3218918.0
1686,1763231.0
1687,5017319.0
1688,8213524.0
1689,1756069.0
1690,3347767.0
1691,6313221.0
1692,4467728.0
1693,3410878.0
1694,1734634.0
1695,3600467.0
1696,6694797.0
1697,9652350.0
1698,2993069.0
1699,2058644.0
1700,3426169.0
1701,4807746.0
1702,3410878.0
1703,1756069.0
1704,2544857.0
1705,4952255.0
1706,8213524.0
1707,3982767.0
1708,6923131.0
1709,3351383.0
1710,1763231.0
1711,16549064.0
1712,5787594.0
1713,3426169.0
1714,2018785.0
1715,5286212.0
1716,3004429.0
1717,2021934.0
1718,3410878.0
1719,2954086.0
1720,3410878.0
1721,3982767.0
1722,2544857.0
1723,1149870.0
1724,1882131.0
1725,2525375.0
1726,6694797.0
1727,3956086.0
1728,8894598.0
1729,6412623.0
1730,4554237.0
1731,1619683.0
1732,4136425.0
1733,4219263.0
1734,6836483.0
1735,6923131.0
1736,4467728.0
1737,4491607.0
1738,4250758.0
1739,3004429.0
1740,2344689.0
1741,3982767.0
1742,2544857.0
1743,4052733.0
1744,1763231.0
1745,2021934.0
1746,2021934.0
1747,4264176.0
1748,4264176.0
1749,3410878.0
1750,1999097.0
1751,2025297.0
1752,3351383.0
1753,2097022.0
1754,4100886.0
1755,3004429.0
1756,3956086.0
1757,1756069.0
1758,1999097.0
1759,4705945.0
1760,6941173.0
1761,4590423.0
1762,2021934.0
1763,6412623.0
1764,2732645.0
1765,2097022.0
1766,4952255.0
1767,4052733.0
1768,5595267.0
1769,1847826.0
1770,3939804.0
1771,2544857.0
1772,1270499.0
1773,4066618.0
1774,1999097.0
1775,1270499.0
1776,9652350.0
1777,3351383.0
1778,1847826.0
1779,3273041.0
1780,3745135.0
1781,2792031.0
1782,4250553.0
1783,3351383.0
1784,3351383.0
1785,4807746.0
1786,1756069.0
1787,4350573.0
1788,7592272.0
1789,7495092.0
1790,1763231.0
1791,6412623.0
1792,3347767.0
1793,3004429.0
1794,3410878.0
1795,2344689.0
1796,1756069.0
1797,2018785.0
1798,3982767.0
1799,2021934.0
1800,1270499.0
1801,1756069.0
1802,1734634.0
1803,2021934.0
1804,4066618.0
1805,2525375.0
1806,1847826.0
1807,3939804.0
1808,7201784.0
1809,8213524.0
1810,8213524.0
1811,7217634.0
1812,4052733.0
1813,2344689.0
1814,3410878.0
1815,3248660.0
1816,3836721.0
1817,2675511.0
1818,3004429.0
1819,5444227.0
1820,2055379.0
1821,2390534.0
1822,4705945.0
1823,2738052.0
1824,3410878.0
1825,3410878.0
1826,2390534.0
1827,3008199.0
1828,2732645.0
1829,1756069.0
1830,3600467.0
1831,1149870.0
1832,2792031.0
1833,1149870.0
1834,2544857.0
1835,3351383.0
1836,3347767.0
1837,4554237.0
1838,4705945.0
1839,3982767.0
1840,2344689.0
1841,2344689.0
1842,5166635.0
1843,1999097.0
1844,1149870.0
1845,2097022.0
1846,2738052.0
1847,4888774.0
1848,6313221.0
1849,2525375.0
1850,2018785.0
1851,3410878.0
1852,2018785.0
1853,3836721.0
1854,2058644.0
1855,4250553.0
1856,3004429.0
1857,2792031.0
1858,1882131.0
1859,2390534.0
1860,5337526.0
1861,2267425.0
1862,16549064.0
1863,4066618.0
1864,2544857.0
1865,2390534.0
1866,2058644.0
1867,5595267.0
1868,2371202.0
1869,2058644.0
1870,2097022.0
1871,8213524.0
1872,3199619.0
1873,3445076.0
1874,8904084.0
1875,1149870.0
1876,3727364.0
1877,2058644.0
1878,5017319.0
1879,4066618.0
1880,5525735.0
1881,3351383.0
1882,2021934.0
1883,4264176.0
1884,3982767.0
1885,2025297.0
1886,4067566.0
1887,3351383.0
1888,1619683.0
1889,2371202.0
1890,4052733.0
1891,4250758.0
1892,2954086.0
1893,2267425.0
1894,3836721.0
1895,1619683.0
1896,4067566.0
1897,2267425.0
1898,8213524.0
1899,1756069.0
1900,4264176.0
1901,3004429.0
1902,2738052.0
1903,4882985.0
1904,2993069.0
1905,3261924.0
1906,2740687.0
1907,2383840.0
1908,2055379.0
1909,2999068.0
1910,3410878.0
1911,8213524.0
1912,3347767.0
1913,3600467.0
1914,4350573.0
1915,4705945.0
1916,3004429.0
1917,2267425.0
1918,3780019.0
1919,2390534.0
1920,8904084.0
1921,9262754.0
1922,3347767.0
1923,2097022.0
1924,1882131.0
1925,4491607.0
1926,6694797.0
1927,1999097.0
1928,4467728.0
1929,2732645.0
1930,4015749.0
1931,6694797.0
1932,3347767.0
1933,3600467.0
1934,1270499.0
1935,1270499.0
1936,7201784.0
1937,6412623.0
1938,2732645.0
1939,3600467.0
1940,4491607.0
1941,6923131.0
1942,2390534.0
1943,4052733.0
1944,6313221.0
1945,4264176.0
1946,3351383.0
1947,1847826.0
1948,2993069.0
1949,3199619.0
1950,3410878.0
1951,2383840.0
1952,1999097.0
1953,5595267.0
1954,4807746.0
1955,1270499.0
1956,2993069.0
1957,3727364.0
1958,5525735.0
1959,5500818.0
1960,1999097.0
1961,1882131.0
1962,5166635.0
1963,1904842.0
1964,3836721.0
1965,1756069.0
1966,2390534.0
1967,6694797.0
1968,3982767.0
1969,4250553.0
1970,4467728.0
1971,3004429.0
1972,2544857.0
1973,3410878.0
1974,3727364.0
1975,6412623.0
1976,4780607.0
1977,3347767.0
1978,3347767.0
1979,5166635.0
1980,8213524.0
1981,3410878.0
1982,3028267.0
1983,6923131.0
1984,7217634.0
1985,3939804.0
1986,4807746.0
1987,2083447.0
1988,3807496.0
1989,8213524.0
1990,2544857.0
1991,7495092.0
1992,3351383.0
1993,8213524.0
1994,2390534.0
1995,3351383.0
1996,1847826.0
1997,3261924.0
1998,6412623.0
1999,3939804.0
2000,4705945.0
2001,4590423.0
2002,1847826.0
2003,1619683.0
2004,3347767.0
2005,4807746.0
2006,2097022.0
2007,2344689.0
2008,2732645.0
2009,1270499.0
2010,3261924.0
2011,1999097.0
2012,2025297.0
2013,4015749.0
2014,2021934.0
2015,3447890.0
2016,5595267.0
2017,7865428.0
2018,2021934.0
2019,4705945.0
2020,6694797.0
2021,5595267.0
2022,5525735.0
2023,1270499.0
2024,1882131.0
2025,2364478.0
2026,4015749.0
2027,7865428.0
2028,2999068.0
2029,2058644.0
2030,3426169.0
2031,1619683.0
2032,1270499.0
2033,1270499.0
2034,4705945.0
2035,3347767.0
2036,2525375.0
2037,8904084.0
2038,3447890.0
2039,2993069.0
2040,1619683.0
2041,2058644.0
2042,3426169.0
2043,3600467.0
2044,7592272.0
2045,7592272.0
2046,2390534.0
2047,2383840.0
2048,3347767.0
2049,3445076.0
2050,2544857.0
2051,5525735.0
2052,1756069.0
2053,3727364.0
2054,7217634.0
2055,1149870.0
2056,4067566.0
2057,2993069.0
2058,4882985.0
2059,2390534.0
2060,4952255.0
2061,2732645.0
2062,2055379.0
2063,2156098.0
2064,3199619.0
2065,2390534.0
2066,3727364.0
2067,5906596.0
2068,3447890.0
2069,1763231.0
2070,3347767.0
2071,3982767.0
2072,8213524.0
2073,2732645.0
2074,3956086.0
2075,1904842.0
2076,3452382.0
2077,1149870.0
2078,6923131.0
2079,2025297.0
2080,3939804.0
2081,3376145.0
2082,2551252.0
2083,2993069.0
2084,1904842.0
2085,2390534.0
2086,4554237.0
2087,6923131.0
2088,3780019.0
2089,3410878.0
2090,5435276.0
2091,4350573.0
2092,4250553.0
2093,4052733.0
2094,2156098.0
2095,4263629.0
2096,1756069.0
2097,4491607.0
2098,5166635.0
2099,3745135.0
2100,2344689.0
2101,2018785.0
2102,3028267.0
2103,3347767.0
2104,1882131.0
2105,3376145.0
2106,3004429.0
2107,2025297.0
2108,1847826.0
2109,7592272.0
2110,3600467.0
2111,4590423.0
2112,2021934.0
2113,2344689.0
2114,2097022.0
2115,4491607.0
2116,3410878.0
2117,4066618.0
2118,7865428.0
2119,4067566.0
2120,1756069.0
2121,4066618.0
2122,3939804.0
2123,2675511.0
2124,2954086.0
2125,4264176.0
2126,9262754.0
2127,1847826.0
2128,8894598.0
2129,1882131.0
2130,3982767.0
2131,2525375.0
2132,4429512.0
2133,2021934.0
2134,6363241.0
2135,3004429.0
2136,1763231.0
2137,4052733.0
2138,3982767.0
2139,1999097.0
2140,2344689.0
2141,4554237.0
2142,4052733.0
2143,7495092.0
2144,2544857.0
2145,4705945.0
2146,3447890.0
2147,3939804.0
2148,4219263.0
2149,4705945.0
2150,2344689.0
2151,5337526.0
2152,2738052.0
2153,3248660.0
2154,3982767.0
2155,7495092.0
2156,3447890.0
2157,2156098.0
2158,2344689.0
2159,3347767.0
2160,2740687.0
2161,4100886.0
2162,6836483.0
2163,2371202.0
2164,2544857.0
2165,5444227.0
2166,6363241.0
2167,3028267.0
2168,4263629.0
2169,7495092.0
2170,3447890.0
2171,3982767.0
2172,2344689.0
2173,1847826.0
2174,7865428.0
2175,1734634.0
2176,2993069.0
2177,1999097.0
2178,2018785.0
2179,2267425.0
2180,1847826.0
2181,3727364.0
2182,7217634.0
2183,3836721.0
2184,2018785.0
2185,2267425.0
2186,2390534.0
2187,2018785.0
2188,2021934.0
2189,3004429.0
2190,3351383.0
2191,3939804.0
2192,2018785.0
2193,8213524.0
2194,1999097.0
2195,2390534.0
2196,5435276.0
2197,3028267.0
2198,2344689.0
2199,1149870.0
2200,3600467.0
2201,2792031.0
2202,3810007.0
2203,1270499.0
2204,1149870.0
2205,1734634.0
2206,2021934.0
2207,6836483.0
2208,7495092.0
2209,6923131.0
2210,2021934.0
2211,2993069.0
2212,3199619.0
2213,2267425.0
2214,6412623.0
2215,3982767.0
2216,3004429.0
2217,5595267.0
2218,3447890.0
2219,6313221.0
2220,3939804.0
2221,2344689.0
2222,2097022.0
2223,2025297.0
2224,3351383.0
2225,3351383.0
2226,4467728.0
2227,2021934.0
2228,3351383.0
2229,1756069.0
2230,4467728.0
2231,3939804.0
2232,3752885.0
2233,5906596.0
2234,2792031.0
2235,6694797.0
2236,4350573.0
2237,4952255.0
2238,2792031.0
2239,2371202.0
2240,3376145.0
2241,3004429.0
2242,3261924.0
2243,2055379.0
2244,3807496.0
2245,4250553.0
2246,1270499.0
2247,1904842.0
2248,2738052.0
2249,5906596.0
2250,4219263.0
2251,2993069.0
2252,3780019.0
2253,4066618.0
2254,2544857.0
2255,2390534.0
2256,5017319.0
2257,3008199.0
2258,2021934.0
2259,2021934.0
2260,2344689.0
2261,4780607.0
2262,4554237.0
2263,1270499.0
2264,4100886.0
2265,3745135.0
2266,2021934.0
2267,1149870.0
2268,6941173.0
2269,3004429.0
2270,4067566.0
2271,7592272.0
2272,3028267.0
2273,3376145.0
2274,5461700.0
2275,4952255.0
2276,2344689.0
2277,2344689.0
2278,3956086.0
2279,2732645.0
2280,1734634.0
2281,1847826.0
2282,3347767.0
2283,5461700.0
2284,2156098.0
2285,2267425.0
2286,2097022.0
2287,3410878.0
2288,4807746.0
2289,8213524.0
2290,7495092.0
2291,5461700.0
2292,2058644.0
2293,3982767.0
2294,2344689.0
2295,1999097.0
2296,2058644.0
2297,7495092.0
2298,5525735.0
2299,1149870.0
2300,2675511.0
2301,3248660.0
2302,2025297.0
2303,1756069.0
2304,1756069.0
2305,3836721.0
2306,2156098.0
2307,7495092.0
2308,1756069.0
2309,3004429.0
2310,3778621.0
2311,6694797.0
2312,3410878.0
2313,3248660.0
2314,2792031.0
2315,2344689.0
2316,2344689.0
2317,3836721.0
2318,7217634.0
2319,4316715.0
2320,4219263.0
2321,3982767.0
2322,2732645.0
2323,2021934.0
2324,1847826.0
2325,2021934.0
2326,1734634.0
2327,2021934.0
2328,2018785.0
2329,2525375.0
2330,3218918.0
2331,2390534.0
2332,7865428.0
2333,3351383.0
2334,6412623.0
2335,2732645.0
2336,2058644.0
2337,1619683.0
2338,5906596.0
2339,3939804.0
2340,3376145.0
2341,9262754.0
2342,5444227.0
2343,3956086.0
2344,4316715.0
2345,4467728.0
2346,1270499.0
2347,3376145.0
2348,1619683.0
2349,1734634.0
2350,2156098.0
2351,2021934.0
2352,1756069.0
2353,3008199.0
2354,6694797.0
2355,5595267.0
2356,3248660.0
2357,1763231.0
2358,3447890.0
2359,2344689.0
2360,5595267.0
2361,2021934.0
2362,1149870.0
2363,1847826.0
2364,7217634.0
2365,2055379.0
2366,3199619.0
2367,3600467.0
2368,7592272.0
2369,2267425.0
2370,2390534.0
2371,3426169.0
2372,3004429.0
2373,3445076.0
2374,2390534.0
2375,3004429.0
2376,7495092.0
2377,5595267.0
2378,3982767.0
2379,2097022.0
2380,4807746.0
2381,3426169.0
2382,4052733.0
2383,4882985.0
2384,3410878.0
2385,2097022.0
2386,3445076.0
2387,3982767.0
2388,4250553.0
2389,2058644.0
2390,1882131.0
2391,3004429.0
2392,6941173.0
2393,1882131.0
2394,3600467.0
2395,3600467.0
2396,4491607.0
2397,4467728.0
2398,3780019.0
2399,1734634.0
2400,4705945.0
2401,3745135.0
2402,2055379.0
2403,1756069.0
2404,5595267.0
2405,3982767.0
2406,3248660.0
2407,5166635.0
2408,2344689.0
2409,4350573.0
2410,7201784.0
2411,4067566.0
2412,2371202.0
2413,3447890.0
2414,3004429.0
2415,3727364.0
2416,4067566.0
2417,3004429.0
2418,3903884.0
2419,2371202.0
2420,2021934.0
2421,3410878.0
2422,7495092.0
2423,1882131.0
2424,6836483.0
2425,3347767.0
2426,1149870.0
2427,3410878.0
2428,4100886.0
2429,2544857.0
2430,3376145.0
2431,7495092.0
2432,2018785.0
2433,3410878.0
2434,5500818.0
2435,4015749.0
2436,2058644.0
2437,4491607.0
2438,1149870.0
2439,3445076.0
2440,7217634.0
2441,4264176.0
2442,3600467.0
2443,7217634.0
2444,3351383.0
2445,3903884.0
2446,2021934.0
2447,2055379.0
2448,5500818.0
2449,3727364.0
2450,2544857.0
2451,3727364.0
2452,2544857.0
2453,4067566.0
2454,2058644.0
2455,2018785.0
2456,4067566.0
2457,3273041.0
2458,4491607.0
2459,2544857.0
2460,3199619.0
2461,2371202.0
2462,3836721.0
2463,2058644.0
2464,3347767.0
2465,7495092.0
2466,5525735.0
2467,2021934.0
2468,5444227.0
2469,4467728.0
2470,3447890.0
2471,5525735.0
2472,5017319.0
2473,3410878.0
2474,4780607.0
2475,2058644.0
2476,3347767.0
2477,3258837.0
2478,2344689.0
2479,5525735.0
2480,2675511.0
2481,4250553.0
2482,1847826.0
2483,3445076.0
2484,3784230.0
2485,7592272.0
2486,3982767.0
2487,6694797.0
2488,6923131.0
2489,1756069.0
2490,1619683.0
2491,2544857.0
2492,2018785.0
2493,3903884.0
2494,3745135.0
2495,1270499.0
2496,7495092.0
2497,2344689.0
2498,2055379.0
2499,2525375.0
2500,2544857.0
2501,8213524.0
2502,2018785.0
2503,3351383.0
2504,2371202.0
2505,3600467.0
2506,3004429.0
2507,2018785.0
2508,1999097.0
2509,3778621.0
2510,2390534.0
2511,3347767.0
2512,2390534.0
2513,2083447.0
2514,2792031.0
2515,4491607.0
2516,2344689.0
2517,6694797.0
2518,2156098.0
2519,5017319.0
2520,1904842.0
2521,3004429.0
2522,2267425.0
2523,2383840.0
2524,4882985.0
2525,5525735.0
2526,6412623.0
2527,3600467.0
2528,2018785.0
2529,2371202.0
2530,3004429.0
2531,3982767.0
2532,3004429.0
2533,4066618.0
2534,2021934.0
2535,1619683.0
2536,7592272.0
2537,2383840.0
2538,4952255.0
2539,3982767.0
2540,2390534.0
2541,3248660.0
2542,3347767.0
2543,3258837.0
2544,9262754.0
2545,4316715.0
2546,3982767.0
2547,5337526.0
2548,2344689.0
2549,4052733.0
2550,1756069.0
2551,3028267.0
2552,8213524.0
2553,4705945.0
2554,2675511.0
2555,3347767.0
2556,2058644.0
2557,3351383.0
2558,4015749.0
2559,1847826.0
2560,2058644.0
2561,1763231.0
2562,1756069.0
2563,2544857.0
2564,8213524.0
2565,1756069.0
2566,6941173.0
2567,3347767.0
2568,1270499.0
2569,2156098.0
2570,3939804.0
2571,2018785.0
2572,1847826.0
2573,1734634.0
2574,2371202.0
2575,1756069.0
2576,2018785.0
2577,2344689.0
2578,4250553.0
2579,2544857.0
2580,1270499.0
2581,5787594.0
2582,4067566.0
2583,2021934.0
2584,3784230.0
2585,3347767.0
2586,6412623.0
2587,3410878.0
2588,1847826.0
2589,7495092.0
2590,1882131.0
2591,2021934.0
2592,3410878.0
2593,2390534.0
2594,3028267.0
2595,3982767.0
2596,3351383.0
2597,3028267.0
2598,4100886.0
2599,8904084.0
2600,6941173.0
2601,1756069.0
2602,2267425.0
2603,2021934.0
2604,6313221.0
2605,4263629.0
2606,3956086.0
2607,5595267.0
2608,3600467.0
2609,3982767.0
2610,1763231.0
2611,2156098.0
2612,5525735.0
2613,2097022.0
2614,2097022.0
2615,2025297.0
2616,4316715.0
2617,3426169.0
2618,5500818.0
2619,2267425.0
2620,3982767.0
2621,2525375.0
2622,4136425.0
2623,4052733.0
2624,4590423.0
2625,2675511.0
2626,2018785.0
2627,4350573.0
2628,6363241.0
2629,3351383.0
2630,1756069.0
2631,5161370.0
2632,2021934.0
2633,2021934.0
2634,3445076.0
2635,3410878.0
2636,1149870.0
2637,2097022.0
2638,2097022.0
2639,3410878.0
2640,1270499.0
2641,1149870.0
2642,2732645.0
2643,3447890.0
2644,7495092.0
2645,3778621.0
2646,3351383.0
2647,3752885.0
2648,4286645.0
2649,3982767.0
2650,2097022.0
2651,2675511.0
2652,1999097.0
2653,4052733.0
2654,3164972.0
2655,3004429.0
2656,7592272.0
2657,2344689.0
2658,4705945.0
2659,5525735.0
2660,3447890.0
2661,3778621.0
2662,3410878.0
2663,3807496.0
2664,7201784.0
2665,8213524.0
2666,1270499.0
2667,4590423.0
2668,3028267.0
2669,2018785.0
2670,2544857.0
2671,1619683.0
2672,3727364.0
2673,1882131.0
2674,3248660.0
2675,1270499.0
2676,3351383.0
2677,3956086.0
2678,1847826.0
2679,3600467.0
2680,2058644.0
2681,3745135.0
2682,2156098.0
2683,6412623.0
2684,2267425.0
2685,7495092.0
2686,2675511.0
2687,9262754.0
2688,1882131.0
2689,2097022.0
2690,3600467.0
2691,4952255.0
2692,2055379.0
2693,3982767.0
2694,4554237.0
2695,2018785.0
2696,5595267.0
2697,2018785.0
2698,4066618.0
2699,13575224.0
2700,5337526.0
2701,4067566.0
2702,1619683.0
2703,2267425.0
2704,4052733.0
2705,1882131.0
2706,3273041.0
2707,2055379.0
2708,3752885.0
2709,1270499.0
2710,3903884.0
2711,4067566.0
2712,3982767.0
2713,4219263.0
2714,1734634.0
2715,2058644.0
2716,2097022.0
2717,2025297.0
2718,4882985.0
2719,1904842.0
2720,3982767.0
2721,3600467.0
2722,3248660.0
2723,3004429.0
2724,2390534.0
2725,3956086.0
2726,1149870.0
2727,7592272.0
2728,4052733.0
2729,3600467.0
2730,6836483.0
2731,3410878.0
2732,1763231.0
2733,5435276.0
2734,3836721.0
2735,9262754.0
2736,3410878.0
2737,3600467.0
2738,4052733.0
2739,7592272.0
2740,3982767.0
2741,7495092.0
2742,7217634.0
2743,4250553.0
2744,2156098.0
2745,6782425.0
2746,1270499.0
2747,3347767.0
2748,3347767.0
2749,3956086.0
2750,3426169.0
2751,3004429.0
2752,3261924.0
2753,3351383.0
2754,3248660.0
2755,3745135.0
2756,2025297.0
2757,3004429.0
2758,2021934.0
2759,6313221.0
2760,3273041.0
2761,1619683.0
2762,1999097.0
2763,1756069.0
2764,1999097.0
2765,6941173.0
2766,3752885.0
2767,3447890.0
2768,1619683.0
2769,5161370.0
2770,3426169.0
2771,3745135.0
2772,3351383.0
2773,3780019.0
2774,3939804.0
2775,3600467.0
2776,7592272.0
2777,2018785.0
2778,2792031.0
2779,2364478.0
2780,9262754.0
2781,3004429.0
2782,2732645.0
2783,1619683.0
2784,4066618.0
2785,5337526.0
2786,4888774.0
2787,2021934.0
2788,3410878.0
2789,2055379.0
2790,7201784.0
2791,3347767.0
2792,2344689.0
2793,6412623.0
2794,5595267.0
2795,1847826.0
2796,1999097.0
2797,2018785.0
2798,3347767.0
2799,3347767.0
2800,2732645.0
2801,3745135.0
2802,3956086.0
2803,2021934.0
2804,2021934.0
2805,6923131.0
2806,3956086.0
2807,3008199.0
2808,3447890.0
2809,1756069.0
2810,2018785.0
2811,2018785.0
2812,2390534.0
2813,1619683.0
2814,3426169.0
2815,3807496.0
2816,5166635.0
2817,5525735.0
2818,2383840.0
2819,4780607.0
2820,5161370.0
2821,2097022.0
2822,2675511.0
2823,1756069.0
2824,7592272.0
2825,3028267.0
2826,1882131.0
2827,2344689.0
2828,3745135.0
2829,3410878.0
2830,6836483.0
2831,1756069.0
2832,4067566.0
2833,7495092.0
2834,1882131.0
2835,1619683.0
2836,3410878.0
2837,5166635.0
2838,3778621.0
2839,3376145.0
2840,2732645.0
2841,2993069.0
2842,3004429.0
2843,2344689.0
2844,4263629.0
2845,3727364.0
2846,3956086.0
2847,3727364.0
2848,2058644.0
2849,4067566.0
2850,2021934.0
2851,3745135.0
2852,4316715.0
2853,3903884.0
2854,5166635.0
2855,5595267.0
2856,3778621.0
2857,1149870.0
2858,1619683.0
2859,4219263.0
2860,3745135.0
2861,4780607.0
2862,3004429.0
2863,1763231.0
2864,3982767.0
2865,5595267.0
2866,3376145.0
2867,9262754.0
2868,1904842.0
2869,1149870.0
2870,3248660.0
2871,4264176.0
2872,1999097.0
2873,5017319.0
2874,2055379.0
2875,3347767.0
2876,3982767.0
2877,5017319.0
2878,4554237.0
2879,4250758.0
2880,1904842.0
2881,3347767.0
2882,4100886.0
2883,3410878.0
2884,3982767.0
2885,1763231.0
2886,3410878.0
2887,2097022.0
2888,3004429.0
2889,2675511.0
2890,2097022.0
2891,3028267.0
2892,4264176.0
2893,3004429.0
2894,2390534.0
2895,3778621.0
2896,4286645.0
2897,3004429.0
2898,4316715.0
2899,4952255.0
2900,6412623.0
2901,6694797.0
2902,6941173.0
2903,3273041.0
2904,1882131.0
2905,3956086.0
2906,1756069.0
2907,4350573.0
2908,3347767.0
2909,8213524.0
2910,2675511.0
2911,2058644.0
2912,4554237.0
2913,3600467.0
2914,7201784.0
2915,3004429.0
2916,1756069.0
2917,6923131.0
2918,3258837.0
2919,1756069.0
2920,2344689.0
2921,2025297.0
2922,4015749.0
2923,2021934.0
2924,3956086.0
2925,6923131.0
2926,6923131.0
2927,5161370.0
2928,4429512.0
2929,3753720.0
2930,4219263.0
2931,4316715.0
2932,2344689.0
2933,2993069.0
2934,3347767.0
2935,6363241.0
2936,5525735.0
2937,2675511.0
2938,3347767.0
2939,1270499.0
2940,2383840.0
2941,3347767.0
2942,2544857.0
2943,1270499.0
2944,4491607.0
2945,1882131.0
2946,3939804.0
2947,3745135.0
2948,2156098.0
2949,3445076.0
2950,3778621.0
2951,2390534.0
2952,7201784.0
2953,3410878.0
2954,1149870.0
2955,3004429.0
2956,4015749.0
2957,3410878.0
2958,3347767.0
2959,2999068.0
2960,3982767.0
2961,6363241.0
2962,2993069.0
2963,3410878.0
2964,8213524.0
2965,3752885.0
2966,2055379.0
2967,6941173.0
2968,4067566.0
2969,2018785.0
2970,2058644.0
2971,2021934.0
2972,3410878.0
2973,5787594.0
2974,6941173.0
2975,3600467.0
2976,3836721.0
2977,2383840.0
2978,2156098.0
2979,3745135.0
2980,7592272.0
2981,4780607.0
2982,4316715.0
2983,3778621.0
2984,4066618.0
2985,7201784.0
2986,3745135.0
2987,4250553.0
2988,4250553.0
2989,3956086.0
2990,2344689.0
2991,2097022.0
2992,6923131.0
2993,4705945.0
2994,1999097.0
2995,4491607.0
2996,6941173.0
2997,1619683.0
2998,6313221.0
2999,2383840.0
3000,1756069.0
3001,7592272.0
3002,2018785.0
3003,2390534.0
3004,9262754.0
3005,2525375.0
3006,7217634.0
3007,1619683.0
3008,8213524.0
3009,3956086.0
3010,5161370.0
3011,2371202.0
3012,2344689.0
3013,4807746.0
3014,1270499.0
3015,2732645.0
3016,3347767.0
3017,5595267.0
3018,1999097.0
3019,1756069.0
3020,6923131.0
3021,2021934.0
3022,3347767.0
3023,4888774.0
3024,3939804.0
3025,1619683.0
3026,4015749.0
3027,2058644.0
3028,3028267.0
3029,2097022.0
3030,4952255.0
3031,2993069.0
3032,1149870.0
3033,1756069.0
3034,3426169.0
3035,2058644.0
3036,5444227.0
3037,3982767.0
3038,2055379.0
3039,3939804.0
3040,4491607.0
3041,4100886.0
3042,2390534.0
3043,3600467.0
3044,3347767.0
3045,3347767.0
3046,7201784.0
3047,3836721.0
3048,3248660.0
3049,1882131.0
3050,2083447.0
3051,3445076.0
3052,5166635.0
3053,4264176.0
3054,2993069.0
3055,5017319.0
3056,2525375.0
3057,2364478.0
3058,3347767.0
3059,2390534.0
3060,4052733.0
3061,3753720.0
3062,1756069.0
3063,4052733.0
3064,3004429.0
3065,4705945.0
3066,3347767.0
3067,3376145.0
3068,4780607.0
3069,3004429.0
3070,3836721.0
3071,9652350.0
3072,1999097.0
3073,7217634.0
3074,1756069.0
3075,5525735.0
3076,2058644.0
3077,3410878.0
3078,3727364.0
3079,3836721.0
3080,4015749.0
3081,1619683.0
3082,5525735.0
3083,9262754.0
3084,1734634.0
3085,5595267.0
3086,3956086.0
3087,2792031.0
3088,3818055.0
3089,1149870.0
3090,9262754.0
3091,2267425.0
3092,2525375.0
3093,5017319.0
3094,6836483.0
3095,2055379.0
3096,1270499.0
3097,5017319.0
3098,2018785.0
3099,3410878.0
3100,1882131.0
3101,3447890.0
3102,2525375.0
3103,5595267.0
3104,2018785.0
3105,1756069.0
3106,3836721.0
3107,1882131.0
3108,5500818.0
3109,6412623.0
3110,4052733.0
3111,4554237.0
3112,2544857.0
3113,3447890.0
3114,2993069.0
3115,3727364.0
3116,3410878.0
3117,3447890.0
3118,7592272.0
3119,3447890.0
3120,2390534.0
3121,3426169.0
3122,2344689.0
3123,2058644.0
3124,4491607.0
3125,5525735.0
3126,2792031.0
3127,2344689.0
3128,2344689.0
3129,2792031.0
3130,3248660.0
3131,2525375.0
3132,1847826.0
3133,7217634.0
3134,4015749.0
3135,4286645.0
3136,4590423.0
3137,5444227.0
3138,2097022.0
3139,5787594.0
3140,1756069.0
3141,5525735.0
3142,4350573.0
3143,8630682.0
3144,9652350.0
3145,6836483.0
3146,3004429.0
3147,2018785.0
3148,4491607.0
3149,2058644.0
3150,1763231.0
3151,2344689.0
3152,3028267.0
3153,3199619.0
3154,5595267.0
3155,3347767.0
3156,2058644.0
3157,1270499.0
3158,3258837.0
3159,3727364.0
3160,3351383.0
3161,1763231.0
3162,4052733.0
3163,3727364.0
3164,2058644.0
3165,3780019.0
3166,2025297.0
3167,3447890.0
3168,2267425.0
3169,3752885.0
3170,1756069.0
3171,8213524.0
3172,1619683.0
3173,3778621.0
3174,2371202.0
3175,1904842.0
3176,3982767.0
3177,4250553.0
3178,5595267.0
3179,5444227.0
3180,4590423.0
3181,3600467.0
3182,3939804.0
3183,4264176.0
3184,3982767.0
3185,2021934.0
3186,3982767.0
3187,3347767.0
3188,1270499.0
3189,8213524.0
3190,3351383.0
3191,3273041.0
3192,1734634.0
3193,8213524.0
3194,1756069.0
3195,3004429.0
3196,3376145.0
3197,3600467.0
3198,2055379.0
3199,1999097.0
3200,4155435.0
3201,2025297.0
3202,3600467.0
3203,6836483.0
3204,3351383.0
3205,4015749.0
3206,2544857.0
3207,2551252.0
3208,6363241.0
3209,1756069.0
3210,9262754.0
3211,3982767.0
3212,4429512.0
3213,3600467.0
3214,4780607.0
3215,3836721.0
3216,6412623.0
3217,2083447.0
3218,1270499.0
3219,3410878.0
3220,2344689.0
3221,2267425.0
3222,4554237.0
3223,2025297.0
3224,1619683.0
3225,1270499.0
3226,2097022.0
3227,1619683.0
3228,1904842.0
3229,3956086.0
3230,1619683.0
3231,6363241.0
3232,2344689.0
3233,3410878.0
3234,6941173.0
3235,2267425.0
3236,1882131.0
3237,1756069.0
3238,2021934.0
3239,3410878.0
3240,3600467.0
3241,7592272.0
3242,1149870.0
3243,3836721.0
3244,2025297.0
3245,6941173.0
3246,1270499.0
3247,2021934.0
3248,9262754.0
3249,2525375.0
3250,1882131.0
3251,4250758.0
3252,8904084.0
3253,6363241.0
3254,6836483.0
3255,3004429.0
3256,8213524.0
3257,2344689.0
3258,4888774.0
3259,4316715.0
3260,6836483.0
3261,7592272.0
3262,6363241.0
3263,3752885.0
3264,3939804.0
3265,4491607.0
3266,1999097.0
3267,13575224.0
3268,3028267.0
3269,3784230.0
3270,2738052.0
3271,3982767.0
3272,2021934.0
3273,3426169.0
3274,1149870.0
3275,1270499.0
3276,2390534.0
3277,3939804.0
3278,5595267.0
3279,6412623.0
3280,4316715.0
3281,2018785.0
3282,2675511.0
3283,4554237.0
3284,1999097.0
3285,4705945.0
3286,4554237.0
3287,3410878.0
3288,5161370.0
3289,1270499.0
3290,3780019.0
3291,1270499.0
3292,3939804.0
3293,3004429.0
3294,2999068.0
3295,2156098.0
3296,5525735.0
3297,4250553.0
3298,3982767.0
3299,5444227.0
3300,8213524.0
3301,3410878.0
3302,3410878.0
3303,6923131.0
3304,2021934.0
3305,3028267.0
3306,1734634.0
3307,5525735.0
3308,4554237.0
3309,3600467.0
3310,4067566.0
3311,4705945.0
3312,1763231.0
3313,4888774.0
3314,2344689.0
3315,1149870.0
3316,3004429.0
3317,1999097.0
3318,8213524.0
3319,4590423.0
3320,2344689.0
3321,3004429.0
3322,2344689.0
3323,1270499.0
3324,7495092.0
3325,2551252.0
3326,2390534.0
3327,1999097.0
3328,3258837.0
3329,9652350.0
3330,1882131.0
3331,3351383.0
3332,5525735.0
3333,2055379.0
3334,5595267.0
3335,5906596.0
3336,3745135.0
3337,2390534.0
3338,3410878.0
3339,6836483.0
3340,3410878.0
3341,2344689.0
3342,5166635.0
3343,1882131.0
3344,7217634.0
3345,4467728.0
3346,3351383.0
3347,1847826.0
3348,7217634.0
3349,3028267.0
3350,7217634.0
3351,2544857.0
3352,2740687.0
3353,3004429.0
3354,3028267.0
3355,1882131.0
3356,1763231.0
3357,2675511.0
3358,3164972.0
3359,2544857.0
3360,3347767.0
3361,5435276.0
3362,2544857.0
3363,3752885.0
3364,6412623.0
3365,2999068.0
3366,1999097.0
3367,5435276.0
3368,3273041.0
3369,6836483.0
3370,7201784.0
3371,7217634.0
3372,6923131.0
3373,3248660.0
3374,3218918.0
3375,9262754.0
3376,3745135.0
3377,1756069.0
3378,2371202.0
3379,1999097.0
3380,1270499.0
3381,8213524.0
3382,3351383.0
3383,2344689.0
3384,1149870.0
3385,3600467.0
3386,1734634.0
3387,6782425.0
3388,2675511.0
3389,1763231.0
3390,3727364.0
3391,4052733.0
3392,1734634.0
3393,3004429.0
3394,3004429.0
3395,3410878.0
3396,1763231.0
3397,4052733.0
3398,3570392.0
3399,5500818.0
3400,2344689.0
3401,4155435.0
3402,1270499.0
3403,2344689.0
3404,5017319.0
3405,7865428.0
3406,2738052.0
3407,2371202.0
3408,4888774.0
3409,2675511.0
3410,4316715.0
3411,3410878.0
3412,2021934.0
3413,2383840.0
3414,3410878.0
3415,4136425.0
3416,2344689.0
3417,3410878.0
3418,2344689.0
3419,2344689.0
3420,6782425.0
3421,2675511.0
3422,1270499.0
3423,5653753.0
3424,5595267.0
3425,2344689.0
3426,4250553.0
3427,4067566.0
3428,3347767.0
3429,4780607.0
3430,4066618.0
3431,5286212.0
3432,8213524.0
3433,3347767.0
3434,3410878.0
3435,2021934.0
3436,4250553.0
3437,4052733.0
3438,4491607.0
3439,4052733.0
3440,3752885.0
3441,3008199.0
3442,5461700.0
3443,3004429.0
3444,3727364.0
3445,3351383.0
3446,1999097.0
3447,2097022.0
3448,2344689.0
3449,6363241.0
3450,1149870.0
3451,4952255.0
3452,2058644.0
3453,4263629.0
3454,2097022.0
3455,2021934.0
3456,3745135.0
3457,2267425.0
3458,3752885.0
3459,7201784.0
3460,3745135.0
3461,7865428.0
3462,5525735.0
3463,4316715.0
3464,3218918.0
3465,3351383.0
3466,2732645.0
3467,1882131.0
3468,3410878.0
3469,4491607.0
3470,5906596.0
3471,2055379.0
3472,3004429.0
3473,3447890.0
3474,2344689.0
3475,2390534.0
3476,3727364.0
3477,2097022.0
3478,3600467.0
3479,2383840.0
3480,1904842.0
3481,1847826.0
3482,3939804.0
3483,1756069.0
3484,2344689.0
3485,5906596.0
3486,3836721.0
3487,5906596.0
3488,2025297.0
3489,3600467.0
3490,2156098.0
3491,1763231.0
3492,2525375.0
3493,2551252.0
3494,3410878.0
3495,1149870.0
3496,8213524.0
3497,2738052.0
3498,3445076.0
3499,2058644.0
3500,2097022.0
3501,3410878.0
3502,8213524.0
3503,2390534.0
3504,5161370.0
3505,3727364.0
3506,3410878.0
3507,3351383.0
3508,2544857.0
3509,4052733.0
3510,2344689.0
3511,3447890.0
3512,2993069.0
3513,1270499.0
3514,8213524.0
3515,1904842.0
3516,8213524.0
3517,1270499.0
3518,3199619.0
3519,4491607.0
3520,4250758.0
3521,2551252.0
3522,2267425.0
3523,3903884.0
3524,4467728.0
3525,7865428.0
3526,8213524.0
3527,3956086.0
3528,4067566.0
3529,1847826.0
3530,4590423.0
3531,2058644.0
3532,2267425.0
3533,1999097.0
3534,3780019.0
3535,3445076.0
3536,5435276.0
3537,1756069.0
3538,2097022.0
3539,4316715.0
3540,2544857.0
3541,6313221.0
3542,3004429.0
3543,3004429.0
3544,3780019.0
3545,2675511.0
3546,1882131.0
3547,2018785.0
3548,2156098.0
3549,1149870.0
3550,2364478.0
3551,3956086.0
3552,2364478.0
3553,7592272.0
3554,4491607.0
3555,4316715.0
3556,5787594.0
3557,2097022.0
3558,3351383.0
3559,8213524.0
3560,8213524.0
3561,2792031.0
3562,3351383.0
3563,4250553.0
3564,3351383.0
3565,2738052.0
3566,7592272.0
3567,3752885.0
3568,6836483.0
3569,3447890.0
3570,2792031.0
3571,5787594.0
3572,8904084.0
3573,3600467.0
3574,5595267.0
3575,1756069.0
3576,4066618.0
3577,3447890.0
3578,4350573.0
3579,3410878.0
3580,1149870.0
3581,3004429.0
3582,1882131.0
3583,3004429.0
3584,5017319.0
3585,5595267.0
3586,3600467.0
3587,2156098.0
3588,5166635.0
3589,2344689.0
3590,2025297.0
3591,1999097.0
3592,2344689.0
3593,3347767.0
3594,4467728.0
3595,3836721.0
3596,3347767.0
3597,3199619.0
3598,2058644.0
3599,3600467.0
3600,3258837.0
3601,2525375.0
3602,5337526.0
3603,3261924.0
3604,1734634.0
3605,1149870.0
3606,2551252.0
3607,3351383.0
3608,1999097.0
3609,8213524.0
3610,4100886.0
3611,1756069.0
3612,3004429.0
3613,4705945.0
3614,6313221.0
3615,3745135.0
3616,3258837.0
3617,3982767.0
3618,7592272.0
3619,2383840.0
3620,6412623.0
3621,3445076.0
3622,4491607.0
3623,3351383.0
3624,6941173.0
3625,8213524.0
3626,4554237.0
3627,2344689.0
3628,8213524.0
3629,3351383.0
3630,1756069.0
3631,3004429.0
3632,2055379.0
3633,4015749.0
3634,3780019.0
3635,5595267.0
3636,3004429.0
3637,4052733.0
3638,1756069.0
3639,2792031.0
3640,8894598.0
3641,2675511.0
3642,4780607.0
3643,2732645.0
3644,3447890.0
3645,4491607.0
3646,4316715.0
3647,3004429.0
3648,6836483.0
3649,4429512.0
3650,5444227.0
3651,1270499.0
3652,3004429.0
3653,16549064.0
3654,2097022.0
3655,3218918.0
3656,2738052.0
3657,3426169.0
3658,4250758.0
3659,1999097.0
3660,4807746.0
3661,3982767.0
3662,3956086.0
3663,3752885.0
3664,3939804.0
3665,2055379.0
3666,1763231.0
3667,2058644.0
3668,4316715.0
3669,4264176.0
3670,9262754.0
3671,3273041.0
3672,3939804.0
3673,4705945.0
3674,7592272.0
3675,3780019.0
3676,4052733.0
3677,1756069.0
3678,4052733.0
3679,3426169.0
3680,2993069.0
3681,2058644.0
3682,4882985.0
3683,4067566.0
3684,2055379.0
3685,2344689.0
3686,3347767.0
3687,1149870.0
3688,3218918.0
3689,5500818.0
3690,3778621.0
3691,3780019.0
3692,2344689.0
3693,3745135.0
3694,1619683.0
3695,4219263.0
3696,3410878.0
3697,1847826.0
3698,3982767.0
3699,1756069.0
3700,2058644.0
3701,2993069.0
3702,3982767.0
3703,4219263.0
3704,4250553.0
3705,2792031.0
3706,3939804.0
3707,2058644.0
3708,3248660.0
3709,1847826.0
3710,5525735.0
3711,3939804.0
3712,2792031.0
3713,4316715.0
3714,1149870.0
3715,3745135.0
3716,3004429.0
3717,3218918.0
3718,3351383.0
3719,9652350.0
3720,1149870.0
3721,4952255.0
3722,7495092.0
3723,5435276.0
3724,2344689.0
3725,3956086.0
3726,3351383.0
3727,3410878.0
3728,1999097.0
3729,1904842.0
3730,4264176.0
3731,3261924.0
3732,1999097.0
3733,1756069.0
3734,3600467.0
3735,4316715.0
3736,3903884.0
3737,6412623.0
3738,2018785.0
3739,5525735.0
3740,2344689.0
3741,2551252.0
3742,6412623.0
3743,4952255.0
3744,6363241.0
3745,3347767.0
3746,1999097.0
3747,2544857.0
3748,6313221.0
3749,3778621.0
3750,3248660.0
3751,2738052.0
3752,3982767.0
3753,9262754.0
3754,2732645.0
3755,1904842.0
3756,1270499.0
3757,2083447.0
3758,3600467.0
3759,3199619.0
3760,4052733.0
3761,7201784.0
3762,3258837.0
3763,5653753.0
3764,3447890.0
3765,2025297.0
3766,1619683.0
3767,3351383.0
3768,3778621.0
3769,4780607.0
3770,2999068.0
3771,3600467.0
3772,6923131.0
3773,6363241.0
3774,2738052.0
3775,4491607.0
3776,7201784.0
3777,2097022.0
3778,9652350.0
3779,3982767.0
3780,2525375.0
3781,2344689.0
3782,3347767.0
3783,4100886.0
3784,3410878.0
3785,6694797.0
3786,7217634.0
3787,4429512.0
3788,3410878.0
3789,2525375.0
3790,2993069.0
3791,2267425.0
3792,3426169.0
3793,1999097.0
3794,3956086.0
3795,4052733.0
3796,2999068.0
3797,3351383.0
3798,3258837.0
3799,4491607.0
3800,1999097.0
3801,7217634.0
3802,1756069.0
3803,2083447.0
3804,2058644.0
3805,3261924.0
3806,1270499.0
3807,4015749.0
3808,1847826.0
3809,5461700.0
3810,4015749.0
3811,3347767.0
3812,3410878.0
3813,3347767.0
3814,6363241.0
3815,6694797.0
3816,2544857.0
3817,3600467.0
3818,3218918.0
3819,2792031.0
3820,4952255.0
3821,8213524.0
3822,8213524.0
3823,3447890.0
3824,8213524.0
3825,5444227.0
3826,3347767.0
3827,5595267.0
3828,2055379.0
3829,4590423.0
3830,1999097.0
3831,3745135.0
3832,7592272.0
3833,9652350.0
3834,8213524.0
3835,2055379.0
3836,4491607.0
3837,6313221.0
3838,2021934.0
3839,1999097.0
3840,2344689.0
3841,1999097.0
3842,2544857.0
3843,4219263.0
3844,7865428.0
3845,3780019.0
3846,3028267.0
3847,3004429.0
3848,9262754.0
3849,3347767.0
3850,4780607.0
3851,1270499.0
3852,4491607.0
3853,1882131.0
3854,1149870.0
3855,8213524.0
3856,2344689.0
3857,2018785.0
3858,1999097.0
3859,2675511.0
3860,3004429.0
3861,3780019.0
3862,3258837.0
3863,2732645.0
3864,3836721.0
3865,8213524.0
3866,1756069.0
3867,1619683.0
3868,6782425.0
3869,3745135.0
3870,1756069.0
3871,4952255.0
3872,2675511.0
3873,3248660.0
3874,1999097.0
3875,2954086.0
3876,4491607.0
3877,4316715.0
3878,4554237.0
3879,4100886.0
3880,5595267.0
3881,5525735.0
3882,3810007.0
3883,2055379.0
3884,1882131.0
3885,1904842.0
3886,1756069.0
3887,1882131.0
3888,3351383.0
3889,2267425.0
3890,1847826.0
3891,1756069.0
3892,4780607.0
3893,4882985.0
3894,7495092.0
3895,8894598.0
3896,4350573.0
3897,2055379.0
3898,1904842.0
3899,2018785.0
3900,4219263.0
3901,5444227.0
3902,8213524.0
3903,6923131.0
3904,2021934.0
3905,2792031.0
3906,4952255.0
3907,2993069.0
3908,3939804.0
3909,4219263.0
3910,2675511.0
3911,7201784.0
3912,3956086.0
3913,5017319.0
3914,1756069.0
3915,2525375.0
3916,3780019.0
3917,2383840.0
3918,5017319.0
3919,1999097.0
3920,5595267.0
3921,4590423.0
3922,2025297.0
3923,3347767.0
3924,2544857.0
3925,1619683.0
3926,4952255.0
3927,2364478.0
3928,3347767.0
3929,3982767.0
3930,5500818.0
3931,2025297.0
3932,1619683.0
3933,6782425.0
3934,2738052.0
3935,4067566.0
3936,1882131.0
3937,2675511.0
3938,1756069.0
3939,1999097.0
3940,1149870.0
3941,2738052.0
3942,3351383.0
3943,2544857.0
3944,4882985.0
3945,2732645.0
3946,3939804.0
3947,2544857.0
3948,1149870.0
3949,4491607.0
3950,2097022.0
3951,1149870.0
3952,1882131.0
3953,3028267.0
3954,3004429.0
3955,2544857.0
3956,5435276.0
3957,2018785.0
3958,3261924.0
3959,2954086.0
3960,2021934.0
3961,1763231.0
3962,3903884.0
3963,7201784.0
3964,2390534.0
3965,3351383.0
3966,4807746.0
3967,2097022.0
3968,3351383.0
3969,5525735.0
3970,6313221.0
3971,2551252.0
3972,1763231.0
3973,3780019.0
3974,1999097.0
3975,4052733.0
3976,4067566.0
3977,3351383.0
3978,1619683.0
3979,2021934.0
3980,5787594.0
3981,3939804.0
3982,6836483.0
3983,2999068.0
3984,1619683.0
3985,3410878.0
3986,3410878.0
3987,3445076.0
3988,8213524.0
3989,3600467.0
3990,1756069.0
3991,2018785.0
3992,3004429.0
3993,9652350.0
3994,3600467.0
3995,2551252.0
3996,1619683.0
3997,1847826.0
3998,1270499.0
3999,7495092.0
4000,1149870.0
4001,1756069.0
4002,1149870.0
4003,3351383.0
4004,1734634.0
4005,3410878.0
4006,2675511.0
4007,3752885.0
4008,2021934.0
4009,3347767.0
4010,3836721.0
4011,6363241.0
4012,1882131.0
4013,2058644.0
4014,2344689.0
4015,3871344.0
4016,3410878.0
4017,3727364.0
4018,4015749.0
4019,3004429.0
4020,5435276.0
4021,2021934.0
4022,2267425.0
4023,2551252.0
4024,8213524.0
4025,3745135.0
4026,7217634.0
4027,1904842.0
4028,2344689.0
4029,5017319.0
4030,7201784.0
4031,3351383.0
4032,3410878.0
4033,4467728.0
4034,3780019.0
4035,3780019.0
4036,4316715.0
4037,6412623.0
4038,4467728.0
4039,2544857.0
4040,2344689.0
4041,3956086.0
4042,1149870.0
4043,8213524.0
4044,4264176.0
4045,1882131.0
4046,3004429.0
4047,3447890.0
4048,9262754.0
4049,2344689.0
4050,3004429.0
4051,4780607.0
4052,7217634.0
4053,3028267.0
4054,4467728.0
4055,4066618.0
4056,3347767.0
4057,2390534.0
4058,3410878.0
4059,2525375.0
4060,8894598.0
4061,2993069.0
4062,2390534.0
4063,2544857.0
4064,1847826.0
4065,2675511.0
4066,4705945.0
4067,4100886.0
4068,1734634.0
4069,1847826.0
4070,2344689.0
4071,3248660.0
4072,5525735.0
4073,8213524.0
4074,4350573.0
4075,2058644.0
4076,6412623.0
4077,3447890.0
4078,1149870.0
4079,6941173.0
4080,5017319.0
4081,2544857.0
4082,1999097.0
4083,3752885.0
4084,4015749.0
4085,5500818.0
4086,2383840.0
4087,5337526.0
4088,2021934.0
4089,3727364.0
4090,1882131.0
4091,9652350.0
4092,7201784.0
4093,3600467.0
4094,6694797.0
4095,5500818.0
4096,8213524.0
4097,5017319.0
4098,1882131.0
4099,3836721.0
4100,3956086.0
4101,2018785.0
4102,3982767.0
4103,4052733.0
4104,2097022.0
4105,2267425.0
4106,2058644.0
4107,5461700.0
4108,4888774.0
4109,4067566.0
4110,2732645.0
4111,5595267.0
4112,7217634.0
4113,5595267.0
4114,4066618.0
4115,2058644.0
4116,3727364.0
4117,1999097.0
4118,3600467.0
4119,2018785.0
4120,6412623.0
4121,2018785.0
4122,2267425.0
4123,2954086.0
4124,1882131.0
4125,4100886.0
4126,7592272.0
4127,2390534.0
4128,5017319.0
4129,1270499.0
4130,5166635.0
4131,3745135.0
4132,3982767.0
4133,5595267.0
4134,1619683.0
4135,4250553.0
4136,4554237.0
4137,3447890.0
4138,2525375.0
4139,4264176.0
4140,2364478.0
4141,3004429.0
4142,2344689.0
4143,9262754.0
4144,2371202.0
4145,2371202.0
4146,3004429.0
4147,8213524.0
4148,1270499.0
4149,2267425.0
4150,4219263.0
4151,4780607.0
4152,3982767.0
4153,3351383.0
4154,4705945.0
4155,3745135.0
4156,2675511.0
4157,3258837.0
4158,4052733.0
4159,5435276.0
4160,2058644.0
4161,8213524.0
4162,5286212.0
4163,7495092.0
4164,5017319.0
4165,6923131.0
4166,3376145.0
4167,4066618.0
4168,4705945.0
4169,3426169.0
4170,3903884.0
4171,2097022.0
4172,6363241.0
4173,3351383.0
4174,4250758.0
4175,3956086.0
4176,4705945.0
4177,4067566.0
4178,2018785.0
4179,3982767.0
4180,3939804.0
4181,6313221.0
4182,3780019.0
4183,3248660.0
4184,1270499.0
4185,3273041.0
4186,3426169.0
4187,1904842.0
4188,4015749.0
4189,9262754.0
4190,2738052.0
4191,3982767.0
4192,1882131.0
4193,3004429.0
4194,3351383.0
4195,2267425.0
4196,5166635.0
4197,4015749.0
4198,3445076.0
4199,8904084.0
4200,3778621.0
4201,3836721.0
4202,2390534.0
4203,4491607.0
4204,1734634.0
4205,2551252.0
4206,6363241.0
4207,5966193.0
4208,3351383.0
4209,3410878.0
4210,3956086.0
4211,3004429.0
4212,2267425.0
4213,2058644.0
4214,3780019.0
4215,3836721.0
4216,3939804.0
4217,1882131.0
4218,3982767.0
4219,2267425.0
4220,4705945.0
4221,1619683.0
4222,6412623.0
4223,1619683.0
4224,4250553.0
4225,3351383.0
4226,3745135.0
4227,3780019.0
4228,1619683.0
4229,2097022.0
4230,1756069.0
4231,6836483.0
4232,4219263.0
4233,3982767.0
4234,1619683.0
4235,1734634.0
4236,4067566.0
4237,7217634.0
4238,2267425.0
4239,2371202.0
4240,1149870.0
4241,2097022.0
4242,8894598.0
4243,2055379.0
4244,2025297.0
4245,2675511.0
4246,3273041.0
4247,3780019.0
4248,2390534.0
4249,1756069.0
4250,2021934.0
4251,1734634.0
4252,3939804.0
4253,2025297.0
4254,2544857.0
4255,3903884.0
4256,3351383.0
4257,2371202.0
4258,1999097.0
4259,2544857.0
4260,3351383.0
4261,2344689.0
4262,1149870.0
4263,3351383.0
4264,3347767.0
4265,2058644.0
4266,1149870.0
4267,3028267.0
4268,3727364.0
4269,3376145.0
4270,2267425.0
4271,1619683.0
4272,5787594.0
4273,3600467.0
4274,3410878.0
4275,6313221.0
4276,2390534.0
4277,3248660.0
4278,4705945.0
4279,2390534.0
4280,5500818.0
4281,1270499.0
4282,1882131.0
4283,1619683.0
4284,4250553.0
4285,1734634.0
4286,6782425.0
4287,1756069.0
4288,5595267.0
4289,2544857.0
4290,7201784.0
4291,2018785.0
4292,4067566.0
4293,6313221.0
4294,2021934.0
4295,3956086.0
4296,1999097.0
4297,3939804.0
4298,1999097.0
4299,6694797.0
4300,1619683.0
4301,3426169.0
4302,8213524.0
4303,2021934.0
4304,6836483.0
4305,2525375.0
4306,3836721.0
4307,4015749.0
4308,8213524.0
4309,1756069.0
4310,2018785.0
4311,2954086.0
4312,2097022.0
4313,1904842.0
4314,1756069.0
4315,2544857.0
4316,3199619.0
4317,3447890.0
4318,3600467.0
4319,1882131.0
4320,2097022.0
4321,3008199.0
4322,2344689.0
4323,2058644.0
4324,4250553.0
4325,5337526.0
4326,8213524.0
4327,3778621.0
4328,1619683.0
4329,3982767.0
4330,2083447.0
4331,3780019.0
4332,6941173.0
4333,2344689.0
4334,4590423.0
4335,2018785.0
4336,3347767.0
4337,4491607.0
4338,4467728.0
4339,3600467.0
4340,2993069.0
4341,3836721.0
4342,3410878.0
4343,8213524.0
4344,4882985.0
4345,4066618.0
4346,4219263.0
4347,9262754.0
4348,3780019.0
4349,3410878.0
4350,2371202.0
4351,2018785.0
4352,6941173.0
4353,3410878.0
4354,4952255.0
4355,2097022.0
4356,4651866.0
4357,8213524.0
4358,4052733.0
4359,4155435.0
4360,2018785.0
4361,6363241.0
4362,3410878.0
4363,3818055.0
4364,1847826.0
4365,3426169.0
4366,3028267.0
4367,3351383.0
4368,2344689.0
4369,1999097.0
4370,6412623.0
4371,4155435.0
4372,3347767.0
4373,2344689.0
4374,4264176.0
4375,4952255.0
4376,1847826.0
4377,3410878.0
4378,3410878.0
4379,6313221.0
4380,6313221.0
4381,2390534.0
4382,6313221.0
4383,1999097.0
4384,2954086.0
4385,4015749.0
4386,4219263.0
4387,2993069.0
4388,4066618.0
4389,5500818.0
4390,3248660.0
4391,3218918.0
4392,5595267.0
4393,3982767.0
4394,4250553.0
4395,4264176.0
4396,3351383.0
4397,3784230.0
4398,2732645.0
4399,3347767.0
4400,2371202.0
4401,2267425.0
4402,4350573.0
4403,9262754.0
4404,5787594.0
4405,4015749.0
4406,1756069.0
4407,1999097.0
4408,2344689.0
4409,3410878.0
4410,1756069.0
4411,4250553.0
4412,2792031.0
4413,1270499.0
4414,3218918.0
4415,6313221.0
4416,6412623.0
4417,4467728.0
4418,4052733.0
4419,2021934.0
4420,4264176.0
4421,3248660.0
4422,9262754.0
4423,3939804.0
4424,3028267.0
4425,2021934.0
4426,3426169.0
4427,7592272.0
4428,2792031.0
4429,6836483.0
4430,2055379.0
4431,2371202.0
4432,6363241.0
4433,3447890.0
4434,1763231.0
4435,2055379.0
4436,5525735.0
4437,3939804.0
4438,3410878.0
4439,3410878.0
4440,1763231.0
4441,1904842.0
4442,4888774.0
4443,1999097.0
4444,5500818.0
4445,2344689.0
4446,1756069.0
4447,2058644.0
4448,2371202.0
4449,5595267.0
4450,2021934.0
4451,2344689.0
4452,4807746.0
4453,3982767.0
4454,3445076.0
4455,7495092.0
4456,3939804.0
4457,3745135.0
4458,1619683.0
4459,2058644.0
4460,4491607.0
4461,5595267.0
4462,6313221.0
4463,2156098.0
4464,5017319.0
4465,4590423.0
4466,3347767.0
4467,7592272.0
4468,2371202.0
4469,3807496.0
4470,2675511.0
4471,4250758.0
4472,9652350.0
4473,2544857.0
4474,5435276.0
4475,1882131.0
4476,3956086.0
4477,4467728.0
4478,3956086.0
4479,4705945.0
4480,3347767.0
4481,1756069.0
4482,2525375.0
4483,1619683.0
4484,4882985.0
4485,3028267.0
4486,2732645.0
4487,3982767.0
4488,1882131.0
4489,2993069.0
4490,1847826.0
4491,4705945.0
4492,4807746.0
4493,4052733.0
4494,3956086.0
4495,6313221.0
4496,3028267.0
4497,13575224.0
4498,2525375.0
4499,2083447.0
4500,3745135.0
4501,7201784.0
4502,3939804.0
4503,2344689.0
4504,2383840.0
4505,1270499.0
4506,3752885.0
4507,1882131.0
4508,8213524.0
4509,4052733.0
4510,2344689.0
4511,4052733.0
4512,4286645.0
4513,4350573.0
4514,4807746.0
4515,1904842.0
4516,1619683.0
4517,4250758.0
4518,2390534.0
4519,4052733.0
4520,3351383.0
4521,3351383.0
4522,2954086.0
4523,3807496.0
4524,3780019.0
4525,2021934.0
4526,2018785.0
4527,6941173.0
4528,3410878.0
4529,3410878.0
4530,8213524.0
4531,3410878.0
4532,6923131.0
4533,1149870.0
4534,2364478.0
4535,2267425.0
4536,5444227.0
4537,3810007.0
4538,3351383.0
4539,4264176.0
4540,6694797.0
4541,2058644.0
4542,2344689.0
4543,3410878.0
4544,3218918.0
4545,3410878.0
4546,1999097.0
4547,4015749.0
4548,1847826.0
4549,5595267.0
4550,3600467.0
4551,3426169.0
4552,3410878.0
4553,2344689.0
4554,4263629.0
4555,2993069.0
4556,3410878.0
4557,3982767.0
4558,1756069.0
4559,2993069.0
4560,3982767.0
4561,4491607.0
4562,2021934.0
4563,3004429.0
4564,7201784.0
4565,7201784.0
4566,3351383.0
4567,3752885.0
4568,4052733.0
4569,2021934.0
4570,2344689.0
4571,3028267.0
4572,5461700.0
4573,3982767.0
4574,1756069.0
4575,1619683.0
4576,3778621.0
4577,1999097.0
4578,3376145.0
4579,4015749.0
4580,5435276.0
4581,2058644.0
4582,3903884.0
4583,2025297.0
4584,3351383.0
4585,4491607.0
4586,4350573.0
4587,5595267.0
4588,3600467.0
4589,1882131.0
4590,2021934.0
4591,3008199.0
4592,4052733.0
4593,5435276.0
4594,3347767.0
4595,7495092.0
4596,6694797.0
4597,4491607.0
4598,6941173.0
4599,5525735.0
4600,7201784.0
4601,2954086.0
4602,2364478.0
4603,3347767.0
4604,2954086.0
4605,1999097.0
4606,3347767.0
4607,4286645.0
4608,2058644.0
4609,3410878.0
4610,1149870.0
4611,1149870.0
4612,4052733.0
4613,4316715.0
4614,3956086.0
4615,2740687.0
4616,1999097.0
4617,1270499.0
4618,2018785.0
4619,1149870.0
4620,3836721.0
4621,3218918.0
4622,6941173.0
4623,3780019.0
4624,3836721.0
4625,3982767.0
4626,3347767.0
4627,2344689.0
4628,2371202.0
4629,5525735.0
4630,1270499.0
4631,3426169.0
4632,3008199.0
4633,5787594.0
4634,3410878.0
4635,3004429.0
4636,2156098.0
4637,2097022.0
4638,3004429.0
4639,3727364.0
4640,4100886.0
4641,4264176.0
4642,3600467.0
4643,2097022.0
4644,2344689.0
4645,1149870.0
4646,3982767.0
4647,1619683.0
4648,3410878.0
4649,3347767.0
4650,2058644.0
4651,4100886.0
4652,3258837.0
4653,1847826.0
4654,2018785.0
4655,4264176.0
4656,4066618.0
4657,2018785.0
4658,3982767.0
4659,3004429.0
4660,2156098.0
4661,4491607.0
4662,3218918.0
4663,2344689.0
4664,4052733.0
4665,8213524.0
4666,3351383.0
4667,2021934.0
4668,1882131.0
4669,6923131.0
4670,2018785.0
4671,6782425.0
4672,2021934.0
4673,4067566.0
4674,4316715.0
4675,4250553.0
4676,3199619.0
4677,2097022.0
4678,2738052.0
4679,4350573.0
4680,5017319.0
4681,3807496.0
4682,4250758.0
4683,2738052.0
4684,5906596.0
4685,2732645.0
4686,6412623.0
4687,2344689.0
4688,3778621.0
4689,5595267.0
4690,7592272.0
4691,2993069.0
4692,2058644.0
4693,3982767.0
4694,2058644.0
4695,3410878.0
4696,6313221.0
4697,2058644.0
4698,3426169.0
4699,2675511.0
4700,6313221.0
4701,8213524.0
4702,1270499.0
4703,4015749.0
4704,3248660.0
4705,6313221.0
4706,4590423.0
4707,1619683.0
4708,2993069.0
4709,1270499.0
4710,5166635.0
4711,2525375.0
4712,1619683.0
4713,1756069.0
4714,6782425.0
4715,2018785.0
4716,3199619.0
4717,2525375.0
4718,2021934.0
4719,1882131.0
4720,2371202.0
4721,3004429.0
4722,3004429.0
4723,9262754.0
4724,3982767.0
4725,3258837.0
4726,1270499.0
4727,2156098.0
4728,2021934.0
4729,3258837.0
4730,2267425.0
4731,1999097.0
4732,4067566.0
4733,2364478.0
4734,4052733.0
4735,3351383.0
4736,2018785.0
4737,4316715.0
4738,3347767.0
4739,3347767.0
4740,3982767.0
4741,3199619.0
4742,2344689.0
4743,3199619.0
4744,8213524.0
4745,3727364.0
4746,5017319.0
4747,3807496.0
4748,2344689.0
4749,1619683.0
4750,6363241.0
4751,2156098.0
4752,2156098.0
4753,1619683.0
4754,2058644.0
4755,3410878.0
4756,3982767.0
4757,6412623.0
4758,2792031.0
4759,4250553.0
4760,3727364.0
4761,2058644.0
4762,2021934.0
4763,2551252.0
4764,1619683.0
4765,2371202.0
4766,4491607.0
4767,3351383.0
4768,6694797.0
4769,9652350.0
4770,1847826.0
4771,4015749.0
4772,3347767.0
4773,4350573.0
4774,3258837.0
4775,1999097.0
4776,4264176.0
4777,6313221.0
4778,5595267.0
4779,2525375.0
4780,4219263.0
4781,7201784.0
4782,2544857.0
4783,3982767.0
4784,2097022.0
4785,2083447.0
4786,3956086.0
4787,5017319.0
4788,1756069.0
4789,9652350.0
4790,2344689.0
4791,2675511.0
4792,3780019.0
4793,1619683.0
4794,4015749.0
4795,7592272.0
4796,1270499.0
4797,3347767.0
4798,6694797.0
4799,3261924.0
4800,9652350.0
4801,2390534.0
4802,4015749.0
4803,2021934.0
4804,4780607.0
4805,4250553.0
4806,7201784.0
4807,1882131.0
4808,4491607.0
4809,2018785.0
4810,2058644.0
4811,4429512.0
4812,3004429.0
4813,8213524.0
4814,3600467.0
4815,2344689.0
4816,1149870.0
4817,2097022.0
4818,4067566.0
4819,1149870.0
4820,3778621.0
4821,2021934.0
4822,1847826.0
4823,1882131.0
4824,2551252.0
4825,3982767.0
4826,7217634.0
4827,2021934.0
4828,5337526.0
4829,2792031.0
4830,3248660.0
4831,4067566.0
4832,3248660.0
4833,2025297.0
4834,3028267.0
4835,3261924.0
4836,6836483.0
4837,6836483.0
4838,6313221.0
4839,3426169.0
4840,6363241.0
4841,3261924.0
4842,3028267.0
4843,3410878.0
4844,4264176.0
4845,2344689.0
4846,3199619.0
4847,4066618.0
4848,3426169.0
4849,2344689.0
4850,1847826.0
4851,4264176.0
4852,3745135.0
4853,2055379.0
4854,1999097.0
4855,1149870.0
4856,3447890.0
4857,2097022.0
4858,4316715.0
4859,3745135.0
4860,4052733.0
4861,3903884.0
4862,2371202.0
4863,4705945.0
4864,2055379.0
4865,6923131.0
4866,1149870.0
4867,1999097.0
4868,3836721.0
4869,4554237.0
4870,4263629.0
4871,2364478.0
4872,3028267.0
4873,6694797.0
4874,1756069.0
4875,4780607.0
4876,2018785.0
4877,4264176.0
4878,1847826.0
4879,2058644.0
4880,3447890.0
4881,1882131.0
4882,2097022.0
4883,6941173.0
4884,4052733.0
4885,5444227.0
4886,3004429.0
4887,2525375.0
4888,6412623.0
4889,3004429.0
4890,6694797.0
4891,7592272.0
4892,3258837.0
4893,2344689.0
4894,1619683.0
4895,6313221.0
4896,4350573.0
4897,3780019.0
4898,1270499.0
4899,2097022.0
4900,3351383.0
4901,2055379.0
4902,4015749.0
4903,6941173.0
4904,7592272.0
4905,4136425.0
4906,3753720.0
4907,1734634.0
4908,6694797.0
4909,2732645.0
4910,1270499.0
4911,3028267.0
4912,3982767.0
4913,3347767.0
4914,2058644.0
4915,5653753.0
4916,2344689.0
4917,1756069.0
4918,1847826.0
4919,5595267.0
4920,1619683.0
4921,2097022.0
4922,3347767.0
4923,1270499.0
4924,1882131.0
4925,2156098.0
4926,4066618.0
4927,4067566.0
4928,3347767.0
4929,5595267.0
4930,8213524.0
4931,4250758.0
4932,4219263.0
4933,3600467.0
4934,2025297.0
4935,3426169.0
4936,4219263.0
4937,2018785.0
4938,3956086.0
4939,4491607.0
4940,1756069.0
4941,4067566.0
4942,1149870.0
4943,6694797.0
4944,3982767.0
4945,2055379.0
4946,3727364.0
4947,3273041.0
4948,7217634.0
4949,4491607.0
4950,3903884.0
4951,4350573.0
4952,2021934.0
4953,2993069.0
4954,1149870.0
4955,4554237.0
4956,3982767.0
4957,4067566.0
4958,3836721.0
4959,4316715.0
4960,3745135.0
4961,4952255.0
4962,2083447.0
4963,2344689.0
4964,9262754.0
4965,8213524.0
4966,4705945.0
4967,3600467.0
4968,4467728.0
4969,1763231.0
4970,3273041.0
4971,1999097.0
4972,7865428.0
4973,1756069.0
4974,8213524.0
4975,2344689.0
4976,4807746.0
4977,2021934.0
4978,2058644.0
4979,2097022.0
4980,4263629.0
4981,3410878.0
4982,2544857.0
4983,1904842.0
4984,3347767.0
4985,7217634.0
4986,2344689.0
4987,1756069.0
4988,2058644.0
4989,5787594.0
4990,2058644.0
4991,6941173.0
4992,3807496.0
4993,8213524.0
4994,8894598.0
4995,1882131.0
4996,6412623.0
4997,4705945.0
4998,6941173.0
4999,4952255.0
5000,1999097.0
5001,2344689.0
5002,3727364.0
5003,4467728.0
5004,8213524.0
5005,2058644.0
5006,6313221.0
5007,3410878.0
5008,2371202.0
5009,2551252.0
5010,3939804.0
5011,4467728.0
5012,2021934.0
5013,1756069.0
5014,3745135.0
5015,1149870.0
5016,5500818.0
5017,1756069.0
5018,1149870.0
5019,5017319.0
5020,1999097.0
5021,3982767.0
5022,1270499.0
5023,3004429.0
5024,2018785.0
5025,8213524.0
5026,3004429.0
5027,3778621.0
5028,2732645.0
5029,6923131.0
5030,2156098.0
5031,2058644.0
5032,2344689.0
5033,2525375.0
5034,5595267.0
5035,1270499.0
5036,7217634.0
5037,1847826.0
5038,2993069.0
5039,6923131.0
5040,7217634.0
5041,4250553.0
5042,3807496.0
5043,2525375.0
5044,4952255.0
5045,2371202.0
5046,3745135.0
5047,2097022.0
5048,2344689.0
5049,6412623.0
5050,8213524.0
5051,3261924.0
5052,2055379.0
5053,1904842.0
5054,3218918.0
5055,4250553.0
5056,3426169.0
5057,3410878.0
5058,6412623.0
5059,3956086.0
5060,1270499.0
5061,2544857.0
5062,4350573.0
5063,4263629.0
5064,2058644.0
5065,1756069.0
5066,3248660.0
5067,2021934.0
5068,5595267.0
5069,4780607.0
5070,1756069.0
5071,4100886.0
5072,5017319.0
5073,9262754.0
5074,3745135.0
5075,8213524.0
5076,4052733.0
5077,9262754.0
5078,2525375.0
5079,2544857.0
5080,4067566.0
5081,9262754.0
5082,3745135.0
5083,8213524.0
5084,1847826.0
5085,2999068.0
5086,3752885.0
5087,1756069.0
5088,3903884.0
5089,3956086.0
5090,4250553.0
5091,1619683.0
5092,3982767.0
5093,5337526.0
5094,4491607.0
5095,2525375.0
5096,6836483.0
5097,4590423.0
5098,2344689.0
5099,1619683.0
5100,2390534.0
5101,2738052.0
5102,1149870.0
5103,1270499.0
5104,3778621.0
5105,4780607.0
5106,1847826.0
5107,3836721.0
5108,1149870.0
5109,2267425.0
5110,2551252.0
5111,2675511.0
5112,5595267.0
5113,2525375.0
5114,1904842.0
5115,2732645.0
5116,5444227.0
5117,4350573.0
5118,2055379.0
5119,7592272.0
5120,4491607.0
5121,1882131.0
5122,3199619.0
5123,2371202.0
5124,3028267.0
5125,4052733.0
5126,3426169.0
5127,6782425.0
5128,8630682.0
5129,2021934.0
5130,3778621.0
5131,3426169.0
5132,3347767.0
5133,1619683.0
5134,7201784.0
5135,1619683.0
5136,2058644.0
5137,2383840.0
5138,2097022.0
5139,3351383.0
5140,6836483.0
5141,2792031.0
5142,6836483.0
5143,1999097.0
5144,2344689.0
5145,1270499.0
5146,6941173.0
5147,3836721.0
5148,2344689.0
5149,2544857.0
5150,1763231.0
5151,3745135.0
5152,1149870.0
5153,5595267.0
5154,4015749.0
5155,1734634.0
5156,1763231.0
5157,2371202.0
5158,4286645.0
5159,4250553.0
5160,6313221.0
5161,3199619.0
5162,3745135.0
5163,3273041.0
5164,2525375.0
5165,4067566.0
5166,6412623.0
5167,4264176.0
5168,5787594.0
5169,3008199.0
5170,4882985.0
5171,4350573.0
5172,2993069.0
5173,2525375.0
5174,3778621.0
5175,3351383.0
5176,1847826.0
5177,4219263.0
5178,3410878.0
5179,1149870.0
5180,4052733.0
5181,3004429.0
5182,4491607.0
5183,2156098.0
5184,9262754.0
5185,3410878.0
5186,5435276.0
5187,5461700.0
5188,2058644.0
5189,4705945.0
5190,3351383.0
5191,2390534.0
5192,3939804.0
5193,2156098.0
5194,3745135.0
5195,2021934.0
5196,7201784.0
5197,7495092.0
5198,1999097.0
5199,3351383.0
5200,8213524.0
5201,5595267.0
5202,2390534.0
5203,2344689.0
5204,2993069.0
5205,2993069.0
5206,1734634.0
5207,2792031.0
5208,4467728.0
5209,2792031.0
5210,5595267.0
5211,1270499.0
5212,6412623.0
5213,3351383.0
5214,4316715.0
5215,2021934.0
5216,4888774.0
5217,4250553.0
5218,3248660.0
5219,9262754.0
5220,4250758.0
5221,3261924.0
5222,4467728.0
5223,2344689.0
5224,2097022.0
5225,4263629.0
5226,2021934.0
5227,6923131.0
5228,4067566.0
5229,3982767.0
5230,2525375.0
5231,3410878.0
5232,3347767.0
5233,2732645.0
5234,2267425.0
5235,1999097.0
5236,2792031.0
5237,1734634.0
5238,8904084.0
5239,2732645.0
5240,2021934.0
5241,9262754.0
5242,2267425.0
5243,3347767.0
5244,3376145.0
5245,8213524.0
5246,1270499.0
5247,3982767.0
5248,1999097.0
5249,3956086.0
5250,2954086.0
5251,2344689.0
5252,2383840.0
5253,3004429.0
5254,6313221.0
5255,1756069.0
5256,3447890.0
5257,3982767.0
5258,2021934.0
5259,1270499.0
5260,3426169.0
5261,3028267.0
5262,1999097.0
5263,3982767.0
5264,2021934.0
5265,6363241.0
5266,4316715.0
5267,3351383.0
5268,3347767.0
5269,2390534.0
5270,3410878.0
5271,4780607.0
5272,1619683.0
5273,4780607.0
5274,2390534.0
5275,4705945.0
5276,5500818.0
5277,2097022.0
5278,7201784.0
5279,2018785.0
5280,5435276.0
5281,2999068.0
5282,3982767.0
5283,6412623.0
5284,2021934.0
5285,2675511.0
5286,2954086.0
5287,1756069.0
5288,2371202.0
5289,7201784.0
5290,3273041.0
5291,4219263.0
5292,4250553.0
5293,1904842.0
5294,3836721.0
5295,2156098.0
5296,2732645.0
5297,5787594.0
5298,3004429.0
5299,3426169.0
5300,2344689.0
5301,2058644.0
5302,6313221.0
5303,3028267.0
5304,7592272.0
5305,3164972.0
5306,1619683.0
5307,3784230.0
5308,1882131.0
5309,3727364.0
5310,1270499.0
5311,1999097.0
5312,2058644.0
5313,1904842.0
5314,1619683.0
5315,1999097.0
5316,2021934.0
5317,1619683.0
5318,4952255.0
5319,3347767.0
5320,3261924.0
5321,2156098.0
5322,2025297.0
5323,1734634.0
5324,4882985.0
5325,6941173.0
5326,5435276.0
5327,2344689.0
5328,3600467.0
5329,1999097.0
5330,3347767.0
5331,3351383.0
5332,3410878.0
5333,1904842.0
5334,4888774.0
5335,1149870.0
5336,3028267.0
5337,3956086.0
5338,3426169.0
5339,6782425.0
5340,2097022.0
5341,2025297.0
5342,1756069.0
5343,2544857.0
5344,3351383.0
5345,2267425.0
5346,2058644.0
5347,2083447.0
5348,1882131.0
5349,2021934.0
5350,2792031.0
5351,2058644.0
5352,3028267.0
5353,6941173.0
5354,1882131.0
5355,1904842.0
5356,5595267.0
5357,8904084.0
5358,3956086.0
5359,1847826.0
5360,6313221.0
5361,3199619.0
5362,3745135.0
5363,1270499.0
5364,6412623.0
5365,3199619.0
5366,4219263.0
5367,2364478.0
5368,5166635.0
5369,3351383.0
5370,4491607.0
5371,2544857.0
5372,1619683.0
5373,2390534.0
5374,3982767.0
5375,6412623.0
5376,4250758.0
5377,6412623.0
5378,8213524.0
5379,2675511.0
5380,4590423.0
5381,2390534.0
5382,2018785.0
5383,7217634.0
5384,2544857.0
5385,3351383.0
5386,3347767.0
5387,6313221.0
5388,2390534.0
5389,1270499.0
5390,5161370.0
5391,3982767.0
5392,6923131.0
5393,2018785.0
5394,3753720.0
5395,2058644.0
5396,3727364.0
5397,1270499.0
5398,8213524.0
5399,1999097.0
5400,2344689.0
5401,4052733.0
5402,3426169.0
5403,3600467.0
5404,1882131.0
5405,2058644.0
5406,4067566.0
5407,4952255.0
5408,2058644.0
5409,2025297.0
5410,3753720.0
5411,2993069.0
5412,5435276.0
5413,1756069.0
5414,1999097.0
5415,3752885.0
5416,3028267.0
5417,1756069.0
5418,3351383.0
5419,2344689.0
5420,2058644.0
5421,5017319.0
5422,3410878.0
5423,6941173.0
5424,3956086.0
5425,2267425.0
5426,4015749.0
5427,3410878.0
5428,4491607.0
5429,4554237.0
5430,1756069.0
5431,4807746.0
5432,2021934.0
5433,3004429.0
5434,2371202.0
5435,3410878.0
5436,3956086.0
5437,3347767.0
5438,2738052.0
5439,5595267.0
5440,3752885.0
5441,2058644.0
5442,4250758.0
5443,8213524.0
5444,3004429.0
5445,4250553.0
5446,3807496.0
5447,2055379.0
5448,1999097.0
5449,6836483.0
5450,4316715.0
5451,9262754.0
5452,4136425.0
5453,5500818.0
5454,2097022.0
5455,4015749.0
5456,1999097.0
5457,4491607.0
5458,2344689.0
5459,2344689.0
5460,2021934.0
5461,4705945.0
5462,3351383.0
5463,3410878.0
5464,3727364.0
5465,2390534.0
5466,3745135.0
5467,3426169.0
5468,2738052.0
5469,3410878.0
5470,5435276.0
5471,2021934.0
5472,2018785.0
5473,3410878.0
5474,4066618.0
5475,2383840.0
5476,5595267.0
5477,4491607.0
5478,3410878.0
5479,2018785.0
5480,4590423.0
5481,6694797.0
5482,5337526.0
5483,3600467.0
5484,3982767.0
5485,1619683.0
5486,9262754.0
5487,6782425.0
5488,3956086.0
5489,1619683.0
5490,3004429.0
5491,2267425.0
5492,2551252.0
5493,2058644.0
5494,1270499.0
5495,3780019.0
5496,5787594.0
5497,2267425.0
5498,3982767.0
5499,4067566.0
5500,3351383.0
5501,7592272.0
5502,3004429.0
5503,1619683.0
5504,3410878.0
5505,3447890.0
5506,2021934.0
5507,3982767.0
5508,5161370.0
5509,8213524.0
5510,3218918.0
5511,3218918.0
5512,2344689.0
5513,1619683.0
5514,1270499.0
5515,3727364.0
5516,2267425.0
5517,2390534.0
5518,3164972.0
5519,1999097.0
5520,5461700.0
5521,3426169.0
5522,7495092.0
5523,1999097.0
5524,6941173.0
5525,7592272.0
5526,3600467.0
5527,1149870.0
5528,4491607.0
5529,1882131.0
5530,4250553.0
5531,4590423.0
5532,5500818.0
5533,3445076.0
5534,4250553.0
5535,3410878.0
5536,3410878.0
5537,3600467.0
5538,1999097.0
5539,2021934.0
5540,2371202.0
5541,6363241.0
5542,2390534.0
5543,3445076.0
5544,5444227.0
5545,6313221.0
5546,3004429.0
5547,6412623.0
5548,3351383.0
5549,1999097.0
5550,3778621.0
5551,1756069.0
5552,3347767.0
5553,7592272.0
5554,3351383.0
5555,6363241.0
5556,4429512.0
5557,3410878.0
5558,3351383.0
5559,3376145.0
5560,4952255.0
5561,3218918.0
5562,1756069.0
5563,2390534.0
5564,4590423.0
5565,2383840.0
5566,4467728.0
5567,6363241.0
5568,2097022.0
5569,7201784.0
5570,4491607.0
5571,16549064.0
5572,2344689.0
5573,2371202.0
5574,3410878.0
5575,4350573.0
5576,8894598.0
5577,3982767.0
5578,2344689.0
5579,3982767.0
5580,3600467.0
5581,6694797.0
5582,1882131.0
5583,1619683.0
5584,1270499.0
5585,4067566.0
5586,3028267.0
5587,6836483.0
5588,4888774.0
5589,6836483.0
5590,3004429.0
5591,6313221.0
5592,4066618.0
5593,2551252.0
5594,3600467.0
5595,5525735.0
5596,3410878.0
5597,1999097.0
5598,2058644.0
5599,3004429.0
5600,2097022.0
5601,3982767.0
5602,3600467.0
5603,3410878.0
5604,4780607.0
5605,4015749.0
5606,8213524.0
5607,2156098.0
5608,4250553.0
5609,6836483.0
5610,5525735.0
5611,2732645.0
5612,3600467.0
5613,6313221.0
5614,2267425.0
5615,4952255.0
5616,4100886.0
5617,6363241.0
5618,1882131.0
5619,3347767.0
5620,2738052.0
5621,3376145.0
5622,2058644.0
5623,2993069.0
5624,2675511.0
5625,2097022.0
5626,6363241.0
5627,1734634.0
5628,6313221.0
5629,8213524.0
5630,2021934.0
5631,2025297.0
5632,4554237.0
5633,1756069.0
5634,6313221.0
5635,1999097.0
5636,5461700.0
5637,1904842.0
5638,2344689.0
5639,2792031.0
5640,13575224.0
5641,3004429.0
5642,1882131.0
5643,2097022.0
5644,3351383.0
5645,2021934.0
5646,2021934.0
5647,2390534.0
5648,3028267.0
5649,8904084.0
5650,2954086.0
5651,3004429.0
5652,5017319.0
5653,3351383.0
5654,1999097.0
5655,3600467.0
5656,6836483.0
5657,1999097.0
5658,4219263.0
5659,2364478.0
5660,3745135.0
5661,4807746.0
5662,2675511.0
5663,5435276.0
5664,4015749.0
5665,2344689.0
5666,1999097.0
5667,3600467.0
5668,3028267.0
5669,8904084.0
5670,1999097.0
5671,3004429.0
5672,2097022.0
5673,2390534.0
5674,3199619.0
5675,4888774.0
5676,7495092.0
5677,3982767.0
5678,3351383.0
5679,1847826.0
5680,2344689.0
5681,4067566.0
5682,8213524.0
5683,1756069.0
5684,3347767.0
5685,9262754.0
5686,4705945.0
5687,7865428.0
5688,1149870.0
5689,3410878.0
5690,5444227.0
5691,3727364.0
5692,5337526.0
5693,3261924.0
5694,2018785.0
5695,9652350.0
5696,3410878.0
5697,4015749.0
5698,5525735.0
5699,3004429.0
5700,4705945.0
5701,2344689.0
5702,3004429.0
5703,6313221.0
5704,3028267.0
5705,1619683.0
5706,1999097.0
5707,3218918.0
5708,2993069.0
5709,3028267.0
5710,2390534.0
5711,6313221.0
5712,4052733.0
5713,5500818.0
5714,2792031.0
5715,2055379.0
5716,3028267.0
5717,4554237.0
5718,5444227.0
5719,3836721.0
5720,2525375.0
5721,1619683.0
5722,3410878.0
5723,5337526.0
5724,4250553.0
5725,2344689.0
5726,8213524.0
5727,1756069.0
5728,4316715.0
5729,2018785.0
5730,2083447.0
5731,3351383.0
5732,3939804.0
5733,2675511.0
5734,2390534.0
5735,1999097.0
5736,3426169.0
5737,1763231.0
5738,3447890.0
5739,1756069.0
5740,1999097.0
5741,2544857.0
5742,1999097.0
5743,7592272.0
5744,2055379.0
5745,3956086.0
5746,1734634.0
5747,3199619.0
5748,1149870.0
5749,5435276.0
5750,8904084.0
5751,3982767.0
5752,2083447.0
5753,3939804.0
5754,4264176.0
5755,3347767.0
5756,2097022.0
5757,5906596.0
5758,1270499.0
5759,5500818.0
5760,5906596.0
5761,7592272.0
5762,3248660.0
5763,5337526.0
5764,4219263.0
5765,1619683.0
5766,2551252.0
5767,3745135.0
5768,4780607.0
5769,3778621.0
5770,7201784.0
5771,3351383.0
5772,8213524.0
5773,1904842.0
5774,2371202.0
5775,2097022.0
5776,6363241.0
5777,3410878.0
5778,3570392.0
5779,1619683.0
5780,4590423.0
5781,2097022.0
5782,4066618.0
5783,7592272.0
5784,5906596.0
5785,2021934.0
5786,9652350.0
5787,1734634.0
5788,7217634.0
5789,3780019.0
5790,5017319.0
5791,3426169.0
5792,3982767.0
5793,2544857.0
5794,1734634.0
5795,2058644.0
5796,3745135.0
5797,3752885.0
5798,2525375.0
5799,5444227.0
5800,2525375.0
5801,2544857.0
5802,6313221.0
5803,3426169.0
5804,2383840.0
5805,2390534.0
5806,1149870.0
5807,3982767.0
5808,8213524.0
5809,4888774.0
5810,4015749.0
5811,2551252.0
5812,3351383.0
5813,1270499.0
5814,7217634.0
5815,2993069.0
5816,2390534.0
5817,2344689.0
5818,2018785.0
5819,2544857.0
5820,8213524.0
5821,5906596.0
5822,4491607.0
5823,2021934.0
5824,4467728.0
5825,3982767.0
5826,4491607.0
5827,1756069.0
5828,2344689.0
5829,2675511.0
5830,3347767.0
5831,3778621.0
5832,2018785.0
5833,2738052.0
5834,3028267.0
5835,3727364.0
5836,8213524.0
5837,3982767.0
5838,4554237.0
5839,1756069.0
5840,1999097.0
5841,1149870.0
5842,5525735.0
5843,3982767.0
5844,3351383.0
5845,5595267.0
5846,8213524.0
5847,3903884.0
5848,2344689.0
5849,1999097.0
5850,4015749.0
5851,3248660.0
5852,4554237.0
5853,3600467.0
5854,3351383.0
5855,4807746.0
5856,3410878.0
5857,2993069.0
5858,1756069.0
5859,4250553.0
5860,1999097.0
5861,7217634.0
5862,4807746.0
5863,2344689.0
5864,2018785.0
5865,2954086.0
5866,3004429.0
5867,1149870.0
5868,2344689.0
5869,8213524.0
5870,3258837.0
5871,4100886.0
5872,4780607.0
5873,2792031.0
5874,7592272.0
5875,2371202.0
5876,3347767.0
5877,2993069.0
5878,2792031.0
5879,3982767.0
5880,2058644.0
5881,5525735.0
5882,8213524.0
5883,1756069.0
5884,4807746.0
5885,4316715.0
5886,3410878.0
5887,3199619.0
5888,1882131.0
5889,2018785.0
5890,2544857.0
5891,2993069.0
5892,4155435.0
5893,5595267.0
5894,6412623.0
5895,6313221.0
5896,3727364.0
5897,4705945.0
5898,2018785.0
5899,2675511.0
5900,3600467.0
5901,2544857.0
5902,1270499.0
5903,6313221.0
5904,4015749.0
5905,2018785.0
5906,4067566.0
5907,3780019.0
5908,4491607.0
5909,1847826.0
5910,7217634.0
5911,1756069.0
5912,1999097.0
5913,4066618.0
5914,2156098.0
5915,2675511.0
5916,3778621.0
5917,3347767.0
5918,2058644.0
5919,2344689.0
5920,8213524.0
5921,2390534.0
5922,6941173.0
5923,3351383.0
5924,4015749.0
5925,2021934.0
5926,3008199.0
5927,4100886.0
5928,3753720.0
5929,3752885.0
5930,3939804.0
5931,3780019.0
5932,1999097.0
5933,2097022.0
5934,1270499.0
5935,3836721.0
5936,2021934.0
5937,1904842.0
5938,3347767.0
5939,3351383.0
5940,2021934.0
5941,4888774.0
5942,1270499.0
5943,6363241.0
5944,6941173.0
5945,6941173.0
5946,3982767.0
5947,3347767.0
5948,4554237.0
5949,3248660.0
5950,4155435.0
5951,2344689.0
5952,3258837.0
5953,8213524.0
5954,9262754.0
5955,4052733.0
5956,8894598.0
5957,2390534.0
5958,9652350.0
5959,2738052.0
5960,2525375.0
5961,2525375.0
5962,6313221.0
5963,3836721.0
5964,2675511.0
5965,5435276.0
5966,3351383.0
5967,2025297.0
5968,4705945.0
5969,8904084.0
5970,3410878.0
5971,3410878.0
5972,2344689.0
5973,6363241.0
5974,2083447.0
5975,2390534.0
5976,3836721.0
5977,2055379.0
5978,1149870.0
5979,6694797.0
5980,2344689.0
5981,1619683.0
5982,6923131.0
5983,3903884.0
5984,3745135.0
5985,4888774.0
5986,2732645.0
5987,1999097.0
5988,3261924.0
5989,4590423.0
5990,3939804.0
5991,5595267.0
5992,2021934.0
5993,4100886.0
5994,1619683.0
5995,1999097.0
5996,2344689.0
5997,1904842.0
5998,3347767.0
5999,2021934.0
6000,2344689.0
6001,4066618.0
6002,3008199.0
6003,2156098.0
6004,2058644.0
6005,1149870.0
6006,3939804.0
6007,3939804.0
6008,5595267.0
6009,2675511.0
6010,1847826.0
6011,1149870.0
6012,3982767.0
6013,8213524.0
6014,1756069.0
6015,3351383.0
6016,2383840.0
6017,3004429.0
6018,9262754.0
6019,3347767.0
6020,3600467.0
6021,2675511.0
6022,4554237.0
6023,1149870.0
6024,3956086.0
6025,9262754.0
6026,7201784.0
6027,4067566.0
6028,3004429.0
6029,4219263.0
6030,5525735.0
6031,1847826.0
6032,3447890.0
6033,2344689.0
6034,3199619.0
6035,9262754.0
6036,2058644.0
6037,4590423.0
6038,2097022.0
6039,2058644.0
6040,5337526.0
6041,3445076.0
6042,2344689.0
6043,7495092.0
6044,2738052.0
6045,1756069.0
6046,3570392.0
6047,2344689.0
6048,4350573.0
6049,2097022.0
6050,1999097.0
6051,5653753.0
6052,3447890.0
6053,6941173.0
6054,2018785.0
6055,2738052.0
6056,6923131.0
6057,3004429.0
6058,3351383.0
6059,1847826.0
6060,3752885.0
6061,3982767.0
6062,1756069.0
6063,2055379.0
6064,2364478.0
6065,2390534.0
6066,7592272.0
6067,8904084.0
6068,4067566.0
6069,2018785.0
6070,6923131.0
6071,1999097.0
6072,1882131.0
6073,7217634.0
6074,2267425.0
6075,3956086.0
6076,2675511.0
6077,8213524.0
6078,3351383.0
6079,3752885.0
6080,8213524.0
6081,3258837.0
6082,2156098.0
6083,2058644.0
6084,2525375.0
6085,4467728.0
6086,7495092.0
6087,6694797.0
6088,2344689.0
6089,8213524.0
6090,1904842.0
6091,3004429.0
6092,4651866.0
6093,8213524.0
6094,1756069.0
6095,3248660.0
6096,7592272.0
6097,3982767.0
6098,1149870.0
6099,3347767.0
6100,3939804.0
6101,2267425.0
6102,1619683.0
6103,3600467.0
6104,7592272.0
6105,4491607.0
6106,2025297.0
6107,2018785.0
6108,1882131.0
6109,1756069.0
6110,2390534.0
6111,6412623.0
6112,1756069.0
6113,2097022.0
6114,8213524.0
6115,4590423.0
6116,1270499.0
6117,4155435.0
6118,2344689.0
6119,2058644.0
6120,7865428.0
6121,4015749.0
6122,6412623.0
6123,8904084.0
6124,2993069.0
6125,1999097.0
6126,4807746.0
6127,3727364.0
6128,3780019.0
6129,1619683.0
6130,3004429.0
6131,7217634.0
6132,1847826.0
6133,3347767.0
6134,2097022.0
6135,3004429.0
6136,3600467.0
6137,1756069.0
6138,3351383.0
6139,3982767.0
6140,6836483.0
6141,1756069.0
6142,2344689.0
6143,2025297.0
6144,2097022.0
6145,6412623.0
6146,4100886.0
6147,2390534.0
6148,3410878.0
6149,8894598.0
6150,4250553.0
6151,4067566.0
6152,3956086.0
6153,1756069.0
6154,1756069.0
6155,4067566.0
6156,3004429.0
6157,6694797.0
6158,1999097.0
6159,4067566.0
6160,4100886.0
6161,3956086.0
6162,7592272.0
6163,3600467.0
6164,3164972.0
6165,4350573.0
6166,1756069.0
6167,5286212.0
6168,3028267.0
6169,4015749.0
6170,4467728.0
6171,5500818.0
6172,3939804.0
6173,1847826.0
6174,6923131.0
6175,1756069.0
6176,3261924.0
6177,2097022.0
6178,2993069.0
6179,2993069.0
6180,2344689.0
6181,3982767.0
6182,3600467.0
6183,3956086.0
6184,1847826.0
6185,3351383.0
6186,4263629.0
6187,3452382.0
6188,2025297.0
6189,9262754.0
6190,2025297.0
6191,6694797.0
6192,1763231.0
6193,6313221.0
6194,6412623.0
6195,2018785.0
6196,3351383.0
6197,7201784.0
6198,1999097.0
6199,1734634.0
6200,3982767.0
6201,4491607.0
6202,1847826.0
6203,3727364.0
6204,3836721.0
6205,1734634.0
6206,1999097.0
6207,2097022.0
6208,2544857.0
6209,4467728.0
6210,2267425.0
6211,4316715.0
6212,7865428.0
6213,2097022.0
6214,4067566.0
6215,1763231.0
6216,2383840.0
6217,2544857.0
6218,3818055.0
6219,7865428.0
6220,5435276.0
6221,2993069.0
6222,1149870.0
6223,2544857.0
6224,2525375.0
6225,2551252.0
6226,4952255.0
6227,3164972.0
6228,4705945.0
6229,3727364.0
6230,1904842.0
6231,2525375.0
6232,5787594.0
6233,4052733.0
6234,3447890.0
6235,2018785.0
6236,1149870.0
6237,9262754.0
6238,4491607.0
6239,4590423.0
6240,3447890.0
6241,2551252.0
6242,2055379.0
6243,8213524.0
6244,3351383.0
6245,2018785.0
6246,1999097.0
6247,3426169.0
6248,3410878.0
6249,2371202.0
6250,3347767.0
6251,1619683.0
6252,2675511.0
6253,1847826.0
6254,8213524.0
6255,2156098.0
6256,6412623.0
6257,9262754.0
6258,1756069.0
6259,3199619.0
6260,4066618.0
6261,7495092.0
6262,2267425.0
6263,1149870.0
6264,3347767.0
6265,6836483.0
6266,5787594.0
6267,3778621.0
6268,1904842.0
6269,2267425.0
6270,4350573.0
6271,2993069.0
6272,3261924.0
6273,4554237.0
6274,2156098.0
6275,5595267.0
6276,2156098.0
6277,2267425.0
6278,1999097.0
6279,3807496.0
6280,2344689.0
6281,3939804.0
6282,3004429.0
6283,4705945.0
6284,2371202.0
6285,2021934.0
6286,2525375.0
6287,3410878.0
6288,3903884.0
6289,4491607.0
6290,3261924.0
6291,2058644.0
6292,3347767.0
6293,5017319.0
6294,5525735.0
6295,5525735.0
6296,3218918.0
6297,4264176.0
6298,3982767.0
6299,4264176.0
6300,4067566.0
6301,3004429.0
6302,4015749.0
6303,1619683.0
6304,13575224.0
6305,3258837.0
6306,2156098.0
6307,2058644.0
6308,3410878.0
6309,6313221.0
6310,7592272.0
6311,1270499.0
6312,1904842.0
6313,4264176.0
6314,3351383.0
6315,1619683.0
6316,2267425.0
6317,5500818.0
6318,4316715.0
6319,1619683.0
6320,2390534.0
6321,2021934.0
6322,2383840.0
6323,1270499.0
6324,3376145.0
6325,7495092.0
6326,1882131.0
6327,2390534.0
6328,2551252.0
6329,4554237.0
6330,2344689.0
6331,7217634.0
6332,4705945.0
6333,3273041.0
6334,4350573.0
6335,3752885.0
6336,4590423.0
6337,3028267.0
6338,2954086.0
6339,6412623.0
6340,1999097.0
6341,1756069.0
6342,4100886.0
6343,7495092.0
6344,3410878.0
6345,3982767.0
6346,5444227.0
6347,3600467.0
6348,2390534.0
6349,1904842.0
6350,3351383.0
6351,3752885.0
6352,8904084.0
6353,4286645.0
6354,4219263.0
6355,2021934.0
6356,6782425.0
6357,2055379.0
6358,2344689.0
6359,6923131.0
6360,2267425.0
6361,3780019.0
6362,1734634.0
6363,3351383.0
6364,1756069.0
6365,4491607.0
6366,4250758.0
6367,3956086.0
6368,4491607.0
6369,4250553.0
6370,2058644.0
6371,3199619.0
6372,3410878.0
6373,2058644.0
6374,1619683.0
6375,2675511.0
6376,2083447.0
6377,4066618.0
6378,3199619.0
6379,3600467.0
6380,1270499.0
6381,3745135.0
6382,1756069.0
6383,5461700.0
6384,2364478.0
6385,6694797.0
6386,3351383.0
6387,4250553.0
6388,4250553.0
6389,2021934.0
6390,2021934.0
6391,3982767.0
6392,4250553.0
6393,2740687.0
6394,4952255.0
6395,2025297.0
6396,2544857.0
6397,4250553.0
6398,7495092.0
6399,6923131.0
6400,4067566.0
6401,3939804.0
6402,2058644.0
6403,2021934.0
6404,1270499.0
6405,2525375.0
6406,2732645.0
6407,1619683.0
6408,2058644.0
6409,3778621.0
6410,3956086.0
6411,4250553.0
6412,4807746.0
6413,6363241.0
6414,2021934.0
6415,2675511.0
6416,1734634.0
6417,4316715.0
6418,3939804.0
6419,5500818.0
6420,2021934.0
6421,1270499.0
6422,2344689.0
6423,3410878.0
6424,1756069.0
6425,3778621.0
6426,2732645.0
6427,1904842.0
6428,6694797.0
6429,3982767.0
6430,3939804.0
6431,3410878.0
6432,2267425.0
6433,5500818.0
6434,3982767.0
6435,4015749.0
6436,4491607.0
6437,3752885.0
6438,2390534.0
6439,1270499.0
6440,4554237.0
6441,4554237.0
6442,3028267.0
6443,3447890.0
6444,2021934.0
6445,3426169.0
6446,3600467.0
6447,2018785.0
6448,2364478.0
6449,2344689.0
6450,4015749.0
6451,2371202.0
6452,1149870.0
6453,5525735.0
6454,3218918.0
6455,6782425.0
6456,7201784.0
6457,1882131.0
6458,3778621.0
6459,2364478.0
6460,3836721.0
6461,6923131.0
6462,2021934.0
6463,2740687.0
6464,4590423.0
6465,2954086.0
6466,2732645.0
6467,2083447.0
6468,3600467.0
6469,7217634.0
6470,6836483.0
6471,1756069.0
6472,4888774.0
6473,3939804.0
6474,2055379.0
6475,4316715.0
6476,3273041.0
6477,6694797.0
6478,1999097.0
6479,5787594.0
6480,2058644.0
6481,1999097.0
6482,2097022.0
6483,1882131.0
6484,2083447.0
6485,4067566.0
6486,4554237.0
6487,1756069.0
6488,3447890.0
6489,5500818.0
6490,3780019.0
6491,1756069.0
6492,4882985.0
6493,8213524.0
6494,4066618.0
6495,3410878.0
6496,4155435.0
6497,2156098.0
6498,4807746.0
6499,6363241.0
6500,4888774.0
6501,4350573.0
6502,3004429.0
6503,4429512.0
6504,2055379.0
6505,3351383.0
6506,1904842.0
6507,4590423.0
6508,2544857.0
6509,3376145.0
6510,3376145.0
6511,4015749.0
6512,2344689.0
6513,7201784.0
6514,3410878.0
6515,5461700.0
6516,1999097.0
6517,5017319.0
6518,1619683.0
6519,1847826.0
6520,5595267.0
6521,2021934.0
6522,4882985.0
6523,3982767.0
6524,3745135.0
6525,3351383.0
6526,3727364.0
6527,2390534.0
6528,5595267.0
6529,2390534.0
6530,2156098.0
6531,2025297.0
6532,3752885.0
6533,2371202.0
6534,2058644.0
6535,4952255.0
6536,5166635.0
6537,7592272.0
6538,3939804.0
6539,4491607.0
6540,3727364.0
6541,1904842.0
6542,1756069.0
6543,2021934.0
6544,3752885.0
6545,3780019.0
6546,3410878.0
6547,2021934.0
6548,6923131.0
6549,8213524.0
6550,2344689.0
6551,2738052.0
6552,3347767.0
6553,1999097.0
6554,6363241.0
6555,3836721.0
6556,4066618.0
6557,3982767.0
6558,4888774.0
6559,4491607.0
6560,8213524.0
6561,9262754.0
6562,3351383.0
6563,3745135.0
6564,2344689.0
6565,2058644.0
6566,3410878.0
6567,2344689.0
6568,1619683.0
6569,2097022.0
6570,1270499.0
6571,3410878.0
6572,1999097.0
6573,8213524.0
6574,2021934.0
6575,2021934.0
6576,1999097.0
6577,3347767.0
6578,2551252.0
6579,2740687.0
6580,6412623.0
6581,6313221.0
6582,1882131.0
6583,5525735.0
6584,2371202.0
6585,1847826.0
6586,3445076.0
6587,5595267.0
6588,4052733.0
6589,3780019.0
6590,2021934.0
6591,3004429.0
6592,3164972.0
6593,3351383.0
6594,2055379.0
6595,3752885.0
6596,4491607.0
6597,4590423.0
6598,2097022.0
6599,2058644.0
6600,3347767.0
6601,1619683.0
6602,4590423.0
6603,2018785.0
6604,6694797.0
6605,3426169.0
6606,3261924.0
6607,3939804.0
6608,3410878.0
6609,2544857.0
6610,2083447.0
6611,4316715.0
6612,3410878.0
6613,6412623.0
6614,2021934.0
6615,1999097.0
6616,7201784.0
6617,2055379.0
6618,2025297.0
6619,2344689.0
6620,1847826.0
6621,3248660.0
6622,2525375.0
6623,2371202.0
6624,1756069.0
6625,7495092.0
6626,1149870.0
6627,5337526.0
6628,2390534.0
6629,5435276.0
6630,3982767.0
6631,2993069.0
6632,2156098.0
6633,3447890.0
6634,4015749.0
6635,6313221.0
6636,2544857.0
6637,7217634.0
6638,4554237.0
6639,3780019.0
6640,2792031.0
6641,5435276.0
6642,1734634.0
6643,2390534.0
6644,5595267.0
6645,5286212.0
6646,2018785.0
6647,2097022.0
6648,2390534.0
6649,6412623.0
6650,2021934.0
6651,8904084.0
6652,4316715.0
6653,3426169.0
6654,4015749.0
6655,4705945.0
6656,2390534.0
6657,3600467.0
6658,4264176.0
6659,3426169.0
6660,1270499.0
6661,4705945.0
6662,1999097.0
6663,2364478.0
6664,4286645.0
6665,2018785.0
6666,3351383.0
6667,2344689.0
6668,6836483.0
6669,3347767.0
6670,2344689.0
6671,1149870.0
6672,2018785.0
6673,4491607.0
6674,2344689.0
6675,6923131.0
6676,2993069.0
6677,5166635.0
6678,1763231.0
6679,2544857.0
6680,4491607.0
6681,3426169.0
6682,3347767.0
6683,3410878.0
6684,4015749.0
6685,8213524.0
6686,4952255.0
6687,3199619.0
6688,1999097.0
6689,3807496.0
6690,2792031.0
6691,4590423.0
6692,3410878.0
6693,6941173.0
6694,1999097.0
6695,4491607.0
6696,5337526.0
6697,4263629.0
6698,7217634.0
6699,2525375.0
6700,3745135.0
6701,3452382.0
6702,3982767.0
6703,5337526.0
6704,2344689.0
6705,3258837.0
6706,4263629.0
6707,3939804.0
6708,3903884.0
6709,2097022.0
6710,3982767.0
6711,2344689.0
6712,3956086.0
6713,3028267.0
6714,4780607.0
6715,3351383.0
6716,6313221.0
6717,6412623.0
6718,1149870.0
6719,1999097.0
6720,1999097.0
6721,7592272.0
6722,4554237.0
6723,3351383.0
6724,2371202.0
6725,2021934.0
6726,4052733.0
6727,1149870.0
6728,3939804.0
6729,1149870.0
6730,3376145.0
6731,1149870.0
6732,2675511.0
6733,5906596.0
6734,3248660.0
6735,4491607.0
6736,8213524.0
6737,3778621.0
6738,4590423.0
6739,3004429.0
6740,2025297.0
6741,7201784.0
6742,2675511.0
6743,4888774.0
6744,3778621.0
6745,7592272.0
6746,1847826.0
6747,2021934.0
6748,1619683.0
6749,2058644.0
6750,3982767.0
6751,3600467.0
6752,4136425.0
6753,5595267.0
6754,3248660.0
6755,4952255.0
6756,6694797.0
6757,3347767.0
6758,3261924.0
6759,4286645.0
6760,1999097.0
6761,4052733.0
6762,3410878.0
6763,2344689.0
6764,2267425.0
6765,2364478.0
6766,8213524.0
6767,3426169.0
6768,9652350.0
6769,6923131.0
6770,2021934.0
6771,5017319.0
6772,6941173.0
6773,4052733.0
6774,3426169.0
6775,5337526.0
6776,2058644.0
6777,3780019.0
6778,1619683.0
6779,8213524.0
6780,7495092.0
6781,2156098.0
6782,16549064.0
6783,2267425.0
6784,2018785.0
6785,1734634.0
6786,3410878.0
6787,3600467.0
6788,1149870.0
6789,3347767.0
6790,4491607.0
6791,6694797.0
6792,1904842.0
6793,2021934.0
6794,3447890.0
6795,3752885.0
6796,2267425.0
6797,4491607.0
6798,2344689.0
6799,4264176.0
6800,2371202.0
6801,3836721.0
6802,3347767.0
6803,3600467.0
6804,4052733.0
6805,7495092.0
6806,6363241.0
6807,3258837.0
6808,4882985.0
6809,7217634.0
6810,2055379.0
6811,3727364.0
6812,5595267.0
6813,2792031.0
6814,2993069.0
6815,2097022.0
6816,4015749.0
6817,4952255.0
6818,7217634.0
6819,2738052.0
6820,5525735.0
6821,1756069.0
6822,9262754.0
6823,9262754.0
6824,4264176.0
6825,3982767.0
6826,1756069.0
6827,3939804.0
6828,4590423.0
6829,3752885.0
6830,3778621.0
6831,2525375.0
6832,2371202.0
6833,1882131.0
6834,3028267.0
6835,1149870.0
6836,3347767.0
6837,1270499.0
6838,4316715.0
6839,2999068.0
6840,2097022.0
6841,3745135.0
6842,6412623.0
6843,3982767.0
6844,3351383.0
6845,4491607.0
6846,3752885.0
6847,2344689.0
6848,2021934.0
6849,2097022.0
6850,3351383.0
6851,8213524.0
6852,2021934.0
6853,3745135.0
6854,1619683.0
6855,4250758.0
6856,1270499.0
6857,1999097.0
6858,7592272.0
6859,3600467.0
6860,2738052.0
6861,4491607.0
6862,3347767.0
6863,4263629.0
6864,3836721.0
6865,7865428.0
6866,2344689.0
6867,1847826.0
6868,3939804.0
6869,4250553.0
6870,1999097.0
6871,4316715.0
6872,3261924.0
6873,1619683.0
6874,4491607.0
6875,6412623.0
6876,2097022.0
6877,1904842.0
6878,7592272.0
6879,1847826.0
6880,1882131.0
6881,6313221.0
6882,2551252.0
6883,7865428.0
6884,2021934.0
6885,6941173.0
6886,5525735.0
6887,3004429.0
6888,4316715.0
6889,3982767.0
6890,4888774.0
6891,3727364.0
6892,4590423.0
6893,2344689.0
6894,1270499.0
6895,3351383.0
6896,3426169.0
6897,2383840.0
6898,7865428.0
6899,4250758.0
6900,5595267.0
6901,2083447.0
6902,1847826.0
6903,3004429.0
6904,4705945.0
6905,2792031.0
6906,1270499.0
6907,4052733.0
6908,3248660.0
6909,3410878.0
6910,3452382.0
6911,4491607.0
6912,6694797.0
6913,7592272.0
6914,2058644.0
6915,3410878.0
6916,3347767.0
6917,1270499.0
6918,2083447.0
6919,2954086.0
6920,1999097.0
6921,4015749.0
6922,6363241.0
6923,3426169.0
6924,1882131.0
6925,4250553.0
6926,1149870.0
6927,1847826.0
6928,2055379.0
6929,2025297.0
6930,9262754.0
6931,5161370.0
6932,4467728.0
6933,2097022.0
6934,2097022.0
6935,3004429.0
6936,4052733.0
6937,6941173.0
6938,2021934.0
6939,3347767.0
6940,2954086.0
6941,4052733.0
6942,4015749.0
6943,7495092.0
6944,1619683.0
6945,1999097.0
6946,9262754.0
6947,2097022.0
6948,2055379.0
6949,1999097.0
6950,3347767.0
6951,2097022.0
6952,4136425.0
6953,5595267.0
6954,3410878.0
6955,3447890.0
6956,2058644.0
6957,3752885.0
6958,2544857.0
6959,2993069.0
6960,3745135.0
6961,2675511.0
6962,5166635.0
6963,2525375.0
6964,3426169.0
6965,5595267.0
6966,7592272.0
6967,2021934.0
6968,3004429.0
6969,2025297.0
6970,7217634.0
6971,4807746.0
6972,3903884.0
6973,5525735.0
6974,6313221.0
6975,1149870.0
6976,7865428.0
6977,6313221.0
6978,6941173.0
6979,3982767.0
6980,1149870.0
6981,7217634.0
6982,7201784.0
6983,3004429.0
6984,6412623.0
6985,4429512.0
6986,8213524.0
6987,3004429.0
6988,3347767.0
6989,3008199.0
6990,2018785.0
6991,4491607.0
6992,9262754.0
6993,2021934.0
6994,2058644.0
6995,2738052.0
6996,5435276.0
6997,3410878.0
6998,2097022.0
6999,1847826.0
7000,2675511.0
7001,3248660.0
7002,2021934.0
7003,5017319.0
7004,7201784.0
7005,2344689.0
7006,4491607.0
7007,2058644.0
7008,1756069.0
7009,3351383.0
7010,5595267.0
7011,5500818.0
7012,2371202.0
7013,2267425.0
7014,1999097.0
7015,4705945.0
7016,4467728.0
7017,2364478.0
7018,2551252.0
7019,3745135.0
7020,2021934.0
7021,4491607.0
7022,2390534.0
7023,6313221.0
7024,2021934.0
7025,4264176.0
7026,2525375.0
7027,3956086.0
7028,1756069.0
7029,1904842.0
7030,2732645.0
7031,1734634.0
7032,2390534.0
7033,3410878.0
7034,2544857.0
7035,4100886.0
7036,8213524.0
7037,6923131.0
7038,3956086.0
7039,2732645.0
7040,2344689.0
7041,2344689.0
7042,1619683.0
7043,5435276.0
7044,1847826.0
7045,3452382.0
7046,1756069.0
7047,2544857.0
7048,5500818.0
7049,6313221.0
7050,1619683.0
7051,2390534.0
7052,1847826.0
7053,3218918.0
7054,8213524.0
7055,6694797.0
7056,3447890.0
7057,7865428.0
7058,4807746.0
7059,4263629.0
7060,1149870.0
7061,2156098.0
7062,3028267.0
7063,1999097.0
7064,1270499.0
7065,3982767.0
7066,3447890.0
7067,5906596.0
7068,1149870.0
7069,4952255.0
7070,3982767.0
7071,3004429.0
7072,3273041.0
7073,3004429.0
7074,1999097.0
7075,4952255.0
7076,1999097.0
7077,4952255.0
7078,1882131.0
7079,2954086.0
7080,1999097.0
7081,3780019.0
7082,2993069.0
7083,3752885.0
7084,3410878.0
7085,1270499.0
7086,2018785.0
7087,1756069.0
7088,6941173.0
7089,4250553.0
7090,4491607.0
7091,2390534.0
7092,1756069.0
7093,2267425.0
7094,2055379.0
7095,3745135.0
7096,1882131.0
7097,2364478.0
7098,3600467.0
7099,2993069.0
7100,4590423.0
7101,3426169.0
7102,5525735.0
7103,3836721.0
7104,1619683.0
7105,3248660.0
7106,3956086.0
7107,1270499.0
7108,5966193.0
7109,6941173.0
7110,4155435.0
7111,3351383.0
7112,2097022.0
7113,2390534.0
7114,4015749.0
7115,3351383.0
7116,1847826.0
7117,2371202.0
7118,3956086.0
7119,3347767.0
7120,2675511.0
7121,1270499.0
7122,3347767.0
7123,8213524.0
7124,1270499.0
7125,1763231.0
7126,7592272.0
7127,2344689.0
7128,3004429.0
7129,3982767.0
7130,6694797.0
7131,3164972.0
7132,1999097.0
7133,1999097.0
7134,9262754.0
7135,2344689.0
7136,2097022.0
7137,2792031.0
7138,3347767.0
7139,3745135.0
7140,2792031.0
7141,1882131.0
7142,2544857.0
7143,2544857.0
7144,2267425.0
7145,3780019.0
7146,2021934.0
7147,2675511.0
7148,4952255.0
7149,4780607.0
7150,3351383.0
7151,2383840.0
7152,2055379.0
7153,7865428.0
7154,2544857.0
7155,3903884.0
7156,1999097.0
7157,1619683.0
7158,3447890.0
7159,3778621.0
7160,1882131.0
7161,1756069.0
7162,3447890.0
7163,3199619.0
7164,1270499.0
7165,5337526.0
7166,1734634.0
7167,2544857.0
7168,1882131.0
7169,3982767.0
7170,1619683.0
7171,4067566.0
7172,2021934.0
7173,7201784.0
7174,2371202.0
7175,3410878.0
7176,2344689.0
7177,1847826.0
7178,2732645.0
7179,3745135.0
7180,4052733.0
7181,7201784.0
7182,2544857.0
7183,4780607.0
7184,4219263.0
7185,3351383.0
7186,3982767.0
7187,2525375.0
7188,5017319.0
7189,2999068.0
7190,7201784.0
7191,4250758.0
7192,4286645.0
7193,3956086.0
7194,7201784.0
7195,2058644.0
7196,2993069.0
7197,3818055.0
7198,6412623.0
7199,3939804.0
7200,2544857.0
7201,2344689.0
7202,3273041.0
7203,4491607.0
7204,5444227.0
7205,1270499.0
7206,1882131.0
7207,1270499.0
7208,6363241.0
7209,3410878.0
7210,6363241.0
7211,2344689.0
7212,3347767.0
7213,3600467.0
7214,4952255.0
7215,3410878.0
7216,6313221.0
7217,2021934.0
7218,2018785.0
7219,5525735.0
7220,3956086.0
7221,3376145.0
7222,3004429.0
7223,3447890.0
7224,5595267.0
7225,3347767.0
7226,3982767.0
7227,3956086.0
7228,8213524.0
7229,3745135.0
7230,4219263.0
7231,3273041.0
7232,2364478.0
7233,7217634.0
7234,1619683.0
7235,9262754.0
7236,2390534.0
7237,3939804.0
7238,2390534.0
7239,2097022.0
7240,1619683.0
7241,1763231.0
7242,1149870.0
7243,2025297.0
7244,6363241.0
7245,3004429.0
7246,8213524.0
7247,2551252.0
7248,3273041.0
7249,3410878.0
7250,3939804.0
7251,5337526.0
7252,4807746.0
7253,1904842.0
7254,4015749.0
7255,4250553.0
7256,3982767.0
7257,3982767.0
7258,3410878.0
7259,3199619.0
7260,4554237.0
7261,2544857.0
7262,1999097.0
7263,3410878.0
7264,4052733.0
7265,4263629.0
7266,1270499.0
7267,1904842.0
7268,4350573.0
7269,6836483.0
7270,2058644.0
7271,8213524.0
7272,2544857.0
7273,3600467.0
7274,2364478.0
7275,6923131.0
7276,2055379.0
7277,3600467.0
7278,2021934.0
7279,3600467.0
7280,1149870.0
7281,3426169.0
7282,3780019.0
7283,3780019.0
7284,1763231.0
7285,3351383.0
7286,4491607.0
7287,3939804.0
7288,3347767.0
7289,3982767.0
7290,3376145.0
7291,1999097.0
7292,3351383.0
7293,4015749.0
7294,2738052.0
7295,3347767.0
7296,1847826.0
7297,4067566.0
7298,2021934.0
7299,3982767.0
7300,3600467.0
7301,3752885.0
7302,4263629.0
7303,2390534.0
7304,1999097.0
7305,1756069.0
7306,4015749.0
7307,7495092.0
7308,2732645.0
7309,4316715.0
7310,2738052.0
7311,2738052.0
7312,3351383.0
7313,9262754.0
7314,3939804.0
7315,3982767.0
7316,2544857.0
7317,2371202.0
7318,5595267.0
7319,2025297.0
7320,6313221.0
7321,5525735.0
7322,5525735.0
7323,2058644.0
7324,4780607.0
7325,2018785.0
7326,4952255.0
7327,3351383.0
7328,2344689.0
7329,1999097.0
7330,3780019.0
7331,8213524.0
7332,2675511.0
7333,2058644.0
7334,6836483.0
7335,5595267.0
7336,4100886.0
7337,1999097.0
7338,3982767.0
7339,5595267.0
7340,2267425.0
7341,1763231.0
7342,2675511.0
7343,1904842.0
7344,2544857.0
7345,3600467.0
7346,6313221.0
7347,1619683.0
7348,3351383.0
7349,4250758.0
7350,1999097.0
7351,2025297.0
7352,4219263.0
7353,1763231.0
7354,4316715.0
7355,1904842.0
7356,6412623.0
7357,2344689.0
7358,6694797.0
7359,3028267.0
7360,8213524.0
7361,3248660.0
7362,3447890.0
7363,3410878.0
7364,2097022.0
7365,2390534.0
7366,7592272.0
7367,1149870.0
7368,3752885.0
7369,3982767.0
7370,2097022.0
7371,3752885.0
7372,3600467.0
7373,4316715.0
7374,3347767.0
7375,2344689.0
7376,5286212.0
7377,2267425.0
7378,3982767.0
7379,2267425.0
7380,3376145.0
7381,2675511.0
7382,3376145.0
7383,3452382.0
7384,3903884.0
7385,3164972.0
7386,4952255.0
7387,1756069.0
7388,3261924.0
7389,2344689.0
7390,9652350.0
7391,3982767.0
7392,1270499.0
7393,2344689.0
7394,4705945.0
7395,6363241.0
7396,1619683.0
7397,2371202.0
7398,3745135.0
7399,1619683.0
7400,1882131.0
7401,3347767.0
7402,2371202.0
7403,1847826.0
7404,1999097.0
7405,3939804.0
7406,3258837.0
7407,3727364.0
7408,1619683.0
7409,1847826.0
7410,5595267.0
7411,3836721.0
7412,3347767.0
7413,2525375.0
7414,3410878.0
7415,1999097.0
7416,3347767.0
7417,2021934.0
7418,2058644.0
7419,3600467.0
7420,2058644.0
7421,7592272.0
7422,3347767.0
7423,8904084.0
7424,3600467.0
7425,2371202.0
7426,3426169.0
7427,5435276.0
7428,3410878.0
7429,2544857.0
7430,1270499.0
7431,2544857.0
7432,2390534.0
7433,3600467.0
7434,9652350.0
7435,3570392.0
7436,2267425.0
7437,3956086.0
7438,2732645.0
7439,2344689.0
7440,2383840.0
7441,5017319.0
7442,5017319.0
7443,2390534.0
7444,5787594.0
7445,3004429.0
7446,4882985.0
7447,6694797.0
7448,4100886.0
7449,2675511.0
7450,3028267.0
7451,5017319.0
7452,2097022.0
7453,8213524.0
7454,5525735.0
7455,3745135.0
7456,7495092.0
7457,1149870.0
7458,3004429.0
7459,2371202.0
7460,2058644.0
7461,2544857.0
7462,1149870.0
7463,2544857.0
7464,6412623.0
7465,1763231.0
7466,2021934.0
7467,2390534.0
7468,2675511.0
7469,2390534.0
7470,6836483.0
7471,2999068.0
7472,2738052.0
7473,7495092.0
7474,2344689.0
7475,1756069.0
7476,2021934.0
7477,3745135.0
7478,2267425.0
7479,3004429.0
7480,9262754.0
7481,2344689.0
7482,1619683.0
7483,5525735.0
7484,1270499.0
7485,2267425.0
7486,3004429.0
7487,2544857.0
7488,1149870.0
7489,6313221.0
7490,2525375.0
7491,4491607.0
7492,3351383.0
7493,2738052.0
7494,3447890.0
7495,3410878.0
7496,7201784.0
7497,1619683.0
7498,1619683.0
7499,2390534.0
7500,3745135.0
7501,2993069.0
7502,2156098.0
7503,4286645.0
7504,3426169.0
7505,8213524.0
7506,2544857.0
7507,3982767.0
7508,8213524.0
7509,2058644.0
7510,4100886.0
7511,4350573.0
7512,3410878.0
7513,7592272.0
7514,3727364.0
7515,3347767.0
7516,2344689.0
7517,2021934.0
7518,2097022.0
7519,7495092.0
7520,3780019.0
7521,4264176.0
7522,5595267.0
7523,4316715.0
7524,1882131.0
7525,3445076.0
7526,4250553.0
7527,2058644.0
7528,2097022.0
7529,5337526.0
7530,3410878.0
7531,3956086.0
7532,1756069.0
7533,3780019.0
7534,7217634.0
7535,3780019.0
7536,2371202.0
7537,2021934.0
7538,1904842.0
7539,3939804.0
7540,6412623.0
7541,8213524.0
7542,5595267.0
7543,2021934.0
7544,1999097.0
7545,7201784.0
7546,2675511.0
7547,2390534.0
7548,3807496.0
7549,6313221.0
7550,4429512.0
7551,2156098.0
7552,2344689.0
7553,3836721.0
7554,1149870.0
7555,6836483.0
7556,3347767.0
7557,3004429.0
7558,5017319.0
7559,6941173.0
7560,6313221.0
7561,1149870.0
7562,3780019.0
7563,1756069.0
7564,4067566.0
7565,4491607.0
7566,3347767.0
7567,3351383.0
7568,7495092.0
7569,6412623.0
7570,2025297.0
7571,5500818.0
7572,8213524.0
7573,4780607.0
7574,3752885.0
7575,7865428.0
7576,5906596.0
7577,3778621.0
7578,3447890.0
7579,6941173.0
7580,2267425.0
7581,4350573.0
7582,6694797.0
7583,2097022.0
7584,5500818.0
7585,2018785.0
7586,3752885.0
7587,3410878.0
7588,3258837.0
7589,3004429.0
7590,5595267.0
7591,2058644.0
7592,2544857.0
7593,2058644.0
7594,4250553.0
7595,4250553.0
7596,5525735.0
7597,6313221.0
7598,4316715.0
7599,1999097.0
7600,1619683.0
7601,1999097.0
7602,3351383.0
7603,6363241.0
7604,1904842.0
7605,3426169.0
7606,1999097.0
7607,6923131.0
7608,9652350.0
7609,5444227.0
7610,3600467.0
7611,4705945.0
7612,3273041.0
7613,7495092.0
7614,3956086.0
7615,3410878.0
7616,4491607.0
7617,6313221.0
7618,6412623.0
7619,3447890.0
7620,4467728.0
7621,4554237.0
7622,3347767.0
7623,4250553.0
7624,3410878.0
7625,4263629.0
7626,7495092.0
7627,3410878.0
7628,4491607.0
7629,1270499.0
7630,2021934.0
7631,7865428.0
7632,6412623.0
7633,4807746.0
7634,1999097.0
7635,3410878.0
7636,3778621.0
7637,2525375.0
7638,3347767.0
7639,1882131.0
7640,5017319.0
7641,4952255.0
7642,1847826.0
7643,2390534.0
7644,1999097.0
7645,5435276.0
7646,2390534.0
7647,2018785.0
7648,9262754.0
7649,5444227.0
7650,4052733.0
7651,4491607.0
7652,3004429.0
7653,2097022.0
7654,2525375.0
7655,3982767.0
7656,7592272.0
7657,5500818.0
7658,5525735.0
7659,1847826.0
7660,2544857.0
7661,8213524.0
7662,3982767.0
7663,3727364.0
7664,6941173.0
7665,1619683.0
7666,6782425.0
7667,4100886.0
7668,8213524.0
7669,1999097.0
7670,2544857.0
7671,1904842.0
7672,6836483.0
7673,4888774.0
7674,1270499.0
7675,1270499.0
7676,7865428.0
7677,2675511.0
7678,2058644.0
7679,1270499.0
7680,4052733.0
7681,4052733.0
7682,3836721.0
7683,6694797.0
7684,3376145.0
7685,6412623.0
7686,1619683.0
7687,5525735.0
7688,2738052.0
7689,4066618.0
7690,1999097.0
7691,2058644.0
7692,3248660.0
7693,4015749.0
7694,7201784.0
7695,1756069.0
7696,7592272.0
7697,4263629.0
7698,2544857.0
7699,3351383.0
7700,8213524.0
7701,2156098.0
7702,3028267.0
7703,3982767.0
7704,3004429.0
7705,3939804.0
7706,3347767.0
7707,5337526.0
7708,2344689.0
7709,3836721.0
7710,1756069.0
7711,5017319.0
7712,2018785.0
7713,2021934.0
7714,2675511.0
7715,2267425.0
7716,3780019.0
7717,3982767.0
7718,2021934.0
7719,1756069.0
7720,2097022.0
7721,1756069.0
7722,3778621.0
7723,4467728.0
7724,2021934.0
7725,2738052.0
7726,3028267.0
7727,3410878.0
7728,3351383.0
7729,7495092.0
7730,1999097.0
7731,4780607.0
7732,5595267.0
7733,7201784.0
7734,5166635.0
7735,4052733.0
7736,2097022.0
7737,4219263.0
7738,5017319.0
7739,1756069.0
7740,3939804.0
7741,3447890.0
7742,4491607.0
7743,2083447.0
7744,3445076.0
7745,9652350.0
7746,5017319.0
7747,3600467.0
7748,2544857.0
7749,4219263.0
7750,6836483.0
7751,4052733.0
7752,7217634.0
7753,1904842.0
7754,2738052.0
7755,2525375.0
7756,3347767.0
7757,2344689.0
7758,1999097.0
7759,5966193.0
7760,4263629.0
7761,4015749.0
7762,2544857.0
7763,3982767.0
7764,2344689.0
7765,1756069.0
7766,4219263.0
7767,3939804.0
7768,2344689.0
7769,2732645.0
7770,2156098.0
7771,8904084.0
7772,3807496.0
7773,6836483.0
7774,1756069.0
7775,2097022.0
7776,2021934.0
7777,3447890.0
7778,6941173.0
7779,1999097.0
7780,5787594.0
7781,2390534.0
7782,1882131.0
7783,3351383.0
7784,5595267.0
7785,1999097.0
7786,6412623.0
7787,3982767.0
7788,3982767.0
7789,8213524.0
7790,4491607.0
7791,7592272.0
7792,7592272.0
7793,4316715.0
7794,6313221.0
7795,6923131.0
7796,3028267.0
7797,1847826.0
7798,8213524.0
7799,1847826.0
7800,4136425.0
7801,2792031.0
7802,4219263.0
7803,3818055.0
7804,3004429.0
7805,5500818.0
7806,4219263.0
7807,2993069.0
7808,4263629.0
7809,6923131.0
7810,4066618.0
7811,4350573.0
7812,3956086.0
7813,3807496.0
7814,2267425.0
7815,2058644.0
7816,1847826.0
7817,1270499.0
7818,3426169.0
7819,3727364.0
7820,7592272.0
7821,6313221.0
7822,3347767.0
7823,4250758.0
7824,8213524.0
7825,3351383.0
7826,5500818.0
7827,1999097.0
7828,4219263.0
7829,2025297.0
7830,8213524.0
7831,4250553.0
7832,3778621.0
7833,2018785.0
7834,3982767.0
7835,1756069.0
7836,2021934.0
7837,4052733.0
7838,3903884.0
7839,4467728.0
7840,2390534.0
7841,1756069.0
7842,4052733.0
7843,5595267.0
7844,2097022.0
7845,2551252.0
7846,9262754.0
7847,3982767.0
7848,3426169.0
7849,2097022.0
7850,4952255.0
7851,3600467.0
7852,3836721.0
7853,2993069.0
7854,3347767.0
7855,4067566.0
7856,2267425.0
7857,2371202.0
7858,2344689.0
7859,1904842.0
7860,3376145.0
7861,4052733.0
7862,3982767.0
7863,3004429.0
7864,2344689.0
7865,3347767.0
7866,2344689.0
7867,4015749.0
7868,2267425.0
7869,1847826.0
7870,2371202.0
7871,1904842.0
7872,3376145.0
7873,2058644.0
7874,3351383.0
7875,4952255.0
7876,4554237.0
7877,7217634.0
7878,4316715.0
7879,4052733.0
7880,2097022.0
7881,3376145.0
7882,2390534.0
7883,2525375.0
7884,6836483.0
7885,5595267.0
7886,3982767.0
7887,4250758.0
7888,2021934.0
7889,4888774.0
7890,4155435.0
7891,4491607.0
7892,4100886.0
7893,4705945.0
7894,1756069.0
7895,4780607.0
7896,4015749.0
7897,2993069.0
7898,4067566.0
7899,3410878.0
7900,4807746.0
7901,3004429.0
7902,2021934.0
7903,3218918.0
7904,3836721.0
7905,3004429.0
7906,2525375.0
7907,2544857.0
7908,3939804.0
7909,3004429.0
7910,3982767.0
7911,6836483.0
7912,6694797.0
7913,1619683.0
7914,3410878.0
7915,5166635.0
7916,3939804.0
7917,1847826.0
7918,4554237.0
7919,3273041.0
7920,1756069.0
7921,4067566.0
7922,3600467.0
7923,2058644.0
7924,3600467.0
7925,4350573.0
7926,3778621.0
7927,8213524.0
7928,2390534.0
7929,3347767.0
7930,4554237.0
7931,3836721.0
7932,3600467.0
7933,2018785.0
7934,7201784.0
7935,4888774.0
7936,2021934.0
7937,2018785.0
7938,5906596.0
7939,4554237.0
7940,3248660.0
7941,3445076.0
7942,2390534.0
7943,1763231.0
7944,2344689.0
7945,4952255.0
7946,3028267.0
7947,3982767.0
7948,1149870.0
7949,4590423.0
7950,3600467.0
7951,3004429.0
7952,3780019.0
7953,2371202.0
7954,3956086.0
7955,2551252.0
7956,2525375.0
7957,4491607.0
7958,5525735.0
7959,5595267.0
7960,3426169.0
7961,4136425.0
7962,3780019.0
7963,6694797.0
7964,2021934.0
7965,3982767.0
7966,3939804.0
7967,1904842.0
7968,3347767.0
7969,3982767.0
7970,4052733.0
7971,3004429.0
7972,1619683.0
7973,5500818.0
7974,2344689.0
7975,2097022.0
7976,3347767.0
7977,2344689.0
7978,4554237.0
7979,3600467.0
7980,3780019.0
7981,4952255.0
7982,3248660.0
7983,3982767.0
7984,4554237.0
7985,4952255.0
7986,4952255.0
7987,3780019.0
7988,4882985.0
7989,1763231.0
7990,7495092.0
7991,3347767.0
7992,1882131.0
7993,1619683.0
7994,2993069.0
7995,1270499.0
7996,3218918.0
7997,3410878.0
7998,3939804.0
7999,3939804.0
8000,3248660.0
8001,1904842.0
8002,3410878.0
8003,5017319.0
8004,4316715.0
8005,1149870.0
8006,2390534.0
8007,5500818.0
8008,6941173.0
8009,2525375.0
8010,2058644.0
8011,1904842.0
8012,5595267.0
8013,3258837.0
8014,3248660.0
8015,1270499.0
8016,2267425.0
8017,5595267.0
8018,2058644.0
8019,1619683.0
8020,4705945.0
8021,3028267.0
8022,5525735.0
8023,2018785.0
8024,1847826.0
8025,3447890.0
8026,3410878.0
8027,2371202.0
8028,3004429.0
8029,1999097.0
8030,3199619.0
8031,1756069.0
8032,6313221.0
8033,4467728.0
8034,1270499.0
8035,8213524.0
8036,3807496.0
8037,2021934.0
8038,1882131.0
8039,3351383.0
8040,6941173.0
8041,3248660.0
8042,2021934.0
8043,3004429.0
8044,3261924.0
8045,3727364.0
8046,3600467.0
8047,3273041.0
8048,3982767.0
8049,2344689.0
8050,2021934.0
8051,1756069.0
8052,1882131.0
8053,3778621.0
8054,3753720.0
8055,2390534.0
8056,3004429.0
8057,1763231.0
8058,2344689.0
8059,3248660.0
8060,3982767.0
8061,5435276.0
8062,2344689.0
8063,4264176.0
8064,3745135.0
8065,1756069.0
8066,4429512.0
8067,5444227.0
8068,2544857.0
8069,3004429.0
8070,4882985.0
8071,5017319.0
8072,3745135.0
8073,3780019.0
8074,2083447.0
8075,3939804.0
8076,3248660.0
8077,2055379.0
8078,4015749.0
8079,3258837.0
8080,1847826.0
8081,2525375.0
8082,4015749.0
8083,6412623.0
8084,3351383.0
8085,6694797.0
8086,2390534.0
8087,2993069.0
8088,2383840.0
8089,4350573.0
8090,9262754.0
8091,3807496.0
8092,4250553.0
8093,1847826.0
8094,3426169.0
8095,2267425.0
8096,3426169.0
8097,2954086.0
8098,2021934.0
8099,2058644.0
8100,2525375.0
8101,8213524.0
8102,2267425.0
8103,2018785.0
8104,4250553.0
8105,6941173.0
8106,2344689.0
8107,3982767.0
8108,2156098.0
8109,3258837.0
8110,3600467.0
8111,1619683.0
8112,3410878.0
8113,1270499.0
8114,7495092.0
8115,2267425.0
8116,3780019.0
8117,1847826.0
8118,4015749.0
8119,3410878.0
8120,6941173.0
8121,2792031.0
8122,3600467.0
8123,3004429.0
8124,1763231.0
8125,3004429.0
8126,2083447.0
8127,2344689.0
8128,1619683.0
8129,1882131.0
8130,3347767.0
8131,2525375.0
8132,3351383.0
8133,2344689.0
8134,3004429.0
8135,7592272.0
8136,3745135.0
8137,7217634.0
8138,3004429.0
8139,5500818.0
8140,3248660.0
8141,2344689.0
8142,3351383.0
8143,4705945.0
8144,3426169.0
8145,1999097.0
8146,2097022.0
8147,5500818.0
8148,3956086.0
8149,4015749.0
8150,1999097.0
8151,2058644.0
8152,8213524.0
8153,2025297.0
8154,5906596.0
8155,1756069.0
8156,5444227.0
8157,1619683.0
8158,1904842.0
8159,4952255.0
8160,4263629.0
8161,8630682.0
8162,2732645.0
8163,2999068.0
8164,4807746.0
8165,2738052.0
8166,4554237.0
8167,7865428.0
8168,2058644.0
8169,4705945.0
8170,5161370.0
8171,6836483.0
8172,2371202.0
8173,3778621.0
8174,4155435.0
8175,3836721.0
8176,1882131.0
8177,4067566.0
8178,4491607.0
8179,3347767.0
8180,2792031.0
8181,3903884.0
8182,3447890.0
8183,3347767.0
8184,3778621.0
8185,3347767.0
8186,3903884.0
8187,3347767.0
8188,2021934.0
8189,4066618.0
8190,2390534.0
8191,1763231.0
8192,6923131.0
8193,4100886.0
8194,2021934.0
8195,3807496.0
8196,2344689.0
8197,7592272.0
8198,2097022.0
8199,1756069.0
8200,2993069.0
8201,3248660.0
8202,2390534.0
8203,3982767.0
8204,8213524.0
8205,9652350.0
8206,1149870.0
8207,5444227.0
8208,7592272.0
8209,4952255.0
8210,2058644.0
8211,7217634.0
8212,2675511.0
8213,2267425.0
8214,4350573.0
8215,3903884.0
8216,3273041.0
8217,1999097.0
8218,3351383.0
8219,4350573.0
8220,5525735.0
8221,5595267.0
8222,2021934.0
8223,8213524.0
8224,3347767.0
8225,2267425.0
8226,2267425.0
8227,3347767.0
8228,6941173.0
8229,3982767.0
8230,6412623.0
8231,2021934.0
8232,2525375.0
8233,4758476.0
8234,4467728.0
8235,3445076.0
8236,3753720.0
8237,2344689.0
8238,6782425.0
8239,5435276.0
8240,3004429.0
8241,2097022.0
8242,1756069.0
8243,2525375.0
8244,2732645.0
8245,3778621.0
8246,1756069.0
8247,5525735.0
8248,3410878.0
8249,1619683.0
8250,2058644.0
8251,2058644.0
8252,2344689.0
8253,5017319.0
8254,4888774.0
8255,5906596.0
8256,2267425.0
8257,3982767.0
8258,1999097.0
8259,3410878.0
8260,4066618.0
8261,2058644.0
8262,8904084.0
8263,3273041.0
8264,1847826.0
8265,3745135.0
8266,6836483.0
8267,2551252.0
8268,6313221.0
8269,1270499.0
8270,1882131.0
8271,3410878.0
8272,3199619.0
8273,3982767.0
8274,4066618.0
8275,1904842.0
8276,1756069.0
8277,7592272.0
8278,6836483.0
8279,4467728.0
8280,5435276.0
8281,4590423.0
8282,4015749.0
8283,2018785.0
8284,5166635.0
8285,2551252.0
8286,1999097.0
8287,2083447.0
8288,2267425.0
8289,4100886.0
8290,4316715.0
8291,4100886.0
8292,2021934.0
8293,4263629.0
8294,7495092.0
8295,4491607.0
8296,4052733.0
8297,4052733.0
8298,2156098.0
8299,4491607.0
8300,3351383.0
8301,4590423.0
8302,2732645.0
8303,3956086.0
8304,4491607.0
8305,2267425.0
8306,2055379.0
8307,1756069.0
8308,3258837.0
8309,4467728.0
8310,4554237.0
8311,2738052.0
8312,3600467.0
8313,3351383.0
8314,7865428.0
8315,6313221.0
8316,2999068.0
8317,8904084.0
8318,3836721.0
8319,2021934.0
8320,2058644.0
8321,1999097.0
8322,3836721.0
8323,4705945.0
8324,2551252.0
8325,2792031.0
8326,2058644.0
8327,3410878.0
8328,1763231.0
8329,2364478.0
8330,8213524.0
8331,4316715.0
8332,3004429.0
8333,4705945.0
8334,3351383.0
8335,2097022.0
8336,1619683.0
8337,3410878.0
8338,2344689.0
8339,1882131.0
8340,4888774.0
8341,3004429.0
8342,3351383.0
8343,3982767.0
8344,3028267.0
8345,2083447.0
8346,3447890.0
8347,3351383.0
8348,1619683.0
8349,3982767.0
8350,3745135.0
8351,2018785.0
8352,2525375.0
8353,1619683.0
8354,3351383.0
8355,1999097.0
8356,6313221.0
8357,4264176.0
8358,2058644.0
8359,2383840.0
8360,1756069.0
8361,1270499.0
8362,1882131.0
8363,4888774.0
8364,4250758.0
8365,2021934.0
8366,2156098.0
8367,2021934.0
8368,4429512.0
8369,2371202.0
8370,4155435.0
8371,2018785.0
8372,3004429.0
8373,2097022.0
8374,8904084.0
8375,4554237.0
8376,5337526.0
8377,2525375.0
8378,1999097.0
8379,2025297.0
8380,1999097.0
8381,3807496.0
8382,4952255.0
8383,2544857.0
8384,4052733.0
8385,4780607.0
8386,1270499.0
8387,4250553.0
8388,8213524.0
8389,2344689.0
8390,6941173.0
8391,3347767.0
8392,1149870.0
8393,6782425.0
8394,5166635.0
8395,6694797.0
8396,1999097.0
8397,2018785.0
8398,2021934.0
8399,6313221.0
8400,1756069.0
8401,8213524.0
8402,4316715.0
8403,2097022.0
8404,3778621.0
8405,2097022.0
8406,16549064.0
8407,4780607.0
8408,5595267.0
8409,6412623.0
8410,3028267.0
8411,5435276.0
8412,3004429.0
8413,2675511.0
8414,4052733.0
8415,2675511.0
8416,4780607.0
8417,2993069.0
8418,2732645.0
8419,1999097.0
8420,3347767.0
8421,13575224.0
8422,3004429.0
8423,3982767.0
8424,4263629.0
8425,2025297.0
8426,2021934.0
8427,9262754.0
8428,3008199.0
8429,4052733.0
8430,9262754.0
8431,3745135.0
8432,3836721.0
8433,2344689.0
8434,2544857.0
8435,8213524.0
8436,2021934.0
8437,3600467.0
8438,2344689.0
8439,4316715.0
8440,2344689.0
8441,2792031.0
8442,2544857.0
8443,3410878.0
8444,2390534.0
8445,2999068.0
8446,1847826.0
8447,4100886.0
8448,3939804.0
8449,2055379.0
8450,5435276.0
8451,3004429.0
8452,1763231.0
8453,2018785.0
8454,1756069.0
8455,6313221.0
8456,1619683.0
8457,4264176.0
8458,7865428.0
8459,5906596.0
8460,4554237.0
8461,5595267.0
8462,2732645.0
8463,6923131.0
8464,3004429.0
8465,2058644.0
8466,4705945.0
8467,5435276.0
8468,6313221.0
8469,5337526.0
8470,3351383.0
8471,2675511.0
8472,5461700.0
8473,3600467.0
8474,1999097.0
8475,7217634.0
8476,1756069.0
8477,2025297.0
8478,3273041.0
8479,3982767.0
8480,2390534.0
8481,3982767.0
8482,2544857.0
8483,4264176.0
8484,1999097.0
8485,6923131.0
8486,7592272.0
8487,1999097.0
8488,3351383.0
8489,2097022.0
8490,3004429.0
8491,2344689.0
8492,3410878.0
8493,4250553.0
8494,2371202.0
8495,3982767.0
8496,1999097.0
8497,2390534.0
8498,2738052.0
8499,1999097.0
8500,3752885.0
8501,1756069.0
8502,1999097.0
8503,1619683.0
8504,8213524.0
8505,2344689.0
8506,2344689.0
8507,3347767.0
8508,7592272.0
8509,3956086.0
8510,4554237.0
8511,6836483.0
8512,2021934.0
8513,2058644.0
8514,3248660.0
8515,3600467.0
8516,5500818.0
8517,4554237.0
8518,5966193.0
8519,5595267.0
8520,6412623.0
8521,1763231.0
8522,2344689.0
8523,2551252.0
8524,7592272.0
8525,1904842.0
8526,3351383.0
8527,3807496.0
8528,2097022.0
8529,4052733.0
8530,3351383.0
8531,8213524.0
8532,3347767.0
8533,3351383.0
8534,1619683.0
8535,3199619.0
8536,3008199.0
8537,3248660.0
8538,5906596.0
8539,3447890.0
8540,2344689.0
8541,4554237.0
8542,2544857.0
8543,1904842.0
8544,3600467.0
8545,4491607.0
8546,4250553.0
8547,1904842.0
8548,3600467.0
8549,3376145.0
8550,3008199.0
8551,4491607.0
8552,3745135.0
8553,5595267.0
8554,4491607.0
8555,2344689.0
8556,1999097.0
8557,1999097.0
8558,8213524.0
8559,3745135.0
8560,4136425.0
8561,3727364.0
8562,1149870.0
8563,2993069.0
8564,1270499.0
8565,3347767.0
8566,4888774.0
8567,5500818.0
8568,2732645.0
8569,7217634.0
8570,2055379.0
8571,2993069.0
8572,1734634.0
8573,3836721.0
8574,1904842.0
8575,2018785.0
8576,1619683.0
8577,3982767.0
8578,7495092.0
8579,3939804.0
8580,4952255.0
8581,1270499.0
8582,2344689.0
8583,6941173.0
8584,3347767.0
8585,1847826.0
8586,2738052.0
8587,1882131.0
8588,2021934.0
8589,6313221.0
8590,1149870.0
8591,2993069.0
8592,2371202.0
8593,4590423.0
8594,4467728.0
8595,2544857.0
8596,4219263.0
8597,4491607.0
8598,2083447.0
8599,3410878.0
8600,5906596.0
8601,3028267.0
8602,3376145.0
8603,2021934.0
8604,4015749.0
8605,1619683.0
8606,1270499.0
8607,4467728.0
8608,8213524.0
8609,3261924.0
8610,1149870.0
8611,2551252.0
8612,9262754.0
8613,5500818.0
8614,6694797.0
8615,2551252.0
8616,3778621.0
8617,8213524.0
8618,1149870.0
8619,1149870.0
8620,1882131.0
8621,2344689.0
8622,1149870.0
8623,2993069.0
8624,6941173.0
8625,9652350.0
8626,5906596.0
8627,3004429.0
8628,5525735.0
8629,4491607.0
8630,4952255.0
8631,8213524.0
8632,4651866.0
8633,8213524.0
8634,3982767.0
8635,1734634.0
8636,7217634.0
8637,3447890.0
8638,1882131.0
8639,1847826.0
8640,4952255.0
8641,5525735.0
8642,2371202.0
8643,7217634.0
8644,4467728.0
8645,4882985.0
8646,8213524.0
8647,3261924.0
8648,6782425.0
8649,6923131.0
8650,3347767.0
8651,2344689.0
8652,4554237.0
8653,8904084.0
8654,4491607.0
8655,1270499.0
8656,2058644.0
8657,6313221.0
8658,4467728.0
8659,5337526.0
8660,4882985.0
8661,5595267.0
8662,2021934.0
8663,2097022.0
8664,3258837.0
8665,4590423.0
8666,2018785.0
8667,4052733.0
8668,6694797.0
8669,5525735.0
8670,1149870.0
8671,3248660.0
8672,4952255.0
8673,3903884.0
8674,3028267.0
8675,6363241.0
8676,4952255.0
8677,1270499.0
8678,3818055.0
8679,7865428.0
8680,3004429.0
8681,3903884.0
8682,9262754.0
8683,2021934.0
8684,3273041.0
8685,5525735.0
8686,2018785.0
8687,1270499.0
8688,2267425.0
8689,1270499.0
8690,1619683.0
8691,4491607.0
8692,2732645.0
8693,8894598.0
8694,3447890.0
8695,4066618.0
8696,3778621.0
8697,1149870.0
8698,2021934.0
8699,2058644.0
8700,2999068.0
8701,3452382.0
8702,5525735.0
8703,9652350.0
8704,4316715.0
8705,2344689.0
8706,2371202.0
8707,3753720.0
8708,6694797.0
8709,4705945.0
8710,4429512.0
8711,1270499.0
8712,3410878.0
8713,8213524.0
8714,2999068.0
8715,4052733.0
8716,4015749.0
8717,1149870.0
8718,1270499.0
8719,2544857.0
8720,7217634.0
8721,4705945.0
8722,3248660.0
8723,3199619.0
8724,1619683.0
8725,2544857.0
8726,4263629.0
8727,3199619.0
8728,2675511.0
8729,2993069.0
8730,1999097.0
8731,1847826.0
8732,3273041.0
8733,3426169.0
8734,2792031.0
8735,8630682.0
8736,3008199.0
8737,3939804.0
8738,3452382.0
8739,3347767.0
8740,2018785.0
8741,3347767.0
8742,2344689.0
8743,2156098.0
8744,3600467.0
8745,1756069.0
8746,2018785.0
8747,3410878.0
8748,2021934.0
8749,1270499.0
8750,1882131.0
8751,2267425.0
8752,2792031.0
8753,5525735.0
8754,2551252.0
8755,3028267.0
8756,3347767.0
8757,3426169.0
8758,1756069.0
8759,2344689.0
8760,2018785.0
8761,2018785.0
8762,3028267.0
8763,7495092.0
8764,2544857.0
8765,4316715.0
8766,4052733.0
8767,3347767.0
8768,3004429.0
8769,2344689.0
8770,4952255.0
8771,2097022.0
8772,3600467.0
8773,1904842.0
8774,3261924.0
8775,1270499.0
8776,2018785.0
8777,2390534.0
8778,3028267.0
8779,2371202.0
8780,4888774.0
8781,5444227.0
8782,6836483.0
8783,3778621.0
8784,3745135.0
8785,2999068.0
8786,1619683.0
8787,7201784.0
8788,2058644.0
8789,7592272.0
8790,4350573.0
8791,5906596.0
8792,3248660.0
8793,4952255.0
8794,5166635.0
8795,6412623.0
8796,1619683.0
8797,2364478.0
8798,3939804.0
8799,1619683.0
8800,5444227.0
8801,5337526.0
8802,1999097.0
8803,4780607.0
8804,2993069.0
8805,2018785.0
8806,3258837.0
8807,3347767.0
8808,4316715.0
8809,6313221.0
8810,3727364.0
8811,3778621.0
8812,5461700.0
8813,1619683.0
8814,5595267.0
8815,8213524.0
8816,2344689.0
8817,2390534.0
8818,3780019.0
8819,7592272.0
8820,2018785.0
8821,2954086.0
8822,1999097.0
8823,13575224.0
8824,3752885.0
8825,2390534.0
8826,2025297.0
8827,1763231.0
8828,4952255.0
8829,2097022.0
8830,2383840.0
8831,3258837.0
8832,6782425.0
8833,3780019.0
8834,3745135.0
8835,8213524.0
8836,1882131.0
8837,4015749.0
8838,2732645.0
8839,2544857.0
8840,1149870.0
8841,2344689.0
8842,2058644.0
8843,4067566.0
8844,4467728.0
8845,2097022.0
8846,3273041.0
8847,2344689.0
8848,6313221.0
8849,3273041.0
8850,3347767.0
8851,7495092.0
8852,6363241.0
8853,1270499.0
8854,1904842.0
8855,3903884.0
8856,1847826.0
8857,8213524.0
8858,2344689.0
8859,5017319.0
8860,2390534.0
8861,3982767.0
8862,3199619.0
8863,7865428.0
8864,4590423.0
8865,1999097.0
8866,7495092.0
8867,1904842.0
8868,3836721.0
8869,1756069.0
8870,3447890.0
8871,2344689.0
8872,1756069.0
8873,1999097.0
8874,5906596.0
8875,5787594.0
8876,5595267.0
8877,1999097.0
8878,6313221.0
8879,6412623.0
8880,3982767.0
8881,3447890.0
8882,4316715.0
8883,5525735.0
8884,3004429.0
8885,2018785.0
8886,1756069.0
8887,2097022.0
8888,1999097.0
8889,4888774.0
8890,9652350.0
8891,4491607.0
8892,2390534.0
8893,1999097.0
8894,5525735.0
8895,2021934.0
8896,4155435.0
8897,1149870.0
8898,1149870.0
8899,1756069.0
8900,8213524.0
8901,3004429.0
8902,2097022.0
8903,1734634.0
8904,2390534.0
8905,4350573.0
8906,4780607.0
8907,2371202.0
8908,3164972.0
8909,5500818.0
8910,1847826.0
8911,2792031.0
8912,4888774.0
8913,2390534.0
8914,1149870.0
8915,3351383.0
8916,6923131.0
8917,2021934.0
8918,3351383.0
8919,3600467.0
8920,7217634.0
8921,2371202.0
8922,3347767.0
8923,2018785.0
8924,2544857.0
8925,2267425.0
8926,2999068.0
8927,2097022.0
8928,2018785.0
8929,4467728.0
8930,1882131.0
8931,2792031.0
8932,1904842.0
8933,6313221.0
8934,7592272.0
8935,4590423.0
8936,3410878.0
8937,6363241.0
8938,3004429.0
8939,3982767.0
8940,9652350.0
8941,4705945.0
8942,1763231.0
8943,3199619.0
8944,6941173.0
8945,1619683.0
8946,3745135.0
8947,2371202.0
8948,7495092.0
8949,3600467.0
8950,3351383.0
8951,1756069.0
8952,6782425.0
8953,3778621.0
8954,2371202.0
8955,3447890.0
8956,7592272.0
8957,1619683.0
8958,2097022.0
8959,5595267.0
8960,6836483.0
8961,2993069.0
8962,1756069.0
8963,3248660.0
8964,5525735.0
8965,2021934.0
8966,3004429.0
8967,3807496.0
8968,1763231.0
8969,2156098.0
8970,1756069.0
8971,3745135.0
8972,3982767.0
8973,1847826.0
8974,2018785.0
8975,3347767.0
8976,4067566.0
8977,2097022.0
8978,5595267.0
8979,3745135.0
8980,3008199.0
8981,2018785.0
8982,4067566.0
8983,2732645.0
8984,5595267.0
8985,4316715.0
8986,4952255.0
8987,3447890.0
8988,4015749.0
8989,2544857.0
8990,1763231.0
8991,4491607.0
8992,6923131.0
8993,3351383.0
8994,1999097.0
8995,3410878.0
8996,7495092.0
8997,2018785.0
8998,2371202.0
8999,2021934.0
9000,3258837.0
9001,2267425.0
9002,7592272.0
9003,1999097.0
9004,2371202.0
9005,2344689.0
9006,1619683.0
9007,2390534.0
9008,4705945.0
9009,1847826.0
9010,6694797.0
9011,1619683.0
9012,2018785.0
9013,2344689.0
9014,2525375.0
9015,2525375.0
9016,2021934.0
9017,4264176.0
9018,2058644.0
9019,2364478.0
9020,1149870.0
9021,1756069.0
9022,6836483.0
9023,8213524.0
9024,2018785.0
9025,7201784.0
9026,5017319.0
9027,3780019.0
9028,3028267.0
9029,2021934.0
9030,6694797.0
9031,3939804.0
9032,4250553.0
9033,2390534.0
9034,2058644.0
9035,1847826.0
9036,5435276.0
9037,2156098.0
9038,2058644.0
9039,9652350.0
9040,2738052.0
9041,8213524.0
9042,5595267.0
9043,4100886.0
9044,1734634.0
9045,3004429.0
9046,3004429.0
9047,1270499.0
9048,1999097.0
9049,8213524.0
9050,6412623.0
9051,7865428.0
9052,4554237.0
9053,3939804.0
9054,6941173.0
9055,5595267.0
9056,4888774.0
9057,3982767.0
9058,3447890.0
9059,4705945.0
9060,3351383.0
9061,2156098.0
9062,4066618.0
9063,3836721.0
9064,4467728.0
9065,2156098.0
9066,9262754.0
9067,3778621.0
9068,2383840.0
9069,3004429.0
9070,3351383.0
9071,4264176.0
9072,3600467.0
9073,3028267.0
9074,4015749.0
9075,2344689.0
9076,3261924.0
9077,3347767.0
9078,6412623.0
9079,5595267.0
9080,2058644.0
9081,4015749.0
9082,3410878.0
9083,3347767.0
9084,2732645.0
9085,3351383.0
9086,3351383.0
9087,2344689.0
9088,2525375.0
9089,3836721.0
9090,2018785.0
9091,3376145.0
9092,1999097.0
9093,1904842.0
9094,6313221.0
9095,9262754.0
9096,3727364.0
9097,3261924.0
9098,2371202.0
9099,3347767.0
9100,6313221.0
9101,3004429.0
9102,2018785.0
9103,6412623.0
9104,1756069.0
9105,2021934.0
9106,6941173.0
9107,3939804.0
9108,3218918.0
9109,2390534.0
9110,1999097.0
9111,1756069.0
9112,3347767.0
9113,9652350.0
9114,2083447.0
9115,2551252.0
9116,1756069.0
9117,5525735.0
9118,4952255.0
9119,2390534.0
9120,1882131.0
9121,1999097.0
9122,4015749.0
9123,7201784.0
9124,3410878.0
9125,4467728.0
9126,1882131.0
9127,3028267.0
9128,1847826.0
9129,3600467.0
9130,2344689.0
9131,6941173.0
9132,2383840.0
9133,3347767.0
9134,3347767.0
9135,2371202.0
9136,3982767.0
9137,3410878.0
9138,7592272.0
9139,3939804.0
9140,3447890.0
9141,4015749.0
9142,6836483.0
9143,5017319.0
9144,1619683.0
9145,3004429.0
9146,2058644.0
9147,2525375.0
9148,5017319.0
9149,3248660.0
9150,2551252.0
9151,2097022.0
9152,4952255.0
9153,4491607.0
9154,1847826.0
9155,3982767.0
9156,1847826.0
9157,4052733.0
9158,3727364.0
9159,2371202.0
9160,7592272.0
9161,5166635.0
9162,2018785.0
9163,2344689.0
9164,1756069.0
9165,1999097.0
9166,2097022.0
9167,2097022.0
9168,1270499.0
9169,3347767.0
9170,3426169.0
9171,7865428.0
9172,4350573.0
9173,2055379.0
9174,5595267.0
9175,7201784.0
9176,2156098.0
9177,1734634.0
9178,4052733.0
9179,3600467.0
9180,2390534.0
9181,4491607.0
9182,9262754.0
9183,3784230.0
9184,6941173.0
9185,3939804.0
9186,1270499.0
9187,1847826.0
9188,2083447.0
9189,5906596.0
9190,1149870.0
9191,5595267.0
9192,4052733.0
9193,4015749.0
9194,6941173.0
9195,4250553.0
9196,3982767.0
9197,2551252.0
9198,2371202.0
9199,3351383.0
9200,3273041.0
9201,3778621.0
9202,4052733.0
9203,4780607.0
9204,1882131.0
9205,1149870.0
9206,1999097.0
9207,3982767.0
9208,3752885.0
9209,7201784.0
9210,4590423.0
9211,3347767.0
9212,1619683.0
9213,2055379.0
9214,3273041.0
9215,1756069.0
9216,13575224.0
9217,1756069.0
9218,2097022.0
9219,4491607.0
9220,1756069.0
9221,3248660.0
9222,4780607.0
9223,1763231.0
9224,2097022.0
9225,3004429.0
9226,2954086.0
9227,3410878.0
9228,1619683.0
9229,3939804.0
9230,2371202.0
9231,3351383.0
9232,2954086.0
9233,1619683.0
9234,1904842.0
9235,2267425.0
9236,8213524.0
9237,8630682.0
9238,2390534.0
9239,2993069.0
9240,3600467.0
9241,3347767.0
9242,3351383.0
9243,2344689.0
9244,4066618.0
9245,2525375.0
9246,7592272.0
9247,3248660.0
9248,7495092.0
9249,3871344.0
9250,8213524.0
9251,3351383.0
9252,3982767.0
9253,8213524.0
9254,4219263.0
9255,4155435.0
9256,3028267.0
9257,1149870.0
9258,3956086.0
9259,5525735.0
9260,3780019.0
9261,2018785.0
9262,2025297.0
9263,2544857.0
9264,1270499.0
9265,7201784.0
9266,2021934.0
9267,2058644.0
9268,7217634.0
9269,1756069.0
9270,3248660.0
9271,5337526.0
9272,3351383.0
9273,1756069.0
9274,3752885.0
9275,1149870.0
9276,1619683.0
9277,3410878.0
9278,2390534.0
9279,3600467.0
9280,4491607.0
9281,3956086.0
9282,3778621.0
9283,2544857.0
9284,6782425.0
9285,5525735.0
9286,4467728.0
9287,2371202.0
9288,6363241.0
9289,3351383.0
9290,1149870.0
9291,3004429.0
9292,2097022.0
9293,7592272.0
9294,2097022.0
9295,1756069.0
9296,3956086.0
9297,3778621.0
9298,6941173.0
9299,7495092.0
9300,5525735.0
9301,3447890.0
9302,2371202.0
9303,7217634.0
9304,5653753.0
9305,4882985.0
9306,2267425.0
9307,5017319.0
9308,6412623.0
9309,4286645.0
9310,3004429.0
9311,1149870.0
9312,4316715.0
9313,3426169.0
9314,2018785.0
9315,1756069.0
9316,5525735.0
9317,2058644.0
9318,4052733.0
9319,2344689.0
9320,6782425.0
9321,2018785.0
9322,6836483.0
9323,2058644.0
9324,2058644.0
9325,3836721.0
9326,4888774.0
9327,2097022.0
9328,2021934.0
9329,3939804.0
9330,3807496.0
9331,5787594.0
9332,1847826.0
9333,1734634.0
9334,3028267.0
9335,3410878.0
9336,1734634.0
9337,1619683.0
9338,3028267.0
9339,3727364.0
9340,1619683.0
9341,3752885.0
9342,1756069.0
9343,7592272.0
9344,3004429.0
9345,4590423.0
9346,8213524.0
9347,3600467.0
9348,2993069.0
9349,6923131.0
9350,2544857.0
9351,5595267.0
9352,6694797.0
9353,2083447.0
9354,6941173.0
9355,3836721.0
9356,1882131.0
9357,3410878.0
9358,4250758.0
9359,3982767.0
9360,3347767.0
9361,2097022.0
9362,3218918.0
9363,9652350.0
9364,1270499.0
9365,1904842.0
9366,6941173.0
9367,2525375.0
9368,3447890.0
9369,1619683.0
9370,3351383.0
9371,1270499.0
9372,3982767.0
9373,4705945.0
9374,5500818.0
9375,4052733.0
9376,2267425.0
9377,7592272.0
9378,2058644.0
9379,6923131.0
9380,1756069.0
9381,6363241.0
9382,8213524.0
9383,3753720.0
9384,1999097.0
9385,2021934.0
9386,2083447.0
9387,1847826.0
9388,2675511.0
9389,3982767.0
9390,4350573.0
9391,3410878.0
9392,4491607.0
9393,1756069.0
9394,6313221.0
9395,8213524.0
9396,3982767.0
9397,3745135.0
9398,6923131.0
9399,3004429.0
9400,1149870.0
9401,2740687.0
9402,1847826.0
9403,4219263.0
9404,3410878.0
9405,1270499.0
9406,2021934.0
9407,2954086.0
9408,3447890.0
9409,2544857.0
9410,4316715.0
9411,2018785.0
9412,5500818.0
9413,2058644.0
9414,4100886.0
9415,5166635.0
9416,1756069.0
9417,3410878.0
9418,4491607.0
9419,3956086.0
9420,4250758.0
9421,6923131.0
9422,3273041.0
9423,4705945.0
9424,2021934.0
9425,6694797.0
9426,3600467.0
9427,3600467.0
9428,2097022.0
9429,5500818.0
9430,3745135.0
9431,8904084.0
9432,3410878.0
9433,3780019.0
9434,3248660.0
9435,6923131.0
9436,1847826.0
9437,1149870.0
9438,4350573.0
9439,9262754.0
9440,4350573.0
9441,3258837.0
9442,1847826.0
9443,4807746.0
9444,9262754.0
9445,2954086.0
9446,2344689.0
9447,4590423.0
9448,4100886.0
9449,3778621.0
9450,2021934.0
9451,2544857.0
9452,2267425.0
9453,2267425.0
9454,4066618.0
9455,2993069.0
9456,4015749.0
9457,3028267.0
9458,2383840.0
9459,5595267.0
9460,3347767.0
9461,8213524.0
9462,2058644.0
9463,3982767.0
9464,1619683.0
9465,1619683.0
9466,1847826.0
9467,2058644.0
9468,4067566.0
9469,4136425.0
9470,2156098.0
9471,1999097.0
9472,2344689.0
9473,4136425.0
9474,9652350.0
9475,3426169.0
9476,3600467.0
9477,3780019.0
9478,3248660.0
9479,1149870.0
9480,3004429.0
9481,6313221.0
9482,3939804.0
9483,2344689.0
9484,4067566.0
9485,2364478.0
9486,3410878.0
9487,1619683.0
9488,2390534.0
9489,9262754.0
9490,4052733.0
9491,9262754.0
9492,2267425.0
9493,3780019.0
9494,6836483.0
9495,4264176.0
9496,8213524.0
9497,7592272.0
9498,4491607.0
9499,3347767.0
9500,6363241.0
9501,6412623.0
9502,5906596.0
9503,3753720.0
9504,1882131.0
9505,1619683.0
9506,4491607.0
9507,1999097.0
9508,3600467.0
9509,2156098.0
9510,4155435.0
9511,4590423.0
9512,2390534.0
9513,3778621.0
9514,4491607.0
9515,2544857.0
9516,4067566.0
9517,7865428.0
9518,3347767.0
9519,1619683.0
9520,3982767.0
9521,2999068.0
9522,4590423.0
9523,3600467.0
9524,3982767.0
9525,2364478.0
9526,4705945.0
9527,4590423.0
9528,1270499.0
9529,2021934.0
9530,1904842.0
9531,2021934.0
9532,6694797.0
9533,3727364.0
9534,6941173.0
9535,5017319.0
9536,2738052.0
9537,5166635.0
9538,3780019.0
9539,5166635.0
9540,1734634.0
9541,4052733.0
9542,4467728.0
9543,1847826.0
9544,1847826.0
9545,3727364.0
9546,5595267.0
9547,1149870.0
9548,5337526.0
9549,4263629.0
9550,2732645.0
9551,3753720.0
9552,2344689.0
9553,1999097.0
9554,3376145.0
9555,2371202.0
9556,5906596.0
9557,6836483.0
9558,4100886.0
9559,6941173.0
9560,6313221.0
9561,16549064.0
9562,1270499.0
9563,7217634.0
9564,1149870.0
9565,3600467.0
9566,7217634.0
9567,1270499.0
9568,4491607.0
9569,2344689.0
9570,2021934.0
9571,6782425.0
9572,7592272.0
9573,3347767.0
9574,4554237.0
9575,2993069.0
9576,3903884.0
9577,6313221.0
9578,4467728.0
9579,2021934.0
9580,1270499.0
9581,1999097.0
9582,2097022.0
9583,1999097.0
9584,1149870.0
9585,2390534.0
9586,3939804.0
9587,3351383.0
9588,2267425.0
9589,3347767.0
9590,1756069.0
9591,7495092.0
9592,3410878.0
9593,4264176.0
9594,3982767.0
9595,1756069.0
9596,2083447.0
9597,1847826.0
9598,3956086.0
9599,1756069.0
9600,2058644.0
9601,1999097.0
9602,4780607.0
9603,2383840.0
9604,4554237.0
9605,3248660.0
9606,2055379.0
9607,3410878.0
9608,4015749.0
9609,5461700.0
9610,2021934.0
9611,1270499.0
9612,2021934.0
9613,6836483.0
9614,1270499.0
9615,3004429.0
9616,7495092.0
9617,3903884.0
9618,3347767.0
9619,5017319.0
9620,3347767.0
9621,2344689.0
9622,3745135.0
9623,1756069.0
9624,2525375.0
9625,1619683.0
9626,4705945.0
9627,1847826.0
9628,2364478.0
9629,2544857.0
9630,3351383.0
9631,7201784.0
9632,3410878.0
9633,2058644.0
9634,3600467.0
9635,7592272.0
9636,2383840.0
9637,2544857.0
9638,6412623.0
9639,1270499.0
9640,6923131.0
9641,1756069.0
9642,3347767.0
9643,3351383.0
9644,3347767.0
9645,6941173.0
9646,9262754.0
9647,3600467.0
9648,1999097.0
9649,6412623.0
9650,1999097.0
9651,1756069.0
9652,3347767.0
9653,2344689.0
9654,4780607.0
9655,2344689.0
9656,5595267.0
9657,5595267.0
9658,2371202.0
9659,8213524.0
9660,3982767.0
9661,3351383.0
9662,4066618.0
9663,2083447.0
9664,3347767.0
9665,7592272.0
9666,3351383.0
9667,4067566.0
9668,2267425.0
9669,2344689.0
9670,1756069.0
9671,3410878.0
9672,3956086.0
9673,2021934.0
9674,2344689.0
9675,4250758.0
9676,4052733.0
9677,3261924.0
9678,4705945.0
9679,3752885.0
9680,2055379.0
9681,2525375.0
9682,2344689.0
9683,2058644.0
9684,2383840.0
9685,2021934.0
9686,8904084.0
9687,1270499.0
9688,5337526.0
9689,2993069.0
9690,2390534.0
9691,3600467.0
9692,4491607.0
9693,3745135.0
9694,2792031.0
9695,2021934.0
9696,3600467.0
9697,4888774.0
9698,1847826.0
9699,9652350.0
9700,7865428.0
9701,6412623.0
9702,3004429.0
9703,3351383.0
9704,3410878.0
9705,3351383.0
9706,3410878.0
9707,1999097.0
9708,3600467.0
9709,3004429.0
9710,9262754.0
9711,4705945.0
9712,6363241.0
9713,2954086.0
9714,3745135.0
9715,2018785.0
9716,4250553.0
9717,5906596.0
9718,4066618.0
9719,3600467.0
9720,2390534.0
9721,1882131.0
9722,1734634.0
9723,5337526.0
9724,3939804.0
9725,2055379.0
9726,2021934.0
9727,2344689.0
9728,4066618.0
9729,3982767.0
9730,4264176.0
9731,5525735.0
9732,8904084.0
9733,3199619.0
9734,3351383.0
9735,8213524.0
9736,2021934.0
9737,6782425.0
9738,1270499.0
9739,4264176.0
9740,3600467.0
9741,4780607.0
9742,4066618.0
9743,2383840.0
9744,4067566.0
9745,4066618.0
9746,1882131.0
9747,7495092.0
9748,2344689.0
9749,3347767.0
9750,1999097.0
9751,2021934.0
9752,1882131.0
9753,2551252.0
9754,5653753.0
9755,1619683.0
9756,2018785.0
9757,5166635.0
9758,2058644.0
9759,2021934.0
9760,4250553.0
9761,5435276.0
9762,2344689.0
9763,2390534.0
9764,3836721.0
9765,5500818.0
9766,2732645.0
9767,1619683.0
9768,4780607.0
9769,3982767.0
9770,1999097.0
9771,6923131.0
9772,6363241.0
9773,2344689.0
9774,2740687.0
9775,2267425.0
9776,3347767.0
9777,4052733.0
9778,4888774.0
9779,3004429.0
9780,1756069.0
9781,4350573.0
9782,3780019.0
9783,4350573.0
9784,8213524.0
9785,2344689.0
9786,4590423.0
9787,3600467.0
9788,3028267.0
9789,3956086.0
9790,2097022.0
9791,4066618.0
9792,4952255.0
9793,2083447.0
9794,2097022.0
9795,4100886.0
9796,4100886.0
9797,4219263.0
9798,5787594.0
9799,2344689.0
9800,2021934.0
9801,1999097.0
9802,1999097.0
9803,4350573.0
9804,1999097.0
9805,4136425.0
9806,3351383.0
9807,3600467.0
9808,3903884.0
9809,2371202.0
9810,2021934.0
9811,7201784.0
9812,4316715.0
9813,4219263.0
9814,2344689.0
9815,7201784.0
9816,4807746.0
9817,3347767.0
9818,7592272.0
9819,1619683.0
9820,3780019.0
9821,1847826.0
9822,2344689.0
9823,4429512.0
9824,2954086.0
9825,6313221.0
9826,4952255.0
9827,2344689.0
9828,1999097.0
9829,3258837.0
9830,3447890.0
9831,1882131.0
9832,2544857.0
9833,3004429.0
9834,3903884.0
9835,2018785.0
9836,7865428.0
9837,1756069.0
9838,2058644.0
9839,6313221.0
9840,2055379.0
9841,4015749.0
9842,1756069.0
9843,3410878.0
9844,3261924.0
9845,1270499.0
9846,2390534.0
9847,3028267.0
9848,2156098.0
9849,3939804.0
9850,2390534.0
9851,6923131.0
9852,2525375.0
9853,1756069.0
9854,1270499.0
9855,2544857.0
9856,2344689.0
9857,5461700.0
9858,4554237.0
9859,3410878.0
9860,2525375.0
9861,4250553.0
9862,3347767.0
9863,5595267.0
9864,6363241.0
9865,4705945.0
9866,6941173.0
9867,2371202.0
9868,2018785.0
9869,2993069.0
9870,6313221.0
9871,8213524.0
9872,2551252.0
9873,4052733.0
9874,1149870.0
9875,5525735.0
9876,3004429.0
9877,6363241.0
9878,6694797.0
9879,2156098.0
9880,4807746.0
9881,4219263.0
9882,2055379.0
9883,4100886.0
9884,2055379.0
9885,3351383.0
9886,1847826.0
9887,9262754.0
9888,7592272.0
9889,1756069.0
9890,6836483.0
9891,4250758.0
9892,3351383.0
9893,3008199.0
9894,16549064.0
9895,7495092.0
9896,2097022.0
9897,2544857.0
9898,5444227.0
9899,4015749.0
9900,2792031.0
9901,4491607.0
9902,3939804.0
9903,2021934.0
9904,4952255.0
9905,4250553.0
9906,5444227.0
9907,3261924.0
9908,2344689.0
9909,5017319.0
9910,3410878.0
9911,4067566.0
9912,1763231.0
9913,9262754.0
9914,2738052.0
9915,2544857.0
9916,4705945.0
9917,1999097.0
9918,4250758.0
9919,9262754.0
9920,4467728.0
9921,3351383.0
9922,3982767.0
9923,2097022.0
9924,1734634.0
9925,2390534.0
9926,3376145.0
9927,4067566.0
9928,4350573.0
9929,3600467.0
9930,3410878.0
9931,1999097.0
9932,1619683.0
9933,6836483.0
9934,1882131.0
9935,2083447.0
9936,3004429.0
9937,8213524.0
9938,2675511.0
9939,1999097.0
9940,2025297.0
9941,2390534.0
9942,4052733.0
9943,3347767.0
9944,4952255.0
9945,4052733.0
9946,3028267.0
9947,2058644.0
9948,1763231.0
9949,2732645.0
9950,3982767.0
9951,1999097.0
9952,7495092.0
9953,7201784.0
9954,1756069.0
9955,1904842.0
9956,2732645.0
9957,2021934.0
9958,5787594.0
9959,2156098.0
9960,3982767.0
9961,4136425.0
9962,2021934.0
9963,2390534.0
9964,1999097.0
9965,8213524.0
9966,3778621.0
9967,2097022.0
9968,2021934.0
9969,2018785.0
9970,1270499.0
9971,3445076.0
9972,4052733.0
9973,2675511.0
9974,2675511.0
9975,2058644.0
9976,3727364.0
9977,4554237.0
9978,4705945.0
9979,2371202.0
9980,2344689.0
9981,7592272.0
9982,4155435.0
9983,4100886.0
9984,3752885.0
9985,1882131.0
9986,2097022.0
9987,2551252.0
9988,6313221.0
9989,5595267.0
9990,1847826.0
9991,2390534.0
9992,1756069.0
9993,2058644.0
9994,1619683.0
9995,3028267.0
9996,2344689.0
9997,8213524.0
9998,2525375.0
9999,4250553.0
10000,2344689.0
10001,3836721.0
10002,3410878.0
10003,2097022.0
10004,3218918.0
10005,4590423.0
10006,4491607.0
10007,1619683.0
10008,3570392.0
10009,2267425.0
10010,4888774.0
10011,3028267.0
10012,7865428.0
10013,2390534.0
10014,5906596.0
10015,6923131.0
10016,4705945.0
10017,3956086.0
10018,3982767.0
10019,5595267.0
10020,5435276.0
10021,7592272.0
10022,4467728.0
10023,5595267.0
10024,3600467.0
10025,3600467.0
10026,8213524.0
10027,2021934.0
10028,3004429.0
10029,3939804.0
10030,2267425.0
10031,2097022.0
10032,3600467.0
10033,4015749.0
10034,1270499.0
10035,3982767.0
10036,4651866.0
10037,5906596.0
10038,2993069.0
10039,3258837.0
10040,2344689.0
10041,3410878.0
10042,5461700.0
10043,6313221.0
10044,2371202.0
10045,1734634.0
10046,2344689.0
10047,2058644.0
10048,3410878.0
10049,3982767.0
10050,2058644.0
10051,2544857.0
10052,4491607.0
10053,4429512.0
10054,2544857.0
10055,3752885.0
10056,6363241.0
10057,3903884.0
10058,6694797.0
10059,8213524.0
10060,2344689.0
10061,4554237.0
10062,6313221.0
10063,2021934.0
10064,6836483.0
10065,3410878.0
10066,4067566.0
10067,1619683.0
10068,2732645.0
10069,3248660.0
10070,2344689.0
10071,2018785.0
10072,4705945.0
10073,3258837.0
10074,1619683.0
10075,2551252.0
10076,2058644.0
10077,3028267.0
10078,5906596.0
10079,5017319.0
10080,3347767.0
10081,4015749.0
10082,2344689.0
10083,6923131.0
10084,7592272.0
10085,2018785.0
10086,3273041.0
10087,2525375.0
10088,1149870.0
10089,8213524.0
10090,2097022.0
10091,2551252.0
10092,5595267.0
10093,1270499.0
10094,6941173.0
10095,2544857.0
10096,6836483.0
10097,4316715.0
10098,3376145.0
10099,1270499.0
10100,5595267.0
10101,3939804.0
10102,1734634.0
10103,3410878.0
10104,2097022.0
10105,2021934.0
10106,5595267.0
10107,4554237.0
10108,6694797.0
10109,2738052.0
10110,13575224.0
10111,4467728.0
10112,3982767.0
10113,4491607.0
10114,2544857.0
10115,2267425.0
10116,1847826.0
10117,1999097.0
10118,3410878.0
10119,2371202.0
10120,3445076.0
10121,3982767.0
10122,2344689.0
10123,1847826.0
10124,4066618.0
10125,1882131.0
10126,4590423.0
10127,2267425.0
10128,3004429.0
10129,4263629.0
10130,2344689.0
10131,1999097.0
10132,2344689.0
10133,3410878.0
10134,3600467.0
10135,2058644.0
10136,4491607.0
10137,3258837.0
10138,4467728.0
10139,6694797.0
10140,6782425.0
10141,4491607.0
10142,3410878.0
10143,2097022.0
10144,6694797.0
10145,2021934.0
10146,3347767.0
10147,2732645.0
10148,4263629.0
10149,3004429.0
10150,2344689.0
10151,2018785.0
10152,3982767.0
10153,1847826.0
10154,2792031.0
10155,4015749.0
10156,2383840.0
10157,2344689.0
10158,4100886.0
10159,4882985.0
10160,2344689.0
10161,2390534.0
10162,7495092.0
10163,4250553.0
10164,2732645.0
10165,2018785.0
10166,1619683.0
10167,1149870.0
10168,5787594.0
10169,4491607.0
10170,3982767.0
10171,2551252.0
10172,2344689.0
10173,2544857.0
10174,1763231.0
10175,5017319.0
10176,1999097.0
10177,3028267.0
10178,2371202.0
10179,2097022.0
10180,2021934.0
10181,4015749.0
10182,7592272.0
10183,3836721.0
10184,3351383.0
10185,16549064.0
10186,4350573.0
10187,2792031.0
10188,4705945.0
10189,9262754.0
10190,3248660.0
10191,2097022.0
10192,2025297.0
10193,3347767.0
10194,3745135.0
10195,3982767.0
10196,2344689.0
10197,4052733.0
10198,2021934.0
10199,3745135.0
10200,3351383.0
10201,4286645.0
10202,2018785.0
10203,2383840.0
10204,9262754.0
10205,4952255.0
10206,3164972.0
10207,1270499.0
10208,2021934.0
10209,2525375.0
10210,3426169.0
10211,3939804.0
10212,4219263.0
10213,3836721.0
10214,3752885.0
10215,2097022.0
10216,1619683.0
10217,9652350.0
10218,5166635.0
10219,2344689.0
10220,3004429.0
10221,2993069.0
10222,3410878.0
10223,5595267.0
10224,3347767.0
10225,3939804.0
10226,1999097.0
10227,2371202.0
10228,3248660.0
10229,3780019.0
10230,2344689.0
10231,1999097.0
10232,9262754.0
10233,3600467.0
10234,7217634.0
10235,3410878.0
10236,19696939.0
10237,6941173.0
10238,1270499.0
10239,3004429.0
10240,2792031.0
10241,3780019.0
10242,2390534.0
10243,5435276.0
10244,2390534.0
10245,7865428.0
10246,4250553.0
10247,4264176.0
10248,7201784.0
10249,2055379.0
10250,3410878.0
10251,4952255.0
10252,1619683.0
10253,4491607.0
10254,3745135.0
10255,2390534.0
10256,4052733.0
10257,3727364.0
10258,6313221.0
10259,2344689.0
10260,3351383.0
10261,3199619.0
10262,2097022.0
10263,5444227.0
10264,2021934.0
10265,3982767.0
10266,1904842.0
10267,3745135.0
10268,2675511.0
10269,4350573.0
10270,6412623.0
10271,7495092.0
10272,2390534.0
10273,5595267.0
10274,2675511.0
10275,3745135.0
10276,2025297.0
10277,1756069.0
10278,6363241.0
10279,5500818.0
10280,8894598.0
10281,3347767.0
10282,3956086.0
10283,2018785.0
10284,2097022.0
10285,3347767.0
10286,2390534.0
10287,2675511.0
10288,3727364.0
10289,3376145.0
10290,3261924.0
10291,1270499.0
10292,9262754.0
10293,4467728.0
10294,2058644.0
10295,2083447.0
10296,4052733.0
10297,6313221.0
10298,2267425.0
10299,3199619.0
10300,2371202.0
10301,8213524.0
10302,4952255.0
10303,2058644.0
10304,2732645.0
10305,1619683.0
10306,1149870.0
10307,3836721.0
10308,3347767.0
10309,8213524.0
10310,3004429.0
10311,6363241.0
10312,3351383.0
10313,2021934.0
10314,4219263.0
10315,6363241.0
10316,2021934.0
10317,2390534.0
10318,3351383.0
10319,4250553.0
10320,7592272.0
10321,5525735.0
10322,1999097.0
10323,4807746.0
10324,3261924.0
10325,3447890.0
10326,3727364.0
10327,4350573.0
10328,2544857.0
10329,4066618.0
10330,3347767.0
10331,3410878.0
10332,2021934.0
10333,6412623.0
10334,1763231.0
10335,2954086.0
10336,4015749.0
10337,4888774.0
10338,3752885.0
10339,3727364.0
10340,2525375.0
10341,5337526.0
10342,3982767.0
10343,2371202.0
10344,7201784.0
10345,7201784.0
10346,2792031.0
10347,1999097.0
10348,2344689.0
10349,3004429.0
10350,3004429.0
10351,7217634.0
10352,4067566.0
10353,4052733.0
10354,2021934.0
10355,2390534.0
10356,2156098.0
10357,3939804.0
10358,5595267.0
10359,8213524.0
10360,6313221.0
10361,3351383.0
10362,3426169.0
10363,8213524.0
10364,1882131.0
10365,1882131.0
10366,4554237.0
10367,1270499.0
10368,3008199.0
10369,4705945.0
10370,4705945.0
10371,4066618.0
10372,2544857.0
10373,3410878.0
10374,1882131.0
10375,4554237.0
10376,4219263.0
10377,2344689.0
10378,4491607.0
10379,4250553.0
10380,4052733.0
10381,2732645.0
10382,3028267.0
10383,2525375.0
10384,3347767.0
10385,5017319.0
10386,3347767.0
10387,2525375.0
10388,3903884.0
10389,3727364.0
10390,6363241.0
10391,2025297.0
10392,3410878.0
10393,6412623.0
10394,4491607.0
10395,3347767.0
10396,6313221.0
10397,2525375.0
10398,6782425.0
10399,3752885.0
10400,2344689.0
10401,2058644.0
10402,2058644.0
10403,3745135.0
10404,1756069.0
10405,2156098.0
10406,2344689.0
10407,1149870.0
10408,7495092.0
10409,2675511.0
10410,7217634.0
10411,2097022.0
10412,4554237.0
10413,7217634.0
10414,3447890.0
10415,6694797.0
10416,7201784.0
10417,1270499.0
10418,3452382.0
10419,3410878.0
10420,3273041.0
10421,3351383.0
10422,2364478.0
10423,2058644.0
10424,6363241.0
10425,7201784.0
10426,9262754.0
10427,3600467.0
10428,2018785.0
10429,3410878.0
10430,2732645.0
10431,6313221.0
10432,1882131.0
10433,4350573.0
10434,3028267.0
10435,1619683.0
10436,2364478.0
10437,5595267.0
10438,1149870.0
10439,2097022.0
10440,6412623.0
10441,9652350.0
10442,1999097.0
10443,4263629.0
10444,4155435.0
10445,6694797.0
10446,1270499.0
10447,8213524.0
10448,3199619.0
10449,1999097.0
10450,1847826.0
10451,1734634.0
10452,3248660.0
10453,2993069.0
10454,1149870.0
10455,2058644.0
10456,4807746.0
10457,3347767.0
10458,2525375.0
10459,3347767.0
10460,3956086.0
10461,4952255.0
10462,1270499.0
10463,2344689.0
10464,3351383.0
10465,6836483.0
10466,3248660.0
10467,2344689.0
10468,5525735.0
10469,3008199.0
10470,4429512.0
10471,4952255.0
10472,7495092.0
10473,5166635.0
10474,1270499.0
10475,6836483.0
10476,2544857.0
10477,2021934.0
10478,3600467.0
10479,3778621.0
10480,1149870.0
10481,2954086.0
10482,4780607.0
10483,1999097.0
10484,5906596.0
10485,3347767.0
10486,1999097.0
10487,1270499.0
10488,1270499.0
10489,3445076.0
10490,6412623.0
10491,2344689.0
10492,1270499.0
10493,2993069.0
10494,2344689.0
10495,3351383.0
10496,3727364.0
10497,2058644.0
10498,3982767.0
10499,4705945.0
10500,5500818.0
10501,3410878.0
10502,1999097.0
10503,8213524.0
10504,1619683.0
10505,1619683.0
10506,3410878.0
10507,1756069.0
10508,3351383.0
10509,3351383.0
10510,2993069.0
10511,3258837.0
10512,2021934.0
10513,3956086.0
10514,4952255.0
10515,2390534.0
10516,2025297.0
10517,2097022.0
10518,6836483.0
10519,7495092.0
10520,6836483.0
10521,3982767.0
10522,2525375.0
10523,1270499.0
10524,2058644.0
10525,2954086.0
10526,2058644.0
10527,1270499.0
10528,4015749.0
10529,2732645.0
10530,2018785.0
10531,1999097.0
10532,1270499.0
10533,4491607.0
10534,2058644.0
10535,3028267.0
10536,4952255.0
10537,2390534.0
10538,2390534.0
10539,3778621.0
10540,4429512.0
10541,3745135.0
10542,3347767.0
10543,2371202.0
10544,5166635.0
10545,3939804.0
10546,1270499.0
10547,8213524.0
10548,1149870.0
10549,6363241.0
10550,19696939.0
10551,1999097.0
10552,3004429.0
10553,1847826.0
10554,4350573.0
10555,9262754.0
10556,4155435.0
10557,2390534.0
10558,2344689.0
10559,3727364.0
10560,4286645.0
10561,7865428.0
10562,3028267.0
10563,2732645.0
10564,3164972.0
10565,5595267.0
10566,5017319.0
10567,4067566.0
10568,3745135.0
10569,4100886.0
10570,3445076.0
10571,4052733.0
10572,3447890.0
10573,4219263.0
10574,1999097.0
10575,5435276.0
10576,3004429.0
10577,3258837.0
10578,2055379.0
10579,2544857.0
10580,1904842.0
10581,3600467.0
10582,2344689.0
10583,1999097.0
10584,1882131.0
10585,1270499.0
10586,4067566.0
10587,4590423.0
10588,3347767.0
10589,9262754.0
10590,9262754.0
10591,2018785.0
10592,5595267.0
10593,2021934.0
10594,3004429.0
10595,4554237.0
10596,9262754.0
10597,3752885.0
10598,6412623.0
10599,3351383.0
10600,3258837.0
10601,2156098.0
10602,3410878.0
10603,2732645.0
10604,3261924.0
10605,4067566.0
10606,3410878.0
10607,3570392.0
10608,3004429.0
10609,2993069.0
10610,2390534.0
10611,2792031.0
10612,3351383.0
10613,2371202.0
10614,6694797.0
10615,2021934.0
10616,3004429.0
10617,2021934.0
10618,3258837.0
10619,2732645.0
10620,1904842.0
10621,4467728.0
10622,2018785.0
10623,2551252.0
10624,3600467.0
10625,3351383.0
10626,1999097.0
10627,1619683.0
10628,5787594.0
10629,1882131.0
10630,4155435.0
10631,2675511.0
10632,6313221.0
10633,4952255.0
10634,2025297.0
10635,1756069.0
10636,3410878.0
10637,7592272.0
10638,1149870.0
10639,7865428.0
10640,1763231.0
10641,4052733.0
10642,5595267.0
10643,2390534.0
10644,5595267.0
10645,3004429.0
10646,2058644.0
10647,4780607.0
10648,4888774.0
10649,5500818.0
10650,3426169.0
10651,2390534.0
10652,4554237.0
10653,3778621.0
10654,3028267.0
10655,1756069.0
10656,1734634.0
10657,3447890.0
10658,7592272.0
10659,2055379.0
10660,7217634.0
10661,3347767.0
10662,2344689.0
10663,6923131.0
10664,1999097.0
10665,4705945.0
10666,3807496.0
10667,3218918.0
10668,1847826.0
10669,2525375.0
10670,2954086.0
10671,3600467.0
10672,4052733.0
10673,4250758.0
10674,7592272.0
10675,1763231.0
10676,2097022.0
10677,3410878.0
10678,6923131.0
10679,2383840.0
10680,1904842.0
10681,7592272.0
10682,6363241.0
10683,2055379.0
10684,3004429.0
10685,3347767.0
10686,2390534.0
10687,2364478.0
10688,2390534.0
10689,5525735.0
10690,9262754.0
10691,3410878.0
10692,6363241.0
10693,2792031.0
10694,3745135.0
10695,6313221.0
10696,4888774.0
10697,3447890.0
10698,6836483.0
10699,2344689.0
10700,3347767.0
10701,3780019.0
10702,7201784.0
10703,1619683.0
10704,6941173.0
10705,4100886.0
10706,4350573.0
10707,2097022.0
10708,3778621.0
10709,7592272.0
10710,3004429.0
10711,4705945.0
10712,2344689.0
10713,1270499.0
10714,8213524.0
10715,5444227.0
10716,5337526.0
10717,5595267.0
10718,3028267.0
10719,9652350.0
10720,7865428.0
10721,3347767.0
10722,3410878.0
10723,1756069.0
10724,6313221.0
10725,5500818.0
10726,1270499.0
10727,1847826.0
10728,8904084.0
10729,4250758.0
10730,8894598.0
10731,4952255.0
10732,1763231.0
10733,2954086.0
10734,3956086.0
10735,1999097.0
10736,4136425.0
10737,3351383.0
10738,8213524.0
10739,1763231.0
10740,8213524.0
10741,3410878.0
10742,4052733.0
10743,3752885.0
10744,1756069.0
10745,2525375.0
10746,2344689.0
10747,4015749.0
10748,1882131.0
10749,8213524.0
10750,4705945.0
10751,4590423.0
10752,5500818.0
10753,3347767.0
10754,3752885.0
10755,3004429.0
10756,2344689.0
10757,3939804.0
10758,3727364.0
10759,7592272.0
10760,3351383.0
10761,2021934.0
10762,3004429.0
10763,3426169.0
10764,3347767.0
10765,3347767.0
10766,4705945.0
10767,4066618.0
10768,2344689.0
10769,1149870.0
10770,4350573.0
10771,3410878.0
10772,7217634.0
10773,3447890.0
10774,3447890.0
10775,2525375.0
10776,2954086.0
10777,4590423.0
10778,3445076.0
10779,2156098.0
10780,2058644.0
10781,5595267.0
10782,4350573.0
10783,3347767.0
10784,3939804.0
10785,1619683.0
10786,3982767.0
10787,4882985.0
10788,5444227.0
10789,4780607.0
10790,3351383.0
10791,1763231.0
10792,2018785.0
10793,1756069.0
10794,2344689.0
10795,2544857.0
10796,4052733.0
10797,3982767.0
10798,3426169.0
10799,5461700.0
10800,3004429.0
10801,3982767.0
10802,2267425.0
10803,5906596.0
10804,3351383.0
10805,4651866.0
10806,3780019.0
10807,1149870.0
10808,3410878.0
10809,1847826.0
10810,3351383.0
10811,3273041.0
10812,3347767.0
10813,3778621.0
10814,3273041.0
10815,3347767.0
10816,4250758.0
10817,1619683.0
10818,3982767.0
10819,2021934.0
10820,2954086.0
10821,2999068.0
10822,3778621.0
10823,7201784.0
10824,9262754.0
10825,4052733.0
10826,3273041.0
10827,2954086.0
10828,4316715.0
10829,2025297.0
10830,2344689.0
10831,3956086.0
10832,3347767.0
10833,2738052.0
10834,1999097.0
10835,4952255.0
10836,3447890.0
10837,5595267.0
10838,1270499.0
10839,3447890.0
10840,4052733.0
10841,2097022.0
10842,3939804.0
10843,6694797.0
10844,3727364.0
10845,4554237.0
10846,6694797.0
10847,6694797.0
10848,2999068.0
10849,3939804.0
10850,3778621.0
10851,2344689.0
10852,3780019.0
10853,4067566.0
10854,1756069.0
10855,1999097.0
10856,2058644.0
10857,2058644.0
10858,3351383.0
10859,2097022.0
10860,1149870.0
10861,2018785.0
10862,2544857.0
10863,7201784.0
10864,8213524.0
10865,3410878.0
10866,8213524.0
10867,2954086.0
10868,8213524.0
10869,3347767.0
10870,3218918.0
10871,6694797.0
10872,3410878.0
10873,4705945.0
10874,1619683.0
10875,1882131.0
10876,3745135.0
10877,3410878.0
10878,5653753.0
10879,2021934.0
10880,2018785.0
10881,2525375.0
10882,4250553.0
10883,4219263.0
10884,2097022.0
10885,4067566.0
10886,1619683.0
10887,3004429.0
10888,3745135.0
10889,2383840.0
10890,4067566.0
10891,8213524.0
10892,6313221.0
10893,1149870.0
10894,6412623.0
10895,7217634.0
10896,1619683.0
10897,4264176.0
10898,1999097.0
10899,4554237.0
10900,2954086.0
10901,3745135.0
10902,2344689.0
10903,4350573.0
10904,4780607.0
10905,1999097.0
10906,2792031.0
10907,1763231.0
10908,7217634.0
10909,3939804.0
10910,2344689.0
10911,4554237.0
10912,5017319.0
10913,5161370.0
10914,1756069.0
10915,3347767.0
10916,6836483.0
10917,6313221.0
10918,3004429.0
10919,4316715.0
10920,4554237.0
10921,2344689.0
10922,2344689.0
10923,1847826.0
10924,4554237.0
10925,4052733.0
10926,6313221.0
10927,3836721.0
10928,2551252.0
10929,4219263.0
10930,3836721.0
10931,5525735.0
10932,3447890.0
10933,3727364.0
10934,8213524.0
10935,5595267.0
10936,5595267.0
10937,3004429.0
10938,2344689.0
10939,3410878.0
10940,3248660.0
10941,4155435.0
10942,2097022.0
10943,4052733.0
10944,4066618.0
10945,2390534.0
10946,2058644.0
10947,8213524.0
10948,1619683.0
10949,4554237.0
10950,3004429.0
10951,3347767.0
10952,1149870.0
10953,5444227.0
10954,3982767.0
10955,1756069.0
10956,2738052.0
10957,4316715.0
10958,1999097.0
10959,5525735.0
10960,1619683.0
10961,3410878.0
10962,3807496.0
10963,2021934.0
10964,3347767.0
10965,2344689.0
10966,8213524.0
10967,8213524.0
10968,3004429.0
10969,3004429.0
10970,1270499.0
10971,1999097.0
10972,2097022.0
10973,1734634.0
10974,3004429.0
10975,3956086.0
10976,4952255.0
10977,1756069.0
10978,2344689.0
10979,4219263.0
10980,3376145.0
10981,3780019.0
10982,3347767.0
10983,3600467.0
10984,4250553.0
10985,3410878.0
10986,2025297.0
10987,3982767.0
10988,4067566.0
10989,1999097.0
10990,2018785.0
10991,2344689.0
10992,8213524.0
10993,3351383.0
10994,5435276.0
10995,2018785.0
10996,3008199.0
10997,9652350.0
10998,3445076.0
10999,1763231.0
11000,5461700.0
11001,3426169.0
11002,4952255.0
11003,6941173.0
11004,2544857.0
11005,2544857.0
11006,3028267.0
11007,1847826.0
11008,2097022.0
11009,4250553.0
11010,4052733.0
11011,2097022.0
11012,6941173.0
11013,1619683.0
11014,2058644.0
11015,2993069.0
11016,4219263.0
11017,3004429.0
11018,2097022.0
11019,3600467.0
11020,4467728.0
11021,8213524.0
11022,1149870.0
11023,2344689.0
11024,3727364.0
11025,6694797.0
11026,4590423.0
11027,2732645.0
11028,6941173.0
11029,1904842.0
11030,6363241.0
11031,2156098.0
11032,4316715.0
11033,3410878.0
11034,3447890.0
11035,2058644.0
11036,3939804.0
11037,3903884.0
11038,4952255.0
11039,4316715.0
11040,2156098.0
11041,2993069.0
11042,3982767.0
11043,3752885.0
11044,7217634.0
11045,8213524.0
11046,4067566.0
11047,6923131.0
11048,1999097.0
11049,4705945.0
11050,4554237.0
11051,2544857.0
11052,4219263.0
11053,1756069.0
11054,5161370.0
11055,5906596.0
11056,3447890.0
11057,1619683.0
11058,5435276.0
11059,3426169.0
11060,3939804.0
11061,5525735.0
11062,1270499.0
11063,3351383.0
11064,2999068.0
11065,1882131.0
11066,5500818.0
11067,2055379.0
11068,2021934.0
11069,3939804.0
11070,3351383.0
11071,7217634.0
11072,4780607.0
11073,3004429.0
11074,1847826.0
11075,3004429.0
11076,3426169.0
11077,3780019.0
11078,7217634.0
11079,1999097.0
11080,1619683.0
11081,2021934.0
11082,2738052.0
11083,2097022.0
11084,3745135.0
11085,3410878.0
11086,2525375.0
11087,2058644.0
11088,9652350.0
11089,5017319.0
11090,3351383.0
11091,2525375.0
11092,6923131.0
11093,3600467.0
11094,2954086.0
11095,2055379.0
11096,5166635.0
11097,2344689.0
11098,7865428.0
11099,4705945.0
11100,2058644.0
11101,5595267.0
11102,3903884.0
11103,2058644.0
11104,3807496.0
11105,4590423.0
11106,4219263.0
11107,3351383.0
11108,4491607.0
11109,6836483.0
11110,3745135.0
11111,2551252.0
11112,8213524.0
11113,5337526.0
11114,3351383.0
11115,2097022.0
11116,2097022.0
11117,3199619.0
11118,7592272.0
11119,7592272.0
11120,4467728.0
11121,9652350.0
11122,3028267.0
11123,4467728.0
11124,6412623.0
11125,1756069.0
11126,2021934.0
11127,3982767.0
11128,1756069.0
11129,8213524.0
11130,5461700.0
11131,3752885.0
11132,3784230.0
11133,3351383.0
11134,3447890.0
11135,2544857.0
11136,3753720.0
11137,3410878.0
11138,4015749.0
11139,3351383.0
11140,5595267.0
11141,2344689.0
11142,4491607.0
11143,4491607.0
11144,5595267.0
11145,2097022.0
11146,1999097.0
11147,3351383.0
11148,2344689.0
11149,1904842.0
11150,2344689.0
11151,3261924.0
11152,1756069.0
11153,6836483.0
11154,4286645.0
11155,3600467.0
11156,3164972.0
11157,6836483.0
11158,2344689.0
11159,2267425.0
11160,2544857.0
11161,4491607.0
11162,1904842.0
11163,2551252.0
11164,5500818.0
11165,6923131.0
11166,5653753.0
11167,3347767.0
11168,4705945.0
11169,1149870.0
11170,2097022.0
11171,2018785.0
11172,8213524.0
11173,4705945.0
11174,3004429.0
11175,2025297.0
11176,1734634.0
11177,1756069.0
11178,2021934.0
11179,1270499.0
11180,2344689.0
11181,3745135.0
11182,4780607.0
11183,3347767.0
11184,6313221.0
11185,6694797.0
11186,1847826.0
11187,3982767.0
11188,2344689.0
11189,4067566.0
11190,3745135.0
11191,2544857.0
11192,3600467.0
11193,2344689.0
11194,2055379.0
11195,3410878.0
11196,1999097.0
11197,6941173.0
11198,2097022.0
11199,3008199.0
11200,2021934.0
11201,7592272.0
11202,3836721.0
11203,3347767.0
11204,7495092.0
11205,2364478.0
11206,1756069.0
11207,4052733.0
11208,3351383.0
11209,4264176.0
11210,1756069.0
11211,3351383.0
11212,4136425.0
11213,2021934.0
11214,2018785.0
11215,1149870.0
11216,5017319.0
11217,1756069.0
11218,4491607.0
11219,8213524.0
11220,1619683.0
11221,3410878.0
11222,2344689.0
11223,7495092.0
11224,4807746.0
11225,2993069.0
11226,5525735.0
11227,2058644.0
11228,1847826.0
11229,2021934.0
11230,2675511.0
11231,4554237.0
11232,3752885.0
11233,1149870.0
11234,5461700.0
11235,7217634.0
11236,4350573.0
11237,2097022.0
11238,3410878.0
11239,2993069.0
11240,1270499.0
11241,9652350.0
11242,5525735.0
11243,3982767.0
11244,1149870.0
11245,7592272.0
11246,2058644.0
11247,2058644.0
11248,3028267.0
11249,2993069.0
11250,3982767.0
11251,1756069.0
11252,5461700.0
11253,8213524.0
11254,3752885.0
11255,6363241.0
11256,3347767.0
11257,1847826.0
11258,4264176.0
11259,2058644.0
11260,3600467.0
11261,2021934.0
11262,6412623.0
11263,3600467.0
11264,3248660.0
11265,2058644.0
11266,3410878.0
11267,7495092.0
11268,5525735.0
11269,2267425.0
11270,1756069.0
11271,16549064.0
11272,1270499.0
11273,6941173.0
11274,1270499.0
11275,1149870.0
11276,4100886.0
11277,3410878.0
11278,2792031.0
11279,3347767.0
11280,4491607.0
11281,4100886.0
11282,2058644.0
11283,1904842.0
11284,4136425.0
11285,3745135.0
11286,2544857.0
11287,2021934.0
11288,2390534.0
11289,7592272.0
11290,3939804.0
11291,1619683.0
11292,3447890.0
11293,4015749.0
11294,4155435.0
11295,4067566.0
11296,1619683.0
11297,4491607.0
11298,4052733.0
11299,4590423.0
11300,1999097.0
11301,9262754.0
11302,2344689.0
11303,3004429.0
11304,7865428.0
11305,2525375.0
11306,1619683.0
11307,2344689.0
11308,4015749.0
11309,3410878.0
11310,5435276.0
11311,2021934.0
11312,1847826.0
11313,4651866.0
11314,6941173.0
11315,3347767.0
11316,4705945.0
11317,2083447.0
11318,4491607.0
11319,2021934.0
11320,2058644.0
11321,1756069.0
11322,2344689.0
11323,1999097.0
11324,4100886.0
11325,4316715.0
11326,2025297.0
11327,5435276.0
11328,2732645.0
11329,1756069.0
11330,4780607.0
11331,4952255.0
11332,5906596.0
11333,3426169.0
11334,2525375.0
11335,4554237.0
11336,4316715.0
11337,2792031.0
11338,6363241.0
11339,1149870.0
11340,6836483.0
11341,3351383.0
11342,4250758.0
11343,4780607.0
11344,3939804.0
11345,4250553.0
11346,2544857.0
11347,6363241.0
11348,2993069.0
11349,4066618.0
11350,3261924.0
11351,2097022.0
11352,3410878.0
11353,2097022.0
11354,2383840.0
11355,2156098.0
11356,4350573.0
11357,4316715.0
11358,3199619.0
11359,5337526.0
11360,3727364.0
11361,7495092.0
11362,2018785.0
11363,7592272.0
11364,7201784.0
11365,3727364.0
11366,2390534.0
11367,1619683.0
11368,3745135.0
11369,9652350.0
11370,8894598.0
11371,3745135.0
11372,3410878.0
11373,2097022.0
11374,3410878.0
11375,3347767.0
11376,1619683.0
11377,5787594.0
11378,1734634.0
11379,3982767.0
11380,1847826.0
11381,3410878.0
11382,5435276.0
11383,6412623.0
11384,4264176.0
11385,3410878.0
11386,6313221.0
11387,2021934.0
11388,3752885.0
11389,3780019.0
11390,2058644.0
11391,6923131.0
11392,5906596.0
11393,3004429.0
11394,3570392.0
11395,2058644.0
11396,4491607.0
11397,1149870.0
11398,2021934.0
11399,3982767.0
11400,1270499.0
11401,1847826.0
11402,1149870.0
11403,1619683.0
11404,3600467.0
11405,1904842.0
11406,2021934.0
11407,9262754.0
11408,1270499.0
11409,6782425.0
11410,1904842.0
11411,3261924.0
11412,1756069.0
11413,2675511.0
11414,6412623.0
11415,2738052.0
11416,3807496.0
11417,4952255.0
11418,2018785.0
11419,1847826.0
11420,6923131.0
11421,3410878.0
11422,3600467.0
11423,1904842.0
11424,2018785.0
11425,2993069.0
11426,2018785.0
11427,5595267.0
11428,4264176.0
11429,6941173.0
11430,3836721.0
11431,5444227.0
11432,5595267.0
11433,1619683.0
11434,2055379.0
11435,7592272.0
11436,2018785.0
11437,13575224.0
11438,3347767.0
11439,7865428.0
11440,1270499.0
11441,2055379.0
11442,2021934.0
11443,1756069.0
11444,2371202.0
11445,2383840.0
11446,2738052.0
11447,4705945.0
11448,8213524.0
11449,8213524.0
11450,1149870.0
11451,1270499.0
11452,2675511.0
11453,2383840.0
11454,1270499.0
11455,1999097.0
11456,2675511.0
11457,1149870.0
11458,6941173.0
11459,1999097.0
11460,9262754.0
11461,8213524.0
11462,2544857.0
11463,5787594.0
11464,3004429.0
11465,2732645.0
11466,4100886.0
11467,5435276.0
11468,1270499.0
11469,3982767.0
11470,2018785.0
11471,2792031.0
11472,2344689.0
11473,6412623.0
11474,1734634.0
11475,3351383.0
11476,3410878.0
11477,3004429.0
11478,2055379.0
11479,1149870.0
11480,8213524.0
11481,6782425.0
11482,3410878.0
11483,2364478.0
11484,1999097.0
11485,1756069.0
11486,1763231.0
11487,2018785.0
11488,3727364.0
11489,4952255.0
11490,1999097.0
11491,3410878.0
11492,7217634.0
11493,2097022.0
11494,1619683.0
11495,3600467.0
11496,1756069.0
11497,2999068.0
11498,8213524.0
11499,4491607.0
11500,6412623.0
11501,2344689.0
11502,8213524.0
11503,3351383.0
11504,2025297.0
11505,2551252.0
11506,3600467.0
11507,5444227.0
11508,4052733.0
11509,4264176.0
11510,8213524.0
11511,7495092.0
11512,3939804.0
11513,3351383.0
11514,3351383.0
11515,5595267.0
11516,4467728.0
11517,3347767.0
11518,3982767.0
11519,2344689.0
11520,3347767.0
11521,3982767.0
11522,2018785.0
11523,4888774.0
11524,4554237.0
11525,2267425.0
11526,2738052.0
11527,5595267.0
11528,5595267.0
11529,2544857.0
11530,4491607.0
11531,2732645.0
11532,3426169.0
11533,7592272.0
11534,3752885.0
11535,3818055.0
11536,2018785.0
11537,2732645.0
11538,2551252.0
11539,2675511.0
11540,2675511.0
11541,3939804.0
11542,1149870.0
11543,2025297.0
11544,6836483.0
11545,2390534.0
11546,4491607.0
11547,2097022.0
11548,5653753.0
11549,1756069.0
11550,2156098.0
11551,3218918.0
11552,2097022.0
11553,4066618.0
11554,4491607.0
11555,4015749.0
11556,3745135.0
11557,2738052.0
11558,2371202.0
11559,3004429.0
11560,2732645.0
11561,2954086.0
11562,3248660.0
11563,3410878.0
11564,5525735.0
11565,6836483.0
11566,3982767.0
11567,7495092.0
11568,4491607.0
11569,2018785.0
11570,4554237.0
11571,3347767.0
11572,2058644.0
11573,3600467.0
11574,3410878.0
11575,1619683.0
11576,2058644.0
11577,3347767.0
11578,3982767.0
11579,3261924.0
11580,5906596.0
11581,3347767.0
11582,4888774.0
11583,2058644.0
11584,3982767.0
11585,3780019.0
11586,6412623.0
11587,4491607.0
11588,5595267.0
11589,2344689.0
11590,3939804.0
11591,1904842.0
11592,7592272.0
11593,3982767.0
11594,3376145.0
11595,4052733.0
11596,7201784.0
11597,4491607.0
11598,3347767.0
11599,3426169.0
11600,2156098.0
11601,4052733.0
11602,4491607.0
11603,6363241.0
11604,4250553.0
11605,4590423.0
11606,6313221.0
11607,2097022.0
11608,5500818.0
11609,2390534.0
11610,2097022.0
11611,5444227.0
11612,1734634.0
11613,2055379.0
11614,2058644.0
11615,1756069.0
11616,2371202.0
11617,7865428.0
11618,2675511.0
11619,5461700.0
11620,2058644.0
11621,4467728.0
11622,1999097.0
11623,5787594.0
11624,3351383.0
11625,2732645.0
11626,3347767.0
11627,3028267.0
11628,3410878.0
11629,2675511.0
11630,3410878.0
11631,2018785.0
11632,5525735.0
11633,3982767.0
11634,3982767.0
11635,2021934.0
11636,4467728.0
11637,6836483.0
11638,2390534.0
11639,6941173.0
11640,4952255.0
11641,3745135.0
11642,7201784.0
11643,4491607.0
11644,2055379.0
11645,4491607.0
11646,4263629.0
11647,4052733.0
11648,8213524.0
11649,3745135.0
11650,1904842.0
11651,6941173.0
11652,1999097.0
11653,2021934.0
11654,4554237.0
11655,2267425.0
11656,2344689.0
11657,2097022.0
11658,7201784.0
11659,9652350.0
11660,4467728.0
11661,4250758.0
11662,8213524.0
11663,6313221.0
11664,3447890.0
11665,2097022.0
11666,4491607.0
11667,2675511.0
11668,5017319.0
11669,4952255.0
11670,7865428.0
11671,1270499.0
11672,3752885.0
11673,3956086.0
11674,4491607.0
11675,1619683.0
11676,9652350.0
11677,1904842.0
11678,3836721.0
11679,4705945.0
11680,3939804.0
11681,6313221.0
11682,2097022.0
11683,2675511.0
11684,2058644.0
11685,3426169.0
11686,2675511.0
11687,4219263.0
11688,2083447.0
11689,3727364.0
11690,2738052.0
11691,3600467.0
11692,1734634.0
11693,2021934.0
11694,5595267.0
11695,2097022.0
11696,3780019.0
11697,3836721.0
11698,1149870.0
11699,8904084.0
11700,3164972.0
11701,5595267.0
11702,4590423.0
11703,2364478.0
11704,2675511.0
11705,4491607.0
11706,2792031.0
11707,3004429.0
11708,3903884.0
11709,3218918.0
11710,4015749.0
11711,3778621.0
11712,3347767.0
11713,7217634.0
11714,5787594.0
11715,2544857.0
11716,3426169.0
11717,2371202.0
11718,9652350.0
11719,3939804.0
11720,4066618.0
11721,5595267.0
11722,6412623.0
11723,3570392.0
11724,1882131.0
11725,2021934.0
11726,1619683.0
11727,3600467.0
11728,3600467.0
11729,3447890.0
11730,6363241.0
11731,6363241.0
11732,3727364.0
11733,2383840.0
11734,1734634.0
11735,2383840.0
11736,5161370.0
11737,1882131.0
11738,3727364.0
11739,1999097.0
11740,3982767.0
11741,4015749.0
11742,3600467.0
11743,3347767.0
11744,4052733.0
11745,1904842.0
11746,7592272.0
11747,3600467.0
11748,3199619.0
11749,2383840.0
11750,3410878.0
11751,1756069.0
11752,2344689.0
11753,2021934.0
11754,6363241.0
11755,2344689.0
11756,2390534.0
11757,2055379.0
11758,2018785.0
11759,3939804.0
11760,2390534.0
11761,4015749.0
11762,7592272.0
11763,3600467.0
11764,2390534.0
11765,3351383.0
11766,5017319.0
11767,3982767.0
11768,7495092.0
11769,4316715.0
11770,4100886.0
11771,2993069.0
11772,2058644.0
11773,2021934.0
11774,3956086.0
11775,3982767.0
11776,3956086.0
11777,3004429.0
11778,7592272.0
11779,3982767.0
11780,2993069.0
11781,2018785.0
11782,5500818.0
11783,4286645.0
11784,1149870.0
11785,6412623.0
11786,4705945.0
11787,2344689.0
11788,4250553.0
11789,2025297.0
11790,3752885.0
11791,2018785.0
11792,5166635.0
11793,6836483.0
11794,2156098.0
11795,2058644.0
11796,3447890.0
11797,7865428.0
11798,3426169.0
11799,1619683.0
11800,3426169.0
11801,4705945.0
11802,2267425.0
11803,1999097.0
11804,2371202.0
11805,7217634.0
11806,2097022.0
11807,2525375.0
11808,1763231.0
11809,2058644.0
11810,2738052.0
11811,8213524.0
11812,2954086.0
11813,5017319.0
11814,6694797.0
11815,1619683.0
11816,1847826.0
11817,5906596.0
11818,3727364.0
11819,2018785.0
11820,2525375.0
11821,1756069.0
11822,4067566.0
11823,5435276.0
11824,3600467.0
11825,3956086.0
11826,3982767.0
11827,2018785.0
11828,2083447.0
11829,2058644.0
11830,5906596.0
11831,2058644.0
11832,7217634.0
11833,9652350.0
11834,3347767.0
11835,1763231.0
11836,7201784.0
11837,3778621.0
11838,3004429.0
11839,2156098.0
11840,2525375.0
11841,3351383.0
11842,1763231.0
11843,4491607.0
11844,2525375.0
11845,2371202.0
11846,4316715.0
11847,3752885.0
11848,2993069.0
11849,3982767.0
11850,3745135.0
11851,4052733.0
11852,3273041.0
11853,4491607.0
11854,2544857.0
11855,8213524.0
11856,1149870.0
11857,4350573.0
11858,5906596.0
11859,4015749.0
11860,4264176.0
11861,1999097.0
11862,2018785.0
11863,6836483.0
11864,7495092.0
11865,2058644.0
11866,6313221.0
11867,1756069.0
11868,8904084.0
11869,3004429.0
11870,3752885.0
11871,4052733.0
11872,1999097.0
11873,3273041.0
11874,4052733.0
11875,4491607.0
11876,1734634.0
11877,3199619.0
11878,2055379.0
11879,2097022.0
11880,3410878.0
11881,2371202.0
11882,3784230.0
11883,2390534.0
11884,2021934.0
11885,1149870.0
11886,3273041.0
11887,2025297.0
11888,3982767.0
11889,1270499.0
11890,2018785.0
11891,2993069.0
11892,5337526.0
11893,2097022.0
11894,3351383.0
11895,5435276.0
11896,4015749.0
11897,4952255.0
11898,5525735.0
11899,6941173.0
11900,2525375.0
11901,3956086.0
11902,2021934.0
11903,2344689.0
11904,4554237.0
11905,7201784.0
11906,6694797.0
11907,7592272.0
11908,3426169.0
11909,3600467.0
11910,2525375.0
11911,4952255.0
11912,2018785.0
11913,2055379.0
11914,3351383.0
11915,2021934.0
11916,2018785.0
11917,3903884.0
11918,1763231.0
11919,1999097.0
11920,9262754.0
11921,4590423.0
11922,6941173.0
11923,4015749.0
11924,3982767.0
11925,4705945.0
11926,2055379.0
11927,4467728.0
11928,4286645.0
11929,4250553.0
11930,3956086.0
11931,5787594.0
11932,3347767.0
11933,1882131.0
11934,2344689.0
11935,3778621.0
11936,2344689.0
11937,4250553.0
11938,3600467.0
11939,5166635.0
11940,1149870.0
11941,2551252.0
11942,5595267.0
11943,7217634.0
11944,3727364.0
11945,2097022.0
11946,1270499.0
11947,2344689.0
11948,6694797.0
11949,8213524.0
11950,1999097.0
11951,1619683.0
11952,6941173.0
11953,4067566.0
11954,5500818.0
11955,3600467.0
11956,3273041.0
11957,6941173.0
11958,6941173.0
11959,2675511.0
11960,1756069.0
11961,3347767.0
11962,4250553.0
11963,2025297.0
11964,4067566.0
11965,7592272.0
11966,1619683.0
11967,2267425.0
11968,3982767.0
11969,3351383.0
11970,3028267.0
11971,5525735.0
11972,2390534.0
11973,1999097.0
11974,2999068.0
11975,8904084.0
11976,1999097.0
11977,4067566.0
11978,2021934.0
11979,8904084.0
11980,1149870.0
11981,1999097.0
11982,3004429.0
11983,2954086.0
11984,4250553.0
11985,4888774.0
11986,2055379.0
11987,3004429.0
11988,2525375.0
11989,4067566.0
11990,5435276.0
11991,4316715.0
11992,6313221.0
11993,3351383.0
11994,5595267.0
11995,2021934.0
11996,5595267.0
11997,2021934.0
11998,2344689.0
11999,4066618.0
12000,3347767.0
12001,2058644.0
12002,4015749.0
12003,6836483.0
12004,2371202.0
12005,3004429.0
12006,4350573.0
12007,6836483.0
12008,1270499.0
12009,3752885.0
12010,3028267.0
12011,2371202.0
12012,2097022.0
12013,2993069.0
12014,4100886.0
12015,5166635.0
12016,1149870.0
12017,2525375.0
12018,2021934.0
12019,5595267.0
12020,2097022.0
12021,5461700.0
12022,2792031.0
12023,2055379.0
12024,3351383.0
12025,3982767.0
12026,3351383.0
12027,1149870.0
12028,1999097.0
12029,1999097.0
12030,2097022.0
12031,2097022.0
12032,5161370.0
12033,3600467.0
12034,3028267.0
12035,4491607.0
12036,2097022.0
12037,1619683.0
12038,1904842.0
12039,2156098.0
12040,4219263.0
12041,2999068.0
12042,1999097.0
12043,6313221.0
12044,2021934.0
12045,3426169.0
12046,5017319.0
12047,3445076.0
12048,2025297.0
12049,4554237.0
12050,1619683.0
12051,1734634.0
12052,3410878.0
12053,7217634.0
12054,4066618.0
12055,3008199.0
12056,4015749.0
12057,1999097.0
12058,4590423.0
12059,2018785.0
12060,2544857.0
12061,3982767.0
12062,6363241.0
12063,2021934.0
12064,3600467.0
12065,2675511.0
12066,3836721.0
12067,6941173.0
12068,5595267.0
12069,3410878.0
12070,4316715.0
12071,3410878.0
12072,1619683.0
12073,2018785.0
12074,6412623.0
12075,5595267.0
12076,1734634.0
12077,4250553.0
12078,2083447.0
12079,3347767.0
12080,4100886.0
12081,1756069.0
12082,2097022.0
12083,2021934.0
12084,2058644.0
12085,2097022.0
12086,2018785.0
12087,3600467.0
12088,5444227.0
12089,4467728.0
12090,3004429.0
12091,5787594.0
12092,6363241.0
12093,2021934.0
12094,6694797.0
12095,6313221.0
12096,1270499.0
12097,5595267.0
12098,3004429.0
12099,3745135.0
12100,1270499.0
12101,3753720.0
12102,3004429.0
12103,2021934.0
12104,2792031.0
12105,6694797.0
12106,4052733.0
12107,4705945.0
12108,3351383.0
12109,2344689.0
12110,2371202.0
12111,5166635.0
12112,2525375.0
12113,1999097.0
12114,3410878.0
12115,2390534.0
12116,2058644.0
12117,2551252.0
12118,3600467.0
12119,4350573.0
12120,2021934.0
12121,2156098.0
12122,1756069.0
12123,7592272.0
12124,5286212.0
12125,6313221.0
12126,3752885.0
12127,3410878.0
12128,8213524.0
12129,2544857.0
12130,3218918.0
12131,3273041.0
12132,1999097.0
12133,3218918.0
12134,2390534.0
12135,3347767.0
12136,2525375.0
12137,2021934.0
12138,2390534.0
12139,6313221.0
12140,5017319.0
12141,5166635.0
12142,1999097.0
12143,7495092.0
12144,4807746.0
12145,9262754.0
12146,3752885.0
12147,3939804.0
12148,2025297.0
12149,3818055.0
12150,7495092.0
12151,3261924.0
12152,5435276.0
12153,6694797.0
12154,2390534.0
12155,3261924.0
12156,4250553.0
12157,4705945.0
12158,2058644.0
12159,5017319.0
12160,1149870.0
12161,3248660.0
12162,3452382.0
12163,3939804.0
12164,3347767.0
12165,1882131.0
12166,4350573.0
12167,5653753.0
12168,6941173.0
12169,2544857.0
12170,2344689.0
12171,1847826.0
12172,4554237.0
12173,2954086.0
12174,4350573.0
12175,2732645.0
12176,8904084.0
12177,1270499.0
12178,4264176.0
12179,6836483.0
12180,3780019.0
12181,3004429.0
12182,3028267.0
12183,1756069.0
12184,2267425.0
12185,3199619.0
12186,2544857.0
12187,4264176.0
12188,2344689.0
12189,3780019.0
12190,5435276.0
12191,2018785.0
12192,4052733.0
12193,5595267.0
12194,5525735.0
12195,2344689.0
12196,8213524.0
12197,3982767.0
12198,4882985.0
12199,6941173.0
12200,7201784.0
12201,1149870.0
12202,3218918.0
12203,1904842.0
12204,1999097.0
12205,1756069.0
12206,2021934.0
12207,3982767.0
12208,1999097.0
12209,3982767.0
12210,7217634.0
12211,5525735.0
12212,2344689.0
12213,3836721.0
12214,2058644.0
12215,2390534.0
12216,1619683.0
12217,2267425.0
12218,3982767.0
12219,3807496.0
12220,3347767.0
12221,5787594.0
12222,3426169.0
12223,2021934.0
12224,2055379.0
12225,3956086.0
12226,7592272.0
12227,1999097.0
12228,6923131.0
12229,4888774.0
12230,3447890.0
12231,4590423.0
12232,7865428.0
12233,2097022.0
12234,2021934.0
12235,2021934.0
12236,2390534.0
12237,3351383.0
12238,1763231.0
12239,3347767.0
12240,2738052.0
12241,1619683.0
12242,1756069.0
12243,3004429.0
12244,3727364.0
12245,3004429.0
12246,2993069.0
12247,5337526.0
12248,5595267.0
12249,3447890.0
12250,3347767.0
12251,4554237.0
12252,3376145.0
12253,3600467.0
12254,1270499.0
12255,3426169.0
12256,1756069.0
12257,2732645.0
12258,2058644.0
12259,2055379.0
12260,5595267.0
12261,2058644.0
12262,1619683.0
12263,3261924.0
12264,4467728.0
12265,1999097.0
12266,3199619.0
12267,1756069.0
12268,2097022.0
12269,4952255.0
12270,5906596.0
12271,2021934.0
12272,1882131.0
12273,4807746.0
12274,2732645.0
12275,6363241.0
12276,2267425.0
12277,3982767.0
12278,3982767.0
12279,5017319.0
12280,5525735.0
12281,1999097.0
12282,4952255.0
12283,4100886.0
12284,2738052.0
12285,4882985.0
12286,3347767.0
12287,1999097.0
12288,4554237.0
12289,2792031.0
12290,8213524.0
12291,4264176.0
12292,4952255.0
12293,4015749.0
12294,4067566.0
12295,2055379.0
12296,2267425.0
12297,5500818.0
12298,2390534.0
12299,4052733.0
12300,1999097.0
12301,3347767.0
12302,7201784.0
12303,3426169.0
12304,2390534.0
12305,5500818.0
12306,2383840.0
12307,2021934.0
12308,3447890.0
12309,1847826.0
12310,2018785.0
12311,2390534.0
12312,4429512.0
12313,1619683.0
12314,2544857.0
12315,3008199.0
12316,3347767.0
12317,2544857.0
12318,2021934.0
12319,2390534.0
12320,2551252.0
12321,2551252.0
12322,2021934.0
12323,1270499.0
12324,5595267.0
12325,5787594.0
12326,4100886.0
12327,3347767.0
12328,1756069.0
12329,1999097.0
12330,3410878.0
12331,8904084.0
12332,2792031.0
12333,2058644.0
12334,3452382.0
12335,1756069.0
12336,4554237.0
12337,4467728.0
12338,6923131.0
12339,3028267.0
12340,4882985.0
12341,4067566.0
12342,1270499.0
12343,1763231.0
12344,3199619.0
12345,7495092.0
12346,2021934.0
12347,2344689.0
12348,1847826.0
12349,3351383.0
12350,2097022.0
12351,6313221.0
12352,7495092.0
12353,2551252.0
12354,4491607.0
12355,3004429.0
12356,2344689.0
12357,4250553.0
12358,4316715.0
12359,3028267.0
12360,3778621.0
12361,3836721.0
12362,5525735.0
12363,3261924.0
12364,1734634.0
12365,5595267.0
12366,2097022.0
12367,3982767.0
12368,4250758.0
12369,3347767.0
12370,3347767.0
12371,4780607.0
12372,1270499.0
12373,4350573.0
12374,1619683.0
12375,2792031.0
12376,2156098.0
12377,1270499.0
12378,3004429.0
12379,8904084.0
12380,1999097.0
12381,1756069.0
12382,5435276.0
12383,13575224.0
12384,3410878.0
12385,6313221.0
12386,2097022.0
12387,2792031.0
12388,1756069.0
12389,2267425.0
12390,2344689.0
12391,3410878.0
12392,5500818.0
12393,3004429.0
12394,3261924.0
12395,1756069.0
12396,3600467.0
12397,6923131.0
12398,1882131.0
12399,2344689.0
12400,2156098.0
12401,6941173.0
12402,7865428.0
12403,3351383.0
12404,1882131.0
12405,2058644.0
12406,4554237.0
12407,1847826.0
12408,2551252.0
12409,1270499.0
12410,2097022.0
12411,6412623.0
12412,2390534.0
12413,2156098.0
12414,4491607.0
12415,7201784.0
12416,2018785.0
12417,3351383.0
12418,1270499.0
12419,2551252.0
12420,3778621.0
12421,1904842.0
12422,2267425.0
12423,5525735.0
12424,3347767.0
12425,4705945.0
12426,1882131.0
12427,3600467.0
12428,2018785.0
12429,2344689.0
12430,1847826.0
12431,2156098.0
12432,2371202.0
12433,1270499.0
12434,3351383.0
12435,4219263.0
12436,2738052.0
12437,2021934.0
12438,6836483.0
12439,4250553.0
12440,1149870.0
12441,1619683.0
12442,1847826.0
12443,1882131.0
12444,4250553.0
12445,2021934.0
12446,1756069.0
12447,5161370.0
12448,1734634.0
12449,1734634.0
12450,4705945.0
12451,5166635.0
12452,2097022.0
12453,1734634.0
12454,4952255.0
12455,5444227.0
12456,6941173.0
12457,2525375.0
12458,5444227.0
12459,2021934.0
12460,3004429.0
12461,8213524.0
12462,2055379.0
12463,3248660.0
12464,3347767.0
12465,3261924.0
12466,6412623.0
12467,2525375.0
12468,6923131.0
12469,2525375.0
12470,3426169.0
12471,2738052.0
12472,2058644.0
12473,6782425.0
12474,3351383.0
12475,4888774.0
12476,3780019.0
12477,4491607.0
12478,2083447.0
12479,4067566.0
12480,2371202.0
12481,9652350.0
12482,3410878.0
12483,7592272.0
12484,2792031.0
12485,2156098.0
12486,2267425.0
12487,9262754.0
12488,1999097.0
12489,5525735.0
12490,4250553.0
12491,2675511.0
12492,3752885.0
12493,3903884.0
12494,7865428.0
12495,6694797.0
12496,2021934.0
12497,2525375.0
12498,1882131.0
12499,2344689.0
12500,3600467.0
12501,1756069.0
12502,2675511.0
12503,3248660.0
12504,1619683.0
12505,2058644.0
12506,5525735.0
12507,2097022.0
12508,3753720.0
12509,4316715.0
12510,4067566.0
12511,5595267.0
12512,3939804.0
12513,1149870.0
12514,8213524.0
12515,3258837.0
12516,4651866.0
12517,5500818.0
12518,2018785.0
12519,1270499.0
12520,4705945.0
12521,1882131.0
12522,6923131.0
12523,1149870.0
12524,2058644.0
12525,4067566.0
12526,2021934.0
12527,2792031.0
12528,5525735.0
12529,2058644.0
12530,3199619.0
12531,6412623.0
12532,4705945.0
12533,2544857.0
12534,1149870.0
12535,4015749.0
12536,3351383.0
12537,2021934.0
12538,4067566.0
12539,9652350.0
12540,3836721.0
12541,4250553.0
12542,5017319.0
12543,3752885.0
12544,2021934.0
12545,1904842.0
12546,3351383.0
12547,6412623.0
12548,2390534.0
12549,1149870.0
12550,3939804.0
12551,5500818.0
12552,4491607.0
12553,3745135.0
12554,4052733.0
12555,1149870.0
12556,3273041.0
12557,3745135.0
12558,3004429.0
12559,3939804.0
12560,3778621.0
12561,3028267.0
12562,4491607.0
12563,4250758.0
12564,4263629.0
12565,4263629.0
12566,1149870.0
12567,6694797.0
12568,9262754.0
12569,2364478.0
12570,6363241.0
12571,1619683.0
12572,1149870.0
12573,6941173.0
12574,6941173.0
12575,3982767.0
12576,9652350.0
12577,1847826.0
12578,4467728.0
12579,3727364.0
12580,3600467.0
12581,3164972.0
12582,4250553.0
12583,4015749.0
12584,2025297.0
12585,3028267.0
12586,4350573.0
12587,4807746.0
12588,1756069.0
12589,8213524.0
12590,3410878.0
12591,2993069.0
12592,4888774.0
12593,2021934.0
12594,1999097.0
12595,3248660.0
12596,2364478.0
12597,5500818.0
12598,2021934.0
12599,1756069.0
12600,5500818.0
12601,2058644.0
12602,3258837.0
12603,1999097.0
12604,3939804.0
12605,6694797.0
12606,3956086.0
12607,2544857.0
12608,2364478.0
12609,1149870.0
12610,4491607.0
12611,5595267.0
12612,3752885.0
12613,1847826.0
12614,3727364.0
12615,3600467.0
12616,2390534.0
12617,1734634.0
12618,2055379.0
12619,2021934.0
12620,3600467.0
12621,4780607.0
12622,7201784.0
12623,3956086.0
12624,3351383.0
12625,3004429.0
12626,7201784.0
12627,4219263.0
12628,4052733.0
12629,3008199.0
12630,4067566.0
12631,2018785.0
12632,2954086.0
12633,1756069.0
12634,2344689.0
12635,3426169.0
12636,3939804.0
12637,3351383.0
12638,6313221.0
12639,1999097.0
12640,3752885.0
12641,2344689.0
12642,3248660.0
12643,1999097.0
12644,4491607.0
12645,2097022.0
12646,6941173.0
12647,9262754.0
12648,2055379.0
12649,2993069.0
12650,3028267.0
12651,2344689.0
12652,3410878.0
12653,2390534.0
12654,2371202.0
12655,2383840.0
12656,2738052.0
12657,2097022.0
12658,4807746.0
12659,3939804.0
12660,2544857.0
12661,2544857.0
12662,2344689.0
12663,3351383.0
12664,3261924.0
12665,4491607.0
12666,3982767.0
12667,2390534.0
12668,2344689.0
12669,7865428.0
12670,13575224.0
12671,4250553.0
12672,5595267.0
12673,1756069.0
12674,2390534.0
12675,1619683.0
12676,2025297.0
12677,8894598.0
12678,5595267.0
12679,2156098.0
12680,5337526.0
12681,3600467.0
12682,2097022.0
12683,2025297.0
12684,1149870.0
12685,4015749.0
12686,2025297.0
12687,6313221.0
12688,6694797.0
12689,5595267.0
12690,1619683.0
12691,6836483.0
12692,5286212.0
12693,1847826.0
12694,2021934.0
12695,4952255.0
12696,5525735.0
12697,1734634.0
12698,2021934.0
12699,1999097.0
12700,1270499.0
12701,5435276.0
12702,2993069.0
12703,2021934.0
12704,2021934.0
12705,1882131.0
12706,1149870.0
12707,7201784.0
12708,2344689.0
12709,3426169.0
12710,2058644.0
12711,4705945.0
12712,2738052.0
12713,1270499.0
12714,5161370.0
12715,3004429.0
12716,2390534.0
12717,4780607.0
12718,4429512.0
12719,2364478.0
12720,2055379.0
12721,3752885.0
12722,2058644.0
12723,3445076.0
12724,3347767.0
12725,3836721.0
12726,1756069.0
12727,2021934.0
12728,4052733.0
12729,3752885.0
12730,2018785.0
12731,7201784.0
12732,4467728.0
12733,5595267.0
12734,5595267.0
12735,2021934.0
12736,3780019.0
12737,3780019.0
12738,3818055.0
12739,2055379.0
12740,3273041.0
12741,3258837.0
12742,3600467.0
12743,2383840.0
12744,6836483.0
12745,3600467.0
12746,8904084.0
12747,2344689.0
12748,6412623.0
12749,7495092.0
12750,2344689.0
12751,3753720.0
12752,1756069.0
12753,2738052.0
12754,2344689.0
12755,3410878.0
12756,4467728.0
12757,2097022.0
12758,3426169.0
12759,2025297.0
12760,1999097.0
12761,6412623.0
12762,2058644.0
12763,4590423.0
12764,1734634.0
12765,1904842.0
12766,3351383.0
12767,5017319.0
12768,4100886.0
12769,2018785.0
12770,6412623.0
12771,3410878.0
12772,4100886.0
12773,3780019.0
12774,4491607.0
12775,3778621.0
12776,8213524.0
12777,4952255.0
12778,3780019.0
12779,2021934.0
12780,5166635.0
12781,8213524.0
12782,3600467.0
12783,3410878.0
12784,2021934.0
12785,3745135.0
12786,4100886.0
12787,4491607.0
12788,3727364.0
12789,2738052.0
12790,3939804.0
12791,2021934.0
12792,3347767.0
12793,7592272.0
12794,4250758.0
12795,5787594.0
12796,4219263.0
12797,8213524.0
12798,1999097.0
12799,7495092.0
12800,3347767.0
12801,4286645.0
12802,1756069.0
12803,7865428.0
12804,3745135.0
12805,4429512.0
12806,2018785.0
12807,1270499.0
12808,2156098.0
12809,2267425.0
12810,2267425.0
12811,2344689.0
12812,3351383.0
12813,6836483.0
12814,2018785.0
12815,3410878.0
12816,3982767.0
12817,2097022.0
12818,3004429.0
12819,3939804.0
12820,2544857.0
12821,3004429.0
12822,5161370.0
12823,1904842.0
12824,2021934.0
12825,6313221.0
12826,1756069.0
12827,4705945.0
12828,6412623.0
12829,6313221.0
12830,3261924.0
12831,2344689.0
12832,2364478.0
12833,8213524.0
12834,3600467.0
12835,3258837.0
12836,2267425.0
12837,2544857.0
12838,2156098.0
12839,3351383.0
12840,2267425.0
12841,1756069.0
12842,2058644.0
12843,2055379.0
12844,2525375.0
12845,3248660.0
12846,2344689.0
12847,4491607.0
12848,2675511.0
12849,3004429.0
12850,7592272.0
12851,2344689.0
12852,2383840.0
12853,5500818.0
12854,2021934.0
12855,2344689.0
12856,3939804.0
12857,3004429.0
12858,16549064.0
12859,3956086.0
12860,5337526.0
12861,3745135.0
12862,3745135.0
12863,5595267.0
12864,4250553.0
12865,3939804.0
12866,3752885.0
12867,3410878.0
12868,1619683.0
12869,4250758.0
12870,3351383.0
12871,6836483.0
12872,2675511.0
12873,4807746.0
12874,1756069.0
12875,3028267.0
12876,3028267.0
12877,7592272.0
12878,5525735.0
12879,6782425.0
12880,6363241.0
12881,5595267.0
12882,3447890.0
12883,4350573.0
12884,1619683.0
12885,3752885.0
12886,3261924.0
12887,6363241.0
12888,4554237.0
12889,8904084.0
12890,4705945.0
12891,5017319.0
12892,6941173.0
12893,6313221.0
12894,2993069.0
12895,4467728.0
12896,3028267.0
12897,1999097.0
12898,3008199.0
12899,3752885.0
12900,2371202.0
12901,3939804.0
12902,1149870.0
12903,1882131.0
12904,8894598.0
12905,7592272.0
12906,2097022.0
12907,1619683.0
12908,3004429.0
12909,6412623.0
12910,1882131.0
12911,1619683.0
12912,3248660.0
12913,1756069.0
12914,2055379.0
12915,2058644.0
12916,3410878.0
12917,5286212.0
12918,6694797.0
12919,4015749.0
12920,5435276.0
12921,4100886.0
12922,3426169.0
12923,1847826.0
12924,3410878.0
12925,1763231.0
12926,7201784.0
12927,2097022.0
12928,3447890.0
12929,2055379.0
12930,1999097.0
12931,2371202.0
12932,3745135.0
12933,7592272.0
12934,1270499.0
12935,4316715.0
12936,4705945.0
12937,3351383.0
12938,4429512.0
12939,4219263.0
12940,4554237.0
12941,3164972.0
12942,8213524.0
12943,1270499.0
12944,3218918.0
12945,5435276.0
12946,4264176.0
12947,6923131.0
12948,3600467.0
12949,4067566.0
12950,3600467.0
12951,3376145.0
12952,3982767.0
12953,3410878.0
12954,2267425.0
12955,1149870.0
12956,4491607.0
12957,4263629.0
12958,3745135.0
12959,3199619.0
12960,3410878.0
12961,2267425.0
12962,1999097.0
12963,7592272.0
12964,3780019.0
12965,2390534.0
12966,3218918.0
12967,2344689.0
12968,3347767.0
12969,3004429.0
12970,3351383.0
12971,4100886.0
12972,2344689.0
12973,3376145.0
12974,8213524.0
12975,7495092.0
12976,3600467.0
12977,3004429.0
12978,7592272.0
12979,1270499.0
12980,4052733.0
12981,4219263.0
12982,3347767.0
12983,4250553.0
12984,4705945.0
12985,3347767.0
12986,2364478.0
12987,5017319.0
12988,2055379.0
12989,2371202.0
12990,3445076.0
12991,4250758.0
12992,4467728.0
12993,2364478.0
12994,2021934.0
12995,2097022.0
12996,8213524.0
12997,3218918.0
12998,1756069.0
12999,1904842.0
13000,4067566.0
13001,2344689.0
13002,4015749.0
13003,3982767.0
13004,2025297.0
13005,2058644.0
13006,2021934.0
13007,3600467.0
13008,2097022.0
13009,1904842.0
13010,2097022.0
13011,5787594.0
13012,5653753.0
13013,4052733.0
13014,2344689.0
13015,3752885.0
13016,3410878.0
13017,1763231.0
13018,3410878.0
13019,3745135.0
13020,5906596.0
13021,4705945.0
13022,3351383.0
13023,3347767.0
13024,8213524.0
13025,4882985.0
13026,6836483.0
13027,4052733.0
13028,8213524.0
13029,4066618.0
13030,1270499.0
13031,3376145.0
13032,2018785.0
13033,7495092.0
13034,7592272.0
13035,2792031.0
13036,3727364.0
13037,2018785.0
13038,3752885.0
13039,2021934.0
13040,3347767.0
13041,4250553.0
13042,4316715.0
13043,6412623.0
13044,2097022.0
13045,2738052.0
13046,2267425.0
13047,3410878.0
13048,4780607.0
13049,3956086.0
13050,4882985.0
13051,2390534.0
13052,4590423.0
13053,7592272.0
13054,2390534.0
13055,4554237.0
13056,9262754.0
13057,1756069.0
13058,5595267.0
13059,2025297.0
13060,3600467.0
13061,3600467.0
13062,6363241.0
13063,7201784.0
13064,3410878.0
13065,3347767.0
13066,1756069.0
13067,2055379.0
13068,2058644.0
13069,1619683.0
13070,2018785.0
13071,6363241.0
13072,2551252.0
13073,6363241.0
13074,1149870.0
13075,2792031.0
13076,6694797.0
13077,3347767.0
13078,1756069.0
13079,5337526.0
13080,2097022.0
13081,5787594.0
13082,2390534.0
13083,1756069.0
13084,4491607.0
13085,3752885.0
13086,1270499.0
13087,3410878.0
13088,1270499.0
13089,7495092.0
13090,3248660.0
13091,2344689.0
13092,1149870.0
13093,1270499.0
13094,6694797.0
13095,2732645.0
13096,1270499.0
13097,4264176.0
13098,4467728.0
13099,1882131.0
13100,2364478.0
13101,3745135.0
13102,3956086.0
13103,2371202.0
13104,3600467.0
13105,3351383.0
13106,7592272.0
13107,1756069.0
13108,2083447.0
13109,1756069.0
13110,16549064.0
13111,2390534.0
13112,2390534.0
13113,1882131.0
13114,2021934.0
13115,2021934.0
13116,2390534.0
13117,3248660.0
13118,6836483.0
13119,7592272.0
13120,5161370.0
13121,3982767.0
13122,1882131.0
13123,6836483.0
13124,2544857.0
13125,4705945.0
13126,1904842.0
13127,1882131.0
13128,3376145.0
13129,1847826.0
13130,2021934.0
13131,4491607.0
13132,4250553.0
13133,2390534.0
13134,3939804.0
13135,6313221.0
13136,3939804.0
13137,1270499.0
13138,8213524.0
13139,3939804.0
13140,3410878.0
13141,3410878.0
13142,4100886.0
13143,1882131.0
13144,3956086.0
13145,4491607.0
13146,4491607.0
13147,1149870.0
13148,2544857.0
13149,1619683.0
13150,7201784.0
13151,2732645.0
13152,5787594.0
13153,2344689.0
13154,1756069.0
13155,3807496.0
13156,3600467.0
13157,1149870.0
13158,1904842.0
13159,2993069.0
13160,1756069.0
13161,2267425.0
13162,2055379.0
13163,2267425.0
13164,1270499.0
13165,1999097.0
13166,4882985.0
13167,3347767.0
13168,2954086.0
13169,1882131.0
13170,2018785.0
13171,6923131.0
13172,4066618.0
13173,3347767.0
13174,4263629.0
13175,8213524.0
13176,3600467.0
13177,1756069.0
13178,6363241.0
13179,6836483.0
13180,1847826.0
13181,1619683.0
13182,1999097.0
13183,1999097.0
13184,3351383.0
13185,3982767.0
13186,1882131.0
13187,5906596.0
13188,2156098.0
13189,5017319.0
13190,5435276.0
13191,5525735.0
13192,3004429.0
13193,3351383.0
13194,2021934.0
13195,6836483.0
13196,1619683.0
13197,3903884.0
13198,1904842.0
13199,4952255.0
13200,3347767.0
13201,3261924.0
13202,1270499.0
13203,6694797.0
13204,2371202.0
13205,4316715.0
13206,1149870.0
13207,2344689.0
13208,2021934.0
13209,4100886.0
13210,1882131.0
13211,2371202.0
13212,2156098.0
13213,2954086.0
13214,1882131.0
13215,6923131.0
13216,8213524.0
13217,1149870.0
13218,2738052.0
13219,2390534.0
13220,3982767.0
13221,2344689.0
13222,3028267.0
13223,3903884.0
13224,2083447.0
13225,4067566.0
13226,4952255.0
13227,7495092.0
13228,7592272.0
13229,3261924.0
13230,3903884.0
13231,3248660.0
13232,2025297.0
13233,8213524.0
13234,2083447.0
13235,6941173.0
13236,2083447.0
13237,2021934.0
13238,2021934.0
13239,3939804.0
13240,2675511.0
13241,3426169.0
13242,5166635.0
13243,2025297.0
13244,3164972.0
13245,2390534.0
13246,1756069.0
13247,2021934.0
13248,4250758.0
13249,3426169.0
13250,2018785.0
13251,1619683.0
13252,1270499.0
13253,5461700.0
13254,4100886.0
13255,3982767.0
13256,2058644.0
13257,6923131.0
13258,3004429.0
13259,6313221.0
13260,3727364.0
13261,5906596.0
13262,1734634.0
13263,3347767.0
13264,6923131.0
13265,3004429.0
13266,3807496.0
13267,3004429.0
13268,3745135.0
13269,2344689.0
13270,3376145.0
13271,2344689.0
13272,3004429.0
13273,4015749.0
13274,2021934.0
13275,4052733.0
13276,1756069.0
13277,2021934.0
13278,3982767.0
13279,3956086.0
13280,3004429.0
13281,4052733.0
13282,4052733.0
13283,7201784.0
13284,6313221.0
13285,2021934.0
13286,6313221.0
13287,3780019.0
13288,7865428.0
13289,2390534.0
13290,2390534.0
13291,8213524.0
13292,2732645.0
13293,3982767.0
13294,2058644.0
13295,4807746.0
13296,3410878.0
13297,3982767.0
13298,4015749.0
13299,4952255.0
13300,3028267.0
13301,5595267.0
13302,4952255.0
13303,3836721.0
13304,2344689.0
13305,1149870.0
13306,4250758.0
13307,1756069.0
13308,2055379.0
13309,6694797.0
13310,1756069.0
13311,6836483.0
13312,6941173.0
13313,2018785.0
13314,1756069.0
13315,1756069.0
13316,5595267.0
13317,6412623.0
13318,8213524.0
13319,2097022.0
13320,5595267.0
13321,5166635.0
13322,4590423.0
13323,2156098.0
13324,4467728.0
13325,2344689.0
13326,3410878.0
13327,5500818.0
13328,1756069.0
13329,3218918.0
13330,1270499.0
13331,4350573.0
13332,19696939.0
13333,2993069.0
13334,3956086.0
13335,8904084.0
13336,3956086.0
13337,2344689.0
13338,1149870.0
13339,2021934.0
13340,4350573.0
13341,4952255.0
13342,1999097.0
13343,6363241.0
13344,3028267.0
13345,2156098.0
13346,4316715.0
13347,1847826.0
13348,4100886.0
13349,3745135.0
13350,3004429.0
13351,6923131.0
13352,3426169.0
13353,1734634.0
13354,4067566.0
13355,3410878.0
13356,2390534.0
13357,2021934.0
13358,2267425.0
13359,4219263.0
13360,3780019.0
13361,4467728.0
13362,2390534.0
13363,2993069.0
13364,3807496.0
13365,1756069.0
13366,3004429.0
13367,3727364.0
13368,1763231.0
13369,4264176.0
13370,2993069.0
13371,4250553.0
13372,1882131.0
13373,9652350.0
13374,3004429.0
13375,3248660.0
13376,2097022.0
13377,4052733.0
13378,3810007.0
13379,2025297.0
13380,4100886.0
13381,3745135.0
13382,2792031.0
13383,2675511.0
13384,3836721.0
13385,3347767.0
13386,2675511.0
13387,2097022.0
13388,2097022.0
13389,3745135.0
13390,3004429.0
13391,3347767.0
13392,2018785.0
13393,2390534.0
13394,4316715.0
13395,6694797.0
13396,3745135.0
13397,6694797.0
13398,1999097.0
13399,1149870.0
13400,2097022.0
13401,6941173.0
13402,6313221.0
13403,3273041.0
13404,3261924.0
13405,4888774.0
13406,4015749.0
13407,3199619.0
13408,1270499.0
13409,4316715.0
13410,5595267.0
13411,7592272.0
13412,1756069.0
13413,3778621.0
13414,1149870.0
13415,5461700.0
13416,3956086.0
13417,4052733.0
13418,7592272.0
13419,3727364.0
13420,2018785.0
13421,3410878.0
13422,2344689.0
13423,2267425.0
13424,2954086.0
13425,2018785.0
13426,1882131.0
13427,2058644.0
13428,3939804.0
13429,3347767.0
13430,1270499.0
13431,2021934.0
13432,5500818.0
13433,2738052.0
13434,3351383.0
13435,3752885.0
13436,2018785.0
13437,4780607.0
13438,3218918.0
13439,7592272.0
13440,3447890.0
13441,4590423.0
13442,6313221.0
13443,2383840.0
13444,4350573.0
13445,6363241.0
13446,2993069.0
13447,4264176.0
13448,2383840.0
13449,2390534.0
13450,3004429.0
13451,5166635.0
13452,3410878.0
13453,3600467.0
13454,4219263.0
13455,4250758.0
13456,2371202.0
13457,3426169.0
13458,3956086.0
13459,2551252.0
13460,3939804.0
13461,3028267.0
13462,4705945.0
13463,1763231.0
13464,2390534.0
13465,3347767.0
13466,4250758.0
13467,3347767.0
13468,3347767.0
13469,2544857.0
13470,1999097.0
13471,5444227.0
13472,3600467.0
13473,4888774.0
13474,3351383.0
13475,3347767.0
13476,3903884.0
13477,4952255.0
13478,2544857.0
13479,6941173.0
13480,6313221.0
13481,3410878.0
13482,3351383.0
13483,1763231.0
13484,4015749.0
13485,2058644.0
13486,3004429.0
13487,2792031.0
13488,3028267.0
13489,5595267.0
13490,2021934.0
13491,4491607.0
13492,2390534.0
13493,3351383.0
13494,2018785.0
13495,4066618.0
13496,2390534.0
13497,7217634.0
13498,7865428.0
13499,4952255.0
13500,2792031.0
13501,3028267.0
13502,3784230.0
13503,1999097.0
13504,2058644.0
13505,3347767.0
13506,4554237.0
13507,1619683.0
13508,6313221.0
13509,3956086.0
13510,4250758.0
13511,3445076.0
13512,4015749.0
13513,5906596.0
13514,6313221.0
13515,1270499.0
13516,3810007.0
13517,4250553.0
13518,4807746.0
13519,3351383.0
13520,4250553.0
13521,2544857.0
13522,3351383.0
13523,4350573.0
13524,5525735.0
13525,5161370.0
13526,2364478.0
13527,1763231.0
13528,3956086.0
13529,7495092.0
13530,3008199.0
13531,3410878.0
13532,9652350.0
13533,3004429.0
13534,3903884.0
13535,7201784.0
13536,6923131.0
13537,3745135.0
13538,2344689.0
13539,1270499.0
13540,2525375.0
13541,2371202.0
13542,2021934.0
13543,3780019.0
13544,3600467.0
13545,3778621.0
13546,4052733.0
13547,4888774.0
13548,3600467.0
13549,2058644.0
13550,2544857.0
13551,1763231.0
13552,4052733.0
13553,5595267.0
13554,2021934.0
13555,3600467.0
13556,3982767.0
13557,4651866.0
13558,1904842.0
13559,1882131.0
13560,7201784.0
13561,6923131.0
13562,2021934.0
13563,3727364.0
13564,4067566.0
13565,3807496.0
13566,3028267.0
13567,2021934.0
13568,1149870.0
13569,3351383.0
13570,1756069.0
13571,2021934.0
13572,3410878.0
13573,3028267.0
13574,3745135.0
13575,6694797.0
13576,2021934.0
13577,3426169.0
13578,3426169.0
13579,3004429.0
13580,7495092.0
13581,1149870.0
13582,3347767.0
13583,2058644.0
13584,3347767.0
13585,4250553.0
13586,4491607.0
13587,4780607.0
13588,2544857.0
13589,4705945.0
13590,3982767.0
13591,3939804.0
13592,2055379.0
13593,3982767.0
13594,6412623.0
13595,7592272.0
13596,3745135.0
13597,1882131.0
13598,2732645.0
13599,3982767.0
13600,4491607.0
13601,6412623.0
13602,3778621.0
13603,4015749.0
13604,2390534.0
13605,2055379.0
13606,1847826.0
13607,4250553.0
13608,7217634.0
13609,3903884.0
13610,1270499.0
13611,3410878.0
13612,3004429.0
13613,3982767.0
13614,1882131.0
13615,4250553.0
13616,2018785.0
13617,4467728.0
13618,3410878.0
13619,1756069.0
13620,6694797.0
13621,6694797.0
13622,2525375.0
13623,3028267.0
13624,2993069.0
13625,3780019.0
13626,5461700.0
13627,3410878.0
13628,5906596.0
13629,4316715.0
13630,2058644.0
13631,7592272.0
13632,4250758.0
13633,3248660.0
13634,6836483.0
13635,4264176.0
13636,1149870.0
13637,3347767.0
13638,5166635.0
13639,3956086.0
13640,4052733.0
13641,4491607.0
13642,4705945.0
13643,2390534.0
13644,3004429.0
13645,9652350.0
13646,1904842.0
13647,6694797.0
13648,4250553.0
13649,4705945.0
13650,3600467.0
13651,6941173.0
13652,2055379.0
13653,1904842.0
13654,2390534.0
13655,3452382.0
13656,3727364.0
13657,2021934.0
13658,8213524.0
13659,4705945.0
13660,2371202.0
13661,6836483.0
13662,7217634.0
13663,2267425.0
13664,4705945.0
13665,1882131.0
13666,3956086.0
13667,2993069.0
13668,4952255.0
13669,1756069.0
13670,2544857.0
13671,2344689.0
13672,2058644.0
13673,2525375.0
13674,5500818.0
13675,3351383.0
13676,6412623.0
13677,4952255.0
13678,4705945.0
13679,2371202.0
13680,3727364.0
13681,4264176.0
13682,2055379.0
13683,5525735.0
13684,1756069.0
13685,2097022.0
13686,8213524.0
13687,6694797.0
13688,4067566.0
13689,3351383.0
13690,3807496.0
13691,5525735.0
13692,4467728.0
13693,1999097.0
13694,4888774.0
13695,1756069.0
13696,4264176.0
13697,4554237.0
13698,2021934.0
13699,1270499.0
13700,2083447.0
13701,8213524.0
13702,3778621.0
13703,1270499.0
13704,3939804.0
13705,3410878.0
13706,3248660.0
13707,2083447.0
13708,6941173.0
13709,4066618.0
13710,2390534.0
13711,2097022.0
13712,2055379.0
13713,2021934.0
13714,3273041.0
13715,3447890.0
13716,2371202.0
13717,9652350.0
13718,3982767.0
13719,1756069.0
13720,3347767.0
13721,3258837.0
13722,8213524.0
13723,2058644.0
13724,4286645.0
13725,2390534.0
13726,2267425.0
13727,4250758.0
13728,3780019.0
13729,3780019.0
13730,1999097.0
13731,2390534.0
13732,3956086.0
13733,4467728.0
13734,2097022.0
13735,4250758.0
13736,5166635.0
13737,2371202.0
13738,2954086.0
13739,1882131.0
13740,5595267.0
13741,1619683.0
13742,6412623.0
13743,3727364.0
13744,1904842.0
13745,3218918.0
13746,1270499.0
13747,1756069.0
13748,2551252.0
13749,3982767.0
13750,2344689.0
13751,1619683.0
13752,1756069.0
13753,7201784.0
13754,4067566.0
13755,2364478.0
13756,7592272.0
13757,4705945.0
13758,5525735.0
13759,4888774.0
13760,4219263.0
13761,3028267.0
13762,1149870.0
13763,4219263.0
13764,2390534.0
13765,8213524.0
13766,8213524.0
13767,4429512.0
13768,3261924.0
13769,3426169.0
13770,1619683.0
13771,3426169.0
13772,3347767.0
13773,3004429.0
13774,7217634.0
13775,4705945.0
13776,4015749.0
13777,7592272.0
13778,1734634.0
13779,6412623.0
13780,4015749.0
13781,2364478.0
13782,2058644.0
13783,8213524.0
13784,4264176.0
13785,3004429.0
13786,6313221.0
13787,1734634.0
13788,7495092.0
13789,3939804.0
13790,5906596.0
13791,3410878.0
13792,1734634.0
13793,1734634.0
13794,3351383.0
13795,2156098.0
13796,5525735.0
13797,2267425.0
13798,4780607.0
13799,1756069.0
13800,3982767.0
13801,4590423.0
13802,2371202.0
13803,8904084.0
13804,7201784.0
13805,6313221.0
13806,8213524.0
13807,3982767.0
13808,3410878.0
13809,1619683.0
13810,5525735.0
13811,2025297.0
13812,3727364.0
13813,1734634.0
13814,1882131.0
13815,5444227.0
13816,1999097.0
13817,2732645.0
13818,3028267.0
13819,2097022.0
13820,2390534.0
13821,3248660.0
13822,5595267.0
13823,3818055.0
13824,1756069.0
13825,3004429.0
13826,3600467.0
13827,1619683.0
13828,1149870.0
13829,1756069.0
13830,8213524.0
13831,2390534.0
13832,7592272.0
13833,9652350.0
13834,2738052.0
13835,6836483.0
13836,7865428.0
13837,2021934.0
13838,2544857.0
13839,4491607.0
13840,2097022.0
13841,3351383.0
13842,6923131.0
13843,3410878.0
13844,1149870.0
13845,1999097.0
13846,6694797.0
13847,4705945.0
13848,1619683.0
13849,1619683.0
13850,4554237.0
13851,2097022.0
13852,3351383.0
13853,3836721.0
13854,3273041.0
13855,6694797.0
13856,3410878.0
13857,5017319.0
13858,1882131.0
13859,1904842.0
13860,4705945.0
13861,4155435.0
13862,1904842.0
13863,2021934.0
13864,3836721.0
13865,7217634.0
13866,7495092.0
13867,3745135.0
13868,2156098.0
13869,4015749.0
13870,1619683.0
13871,5525735.0
13872,1619683.0
13873,6694797.0
13874,2390534.0
13875,5595267.0
13876,3745135.0
13877,8213524.0
13878,2544857.0
13879,4467728.0
13880,3410878.0
13881,2097022.0
13882,2021934.0
13883,4052733.0
13884,2732645.0
13885,2344689.0
13886,1756069.0
13887,4264176.0
13888,1756069.0
13889,5525735.0
13890,3351383.0
13891,3447890.0
13892,3410878.0
13893,4882985.0
13894,2156098.0
13895,3199619.0
13896,2021934.0
13897,2390534.0
13898,3600467.0
13899,2018785.0
13900,3600467.0
13901,2792031.0
13902,6923131.0
13903,4219263.0
13904,3004429.0
13905,3780019.0
13906,6923131.0
13907,3410878.0
13908,2058644.0
13909,2021934.0
13910,4015749.0
13911,1847826.0
13912,1999097.0
13913,3347767.0
13914,1999097.0
13915,2021934.0
13916,5595267.0
13917,2344689.0
13918,4136425.0
13919,6782425.0
13920,3939804.0
13921,3447890.0
13922,6694797.0
13923,2021934.0
13924,3956086.0
13925,7865428.0
13926,4052733.0
13927,3218918.0
13928,2267425.0
13929,2390534.0
13930,3956086.0
13931,8213524.0
13932,2738052.0
13933,4705945.0
13934,3008199.0
13935,6363241.0
13936,3447890.0
13937,1149870.0
13938,8904084.0
13939,1149870.0
13940,3351383.0
13941,3600467.0
13942,3600467.0
13943,3939804.0
13944,7201784.0
13945,6313221.0
13946,4015749.0
13947,2156098.0
13948,2018785.0
13949,3753720.0
13950,2018785.0
13951,2344689.0
13952,2344689.0
13953,8213524.0
13954,1763231.0
13955,1756069.0
13956,3836721.0
13957,7592272.0
13958,7201784.0
13959,2055379.0
13960,3347767.0
13961,3347767.0
13962,4952255.0
13963,1882131.0
13964,2344689.0
13965,2525375.0
13966,4264176.0
13967,2021934.0
13968,8213524.0
13969,4491607.0
13970,1882131.0
13971,7865428.0
13972,2525375.0
13973,1619683.0
13974,3004429.0
13975,6694797.0
13976,1149870.0
13977,6782425.0
13978,2344689.0
13979,2544857.0
13980,1734634.0
13981,2156098.0
13982,4554237.0
13983,1882131.0
13984,3447890.0
13985,2525375.0
13986,1270499.0
13987,5435276.0
13988,3447890.0
13989,2021934.0
13990,2058644.0
13991,3956086.0
13992,3218918.0
13993,4554237.0
13994,4467728.0
13995,4316715.0
13996,6363241.0
13997,4952255.0
13998,3261924.0
13999,4015749.0
14000,3410878.0
14001,3982767.0
14002,3004429.0
14003,6313221.0
14004,3410878.0
14005,3778621.0
14006,5525735.0
14007,4491607.0
14008,2018785.0
14009,2018785.0
14010,3376145.0
14011,5595267.0
14012,7217634.0
14013,2740687.0
14014,8630682.0
14015,6313221.0
14016,3903884.0
14017,4250758.0
14018,6412623.0
14019,2058644.0
14020,3982767.0
14021,3410878.0
14022,3347767.0
14023,3447890.0
14024,4807746.0
14025,4286645.0
14026,2018785.0
14027,3778621.0
14028,2058644.0
14029,3982767.0
14030,2551252.0
14031,7865428.0
14032,3982767.0
14033,6941173.0
14034,5595267.0
14035,1149870.0
14036,3410878.0
14037,4705945.0
14038,3939804.0
14039,2390534.0
14040,2018785.0
14041,1904842.0
14042,3004429.0
14043,3218918.0
14044,2021934.0
14045,3199619.0
14046,4250553.0
14047,3745135.0
14048,1756069.0
14049,6836483.0
14050,4250553.0
14051,3727364.0
14052,3347767.0
14053,2156098.0
14054,3426169.0
14055,3410878.0
14056,5525735.0
14057,3727364.0
14058,5595267.0
14059,2021934.0
14060,3745135.0
14061,3600467.0
14062,3351383.0
14063,1756069.0
14064,6313221.0
14065,1999097.0
14066,2525375.0
14067,6412623.0
14068,2390534.0
14069,2344689.0
14070,6694797.0
14071,6313221.0
14072,4807746.0
14073,1149870.0
14074,3376145.0
14075,2058644.0
14076,6941173.0
14077,4015749.0
14078,2390534.0
14079,5166635.0
14080,1882131.0
14081,3347767.0
14082,4052733.0
14083,3836721.0
14084,2021934.0
14085,2021934.0
14086,2021934.0
14087,1756069.0
14088,1149870.0
14089,1619683.0
14090,3410878.0
14091,2371202.0
14092,3410878.0
14093,2097022.0
14094,3351383.0
14095,4590423.0
14096,1619683.0
14097,4705945.0
14098,2371202.0
14099,2544857.0
14100,3982767.0
14101,5525735.0
14102,2267425.0
14103,2097022.0
14104,5461700.0
14105,2021934.0
14106,2344689.0
14107,9652350.0
14108,1882131.0
14109,5166635.0
14110,2544857.0
14111,3939804.0
14112,2021934.0
14113,2675511.0
14114,5166635.0
14115,7217634.0
14116,5525735.0
14117,3004429.0
14118,2267425.0
14119,5595267.0
14120,3410878.0
14121,2544857.0
14122,5787594.0
14123,1149870.0
14124,1734634.0
14125,3600467.0
14126,2344689.0
14127,4250553.0
14128,2390534.0
14129,5461700.0
14130,6694797.0
14131,4651866.0
14132,8213524.0
14133,3004429.0
14134,3376145.0
14135,2097022.0
14136,2344689.0
14137,2544857.0
14138,4316715.0
14139,6836483.0
14140,3410878.0
14141,1756069.0
14142,6836483.0
14143,3261924.0
14144,2055379.0
14145,3452382.0
14146,5017319.0
14147,1756069.0
14148,1270499.0
14149,2738052.0
14150,3836721.0
14151,3199619.0
14152,4491607.0
14153,1756069.0
14154,2525375.0
14155,5286212.0
14156,1619683.0
14157,1999097.0
14158,4067566.0
14159,3426169.0
14160,7592272.0
14161,3347767.0
14162,1999097.0
14163,2675511.0
14164,6941173.0
14165,2267425.0
14166,2732645.0
14167,1904842.0
14168,5653753.0
14169,1619683.0
14170,3752885.0
14171,3347767.0
14172,3780019.0
14173,2344689.0
14174,2390534.0
14175,4952255.0
14176,3956086.0
14177,2025297.0
14178,3982767.0
14179,4100886.0
14180,2097022.0
14181,4250758.0
14182,8213524.0
14183,2156098.0
14184,2390534.0
14185,2390534.0
14186,1999097.0
14187,4264176.0
14188,3982767.0
14189,2344689.0
14190,8213524.0
14191,3745135.0
14192,4100886.0
14193,2083447.0
14194,2021934.0
14195,4264176.0
14196,1270499.0
14197,2097022.0
14198,3752885.0
14199,2018785.0
14200,1149870.0
14201,4250553.0
14202,7865428.0
14203,6923131.0
14204,2551252.0
14205,4067566.0
14206,6694797.0
14207,3447890.0
14208,4067566.0
14209,5017319.0
14210,7495092.0
14211,3351383.0
14212,1999097.0
14213,2055379.0
14214,2371202.0
14215,4316715.0
14216,3004429.0
14217,2018785.0
14218,5595267.0
14219,3004429.0
14220,1904842.0
14221,2344689.0
14222,2675511.0
14223,4015749.0
14224,3939804.0
14225,3004429.0
14226,8904084.0
14227,6363241.0
14228,2344689.0
14229,3410878.0
14230,2993069.0
14231,3347767.0
14232,4250553.0
14233,9262754.0
14234,5653753.0
14235,4264176.0
14236,4807746.0
14237,1756069.0
14238,6313221.0
14239,2021934.0
14240,2344689.0
14241,6941173.0
14242,2267425.0
14243,3004429.0
14244,5595267.0
14245,4491607.0
14246,3982767.0
14247,4316715.0
14248,1904842.0
14249,1149870.0
14250,2021934.0
14251,3727364.0
14252,6694797.0
14253,3447890.0
14254,5500818.0
14255,2267425.0
14256,3939804.0
14257,6313221.0
14258,3410878.0
14259,1619683.0
14260,6363241.0
14261,3028267.0
14262,4316715.0
14263,5595267.0
14264,2732645.0
14265,3745135.0
14266,1999097.0
14267,3376145.0
14268,4250758.0
14269,3004429.0
14270,4780607.0
14271,3745135.0
14272,1756069.0
14273,1763231.0
14274,3347767.0
14275,1763231.0
14276,3727364.0
14277,5595267.0
14278,3445076.0
14279,3600467.0
14280,4015749.0
14281,4052733.0
14282,1149870.0
14283,1270499.0
14284,2021934.0
14285,8213524.0
14286,3600467.0
14287,3351383.0
14288,6694797.0
14289,3745135.0
14290,3426169.0
14291,3028267.0
14292,3028267.0
14293,8904084.0
14294,3745135.0
14295,7592272.0
14296,2021934.0
14297,2018785.0
14298,2021934.0
14299,2021934.0
14300,3426169.0
14301,1882131.0
14302,4467728.0
14303,4491607.0
14304,1847826.0
14305,6782425.0
14306,4052733.0
14307,2156098.0
14308,2097022.0
14309,4780607.0
14310,1999097.0
14311,5500818.0
14312,2371202.0
14313,3447890.0
14314,1847826.0
14315,2058644.0
14316,3004429.0
14317,1149870.0
14318,2344689.0
14319,1619683.0
14320,7201784.0
14321,6412623.0
14322,1270499.0
14323,3410878.0
14324,3351383.0
14325,8213524.0
14326,3273041.0
14327,2738052.0
14328,1149870.0
14329,3004429.0
14330,2267425.0
14331,2675511.0
14332,2344689.0
14333,4888774.0
14334,5017319.0
14335,3004429.0
14336,8904084.0
14337,4705945.0
14338,7592272.0
14339,2792031.0
14340,7592272.0
14341,3004429.0
14342,4952255.0
14343,8213524.0
14344,2344689.0
14345,2097022.0
14346,1999097.0
14347,4780607.0
14348,3982767.0
14349,5435276.0
14350,5444227.0
14351,4250553.0
14352,3410878.0
14353,2344689.0
14354,4286645.0
14355,2344689.0
14356,7865428.0
14357,3727364.0
14358,6412623.0
14359,4590423.0
14360,4491607.0
14361,3778621.0
14362,2544857.0
14363,5787594.0
14364,4250553.0
14365,5906596.0
14366,2344689.0
14367,1149870.0
14368,1270499.0
14369,4052733.0
14370,3410878.0
14371,2267425.0
14372,4888774.0
14373,2390534.0
14374,3445076.0
14375,1999097.0
14376,1999097.0
14377,3982767.0
14378,1847826.0
14379,4316715.0
14380,1763231.0
14381,1999097.0
14382,4590423.0
14383,8894598.0
14384,8213524.0
14385,7592272.0
14386,3982767.0
14387,8213524.0
14388,6412623.0
14389,5595267.0
14390,2058644.0
14391,3351383.0
14392,3745135.0
14393,7217634.0
14394,1882131.0
14395,4066618.0
14396,1270499.0
14397,3982767.0
14398,5595267.0
14399,4263629.0
14400,2390534.0
14401,2267425.0
14402,3600467.0
14403,4491607.0
14404,9262754.0
14405,5017319.0
14406,1270499.0
14407,4590423.0
14408,3836721.0
14409,3218918.0
14410,2344689.0
14411,6363241.0
14412,2267425.0
14413,4316715.0
14414,6412623.0
14415,5017319.0
14416,2732645.0
14417,2097022.0
14418,2344689.0
14419,2344689.0
14420,1149870.0
14421,4067566.0
14422,5595267.0
14423,3778621.0
14424,3600467.0
14425,4136425.0
14426,2055379.0
14427,3447890.0
14428,7865428.0
14429,3004429.0
14430,1756069.0
14431,4067566.0
14432,1756069.0
14433,7592272.0
14434,6836483.0
14435,5595267.0
14436,6313221.0
14437,3351383.0
14438,3351383.0
14439,3426169.0
14440,2344689.0
14441,8904084.0
14442,1999097.0
14443,4705945.0
14444,1619683.0
14445,3351383.0
14446,1756069.0
14447,5595267.0
14448,5595267.0
14449,3745135.0
14450,4067566.0
14451,4491607.0
14452,5500818.0
14453,2371202.0
14454,3836721.0
14455,7592272.0
14456,3347767.0
14457,1763231.0
14458,2018785.0
14459,1270499.0
14460,6412623.0
14461,2344689.0
14462,7495092.0
14463,1270499.0
14464,3752885.0
14465,3836721.0
14466,2544857.0
14467,3780019.0
14468,7201784.0
14469,4066618.0
14470,3939804.0
14471,3199619.0
14472,3028267.0
14473,6941173.0
14474,3261924.0
14475,6412623.0
14476,1619683.0
14477,3956086.0
14478,3351383.0
14479,1999097.0
14480,5337526.0
14481,4264176.0
14482,3351383.0
14483,1734634.0
14484,8213524.0
14485,3273041.0
14486,2738052.0
14487,2675511.0
14488,4807746.0
14489,6313221.0
14490,4250553.0
14491,5966193.0
14492,4651866.0
14493,1756069.0
14494,7592272.0
14495,3982767.0
14496,5595267.0
14497,5595267.0
14498,1756069.0
14499,2021934.0
14500,2544857.0
14501,2021934.0
14502,4467728.0
14503,4136425.0
14504,3778621.0
14505,2954086.0
14506,3004429.0
14507,3347767.0
14508,2344689.0
14509,2344689.0
14510,2018785.0
14511,4015749.0
14512,3447890.0
14513,4780607.0
14514,3248660.0
14515,2792031.0
14516,5435276.0
14517,1756069.0
14518,1756069.0
14519,5017319.0
14520,4952255.0
14521,3410878.0
14522,1619683.0
14523,2732645.0
14524,4467728.0
14525,8213524.0
14526,1999097.0
14527,2097022.0
14528,4015749.0
14529,3199619.0
14530,6694797.0
14531,4705945.0
14532,3956086.0
14533,3982767.0
14534,1619683.0
14535,2344689.0
14536,9262754.0
14537,2055379.0
14538,5337526.0
14539,2156098.0
14540,3410878.0
14541,3004429.0
14542,2390534.0
14543,2097022.0
14544,7201784.0
14545,4882985.0
14546,4015749.0
14547,1763231.0
14548,3028267.0
14549,3347767.0
14550,2058644.0
14551,5595267.0
14552,3347767.0
14553,1999097.0
14554,2055379.0
14555,3600467.0
14556,1999097.0
14557,4066618.0
14558,2732645.0
14559,4067566.0
14560,4350573.0
14561,3447890.0
14562,2018785.0
14563,2018785.0
14564,2083447.0
14565,6313221.0
14566,5017319.0
14567,3347767.0
14568,6941173.0
14569,3939804.0
14570,3447890.0
14571,3347767.0
14572,1619683.0
14573,1149870.0
14574,5653753.0
14575,2025297.0
14576,1149870.0
14577,4250553.0
14578,1904842.0
14579,4052733.0
14580,1756069.0
14581,4052733.0
14582,2156098.0
14583,1999097.0
14584,4952255.0
14585,3939804.0
14586,6782425.0
14587,7495092.0
14588,3351383.0
14589,2364478.0
14590,2344689.0
14591,2792031.0
14592,7592272.0
14593,3248660.0
14594,4350573.0
14595,6694797.0
14596,6836483.0
14597,8213524.0
14598,2021934.0
14599,2018785.0
14600,4015749.0
14601,4882985.0
14602,1904842.0
14603,2344689.0
14604,6923131.0
14605,2021934.0
14606,2156098.0
14607,2058644.0
14608,2675511.0
14609,2675511.0
14610,1149870.0
14611,3347767.0
14612,1999097.0
14613,3727364.0
14614,3410878.0
14615,8213524.0
14616,16549064.0
14617,13575224.0
14618,1270499.0
14619,4705945.0
14620,3004429.0
14621,5525735.0
14622,2344689.0
14623,3347767.0
14624,5500818.0
14625,9652350.0
14626,3028267.0
14627,4429512.0
14628,3752885.0
14629,7592272.0
14630,6363241.0
14631,4590423.0
14632,2156098.0
14633,3982767.0
14634,6941173.0
14635,8213524.0
14636,4888774.0
14637,3903884.0
14638,2525375.0
14639,4250553.0
14640,1882131.0
14641,1999097.0
14642,8213524.0
14643,6313221.0
14644,3780019.0
14645,1734634.0
14646,1756069.0
14647,2018785.0
14648,1270499.0
14649,8213524.0
14650,3347767.0
14651,3600467.0
14652,7217634.0
14653,4491607.0
14654,3903884.0
14655,1882131.0
14656,4136425.0
14657,8904084.0
14658,1999097.0
14659,1270499.0
14660,8213524.0
14661,3347767.0
14662,1904842.0
14663,3836721.0
14664,3939804.0
14665,1734634.0
14666,7217634.0
14667,2156098.0
14668,6836483.0
14669,3447890.0
14670,3600467.0
14671,2018785.0
14672,7592272.0
14673,7217634.0
14674,3218918.0
14675,4491607.0
14676,3982767.0
14677,1904842.0
14678,2344689.0
14679,2021934.0
14680,1904842.0
14681,3410878.0
14682,3982767.0
14683,2267425.0
14684,7495092.0
14685,1847826.0
14686,9652350.0
14687,8213524.0
14688,3982767.0
14689,2018785.0
14690,3347767.0
14691,1619683.0
14692,3351383.0
14693,2344689.0
14694,1756069.0
14695,1149870.0
14696,3351383.0
14697,2390534.0
14698,3727364.0
14699,2675511.0
14700,1882131.0
14701,2525375.0
14702,4705945.0
14703,3199619.0
14704,4554237.0
14705,6412623.0
14706,4250758.0
14707,3410878.0
14708,2993069.0
14709,3426169.0
14710,4015749.0
14711,2390534.0
14712,4155435.0
14713,3199619.0
14714,1999097.0
14715,1904842.0
14716,2390534.0
14717,1882131.0
14718,2021934.0
14719,3347767.0
14720,4590423.0
14721,3347767.0
14722,4554237.0
14723,2055379.0
14724,2364478.0
14725,3570392.0
14726,5444227.0
14727,3004429.0
14728,2390534.0
14729,2021934.0
14730,3752885.0
14731,7592272.0
14732,4052733.0
14733,2993069.0
14734,6836483.0
14735,1149870.0
14736,1149870.0
14737,3447890.0
14738,2390534.0
14739,4491607.0
14740,5595267.0
14741,2344689.0
14742,4888774.0
14743,2383840.0
14744,3004429.0
14745,2018785.0
14746,3351383.0
14747,3982767.0
14748,7865428.0
14749,4263629.0
14750,2383840.0
14751,1882131.0
14752,2344689.0
14753,4807746.0
14754,4250553.0
14755,3939804.0
14756,7865428.0
14757,2058644.0
14758,2344689.0
14759,3600467.0
14760,2675511.0
14761,2018785.0
14762,3426169.0
14763,2267425.0
14764,8213524.0
14765,1149870.0
14766,4780607.0
14767,3351383.0
14768,2792031.0
14769,3778621.0
14770,3982767.0
14771,1904842.0
14772,5017319.0
14773,4590423.0
14774,4590423.0
14775,6836483.0
14776,4052733.0
14777,1882131.0
14778,3426169.0
14779,3273041.0
14780,3410878.0
14781,3836721.0
14782,4350573.0
14783,6836483.0
14784,2732645.0
14785,4491607.0
14786,3351383.0
14787,1999097.0
14788,6694797.0
14789,4100886.0
14790,3004429.0
14791,2344689.0
14792,1756069.0
14793,2383840.0
14794,4554237.0
14795,2021934.0
14796,3939804.0
14797,19696939.0
14798,4807746.0
14799,4705945.0
14800,1756069.0
14801,1882131.0
14802,1882131.0
14803,5525735.0
14804,6836483.0
14805,4491607.0
14806,6412623.0
14807,4952255.0
14808,3347767.0
14809,4250553.0
14810,3347767.0
14811,2058644.0
14812,7217634.0
14813,3351383.0
14814,2018785.0
14815,1882131.0
14816,1756069.0
14817,4219263.0
14818,4350573.0
14819,6941173.0
14820,7592272.0
14821,4952255.0
14822,3956086.0
14823,1999097.0
14824,2738052.0
14825,1619683.0
14826,3410878.0
14827,7592272.0
14828,5444227.0
14829,7495092.0
14830,2021934.0
14831,7865428.0
14832,9262754.0
14833,7201784.0
14834,3982767.0
14835,7592272.0
14836,4052733.0
14837,5787594.0
14838,4015749.0
14839,5435276.0
14840,4807746.0
14841,2018785.0
14842,4491607.0
14843,2344689.0
14844,2954086.0
14845,2055379.0
14846,1756069.0
14847,4316715.0
14848,1847826.0
14849,2344689.0
14850,4350573.0
14851,3780019.0
14852,1999097.0
14853,5966193.0
14854,2344689.0
14855,3351383.0
14856,1756069.0
14857,4136425.0
14858,2267425.0
14859,2792031.0
14860,2792031.0
14861,3004429.0
14862,6313221.0
14863,3410878.0
14864,2097022.0
14865,2018785.0
14866,6313221.0
14867,7592272.0
14868,3004429.0
14869,1149870.0
14870,3727364.0
14871,4467728.0
14872,2021934.0
14873,3347767.0
14874,2021934.0
14875,3807496.0
14876,2525375.0
14877,3836721.0
14878,2058644.0
14879,4491607.0
14880,1734634.0
14881,3445076.0
14882,4350573.0
14883,8213524.0
14884,2371202.0
14885,6363241.0
14886,3028267.0
14887,1847826.0
14888,4250553.0
14889,2675511.0
14890,3028267.0
14891,1270499.0
14892,4136425.0
14893,1756069.0
14894,4952255.0
14895,4590423.0
14896,3956086.0
14897,1734634.0
14898,3447890.0
14899,1847826.0
14900,3727364.0
14901,2021934.0
14902,3778621.0
14903,5525735.0
14904,3199619.0
14905,2021934.0
14906,7495092.0
14907,2792031.0
14908,3836721.0
14909,2544857.0
14910,1847826.0
14911,3445076.0
14912,4952255.0
14913,2021934.0
14914,3410878.0
14915,6782425.0
14916,1999097.0
14917,2551252.0
14918,3351383.0
14919,4705945.0
14920,1999097.0
14921,6313221.0
14922,4554237.0
14923,2551252.0
14924,1619683.0
14925,3004429.0
14926,2344689.0
14927,3982767.0
14928,2097022.0
14929,3004429.0
14930,2544857.0
14931,4705945.0
14932,4015749.0
14933,3028267.0
14934,4952255.0
14935,4952255.0
14936,4264176.0
14937,6313221.0
14938,3347767.0
14939,1270499.0
14940,3410878.0
14941,3745135.0
14942,3939804.0
14943,2021934.0
14944,1756069.0
14945,3376145.0
14946,4350573.0
14947,4286645.0
14948,4554237.0
14949,3218918.0
14950,7217634.0
14951,3004429.0
14952,4952255.0
14953,3347767.0
14954,3452382.0
14955,1763231.0
14956,6923131.0
14957,3753720.0
14958,2344689.0
14959,4052733.0
14960,4882985.0
14961,2792031.0
14962,2993069.0
14963,5525735.0
14964,1756069.0
14965,4015749.0
14966,3426169.0
14967,1734634.0
14968,3727364.0
14969,6313221.0
14970,3956086.0
14971,4780607.0
14972,4100886.0
14973,2097022.0
14974,2525375.0
14975,3836721.0
14976,1270499.0
14977,4052733.0
14978,2055379.0
14979,2083447.0
14980,3426169.0
14981,1882131.0
14982,1756069.0
14983,3164972.0
14984,3939804.0
14985,1882131.0
14986,3778621.0
14987,1619683.0
14988,2058644.0
14989,6313221.0
14990,3818055.0
14991,5500818.0
14992,3752885.0
14993,6836483.0
14994,3410878.0
14995,1882131.0
14996,8213524.0
14997,1270499.0
14998,2525375.0
14999,4491607.0
15000,4264176.0
15001,4067566.0
15002,2732645.0
15003,7495092.0
15004,6694797.0
15005,2344689.0
15006,3410878.0
15007,3447890.0
15008,2675511.0
15009,4250553.0
15010,5017319.0
15011,4350573.0
15012,5166635.0
15013,8894598.0
15014,3004429.0
15015,6412623.0
15016,4067566.0
15017,2732645.0
15018,4554237.0
15019,1999097.0
15020,5595267.0
15021,3780019.0
15022,4219263.0
15023,2021934.0
15024,1270499.0
15025,6836483.0
15026,5525735.0
15027,2371202.0
15028,3347767.0
15029,2267425.0
15030,2792031.0
15031,5595267.0
15032,3982767.0
15033,6782425.0
15034,3218918.0
15035,4052733.0
15036,6836483.0
15037,2544857.0
15038,3752885.0
15039,6941173.0
15040,3982767.0
15041,3780019.0
15042,8213524.0
15043,1847826.0
15044,2344689.0
15045,5017319.0
15046,4554237.0
15047,7592272.0
15048,7592272.0
15049,4052733.0
15050,3982767.0
15051,3600467.0
15052,19696939.0
15053,3753720.0
15054,3004429.0
15055,2738052.0
15056,5166635.0
15057,6694797.0
15058,3600467.0
15059,1904842.0
15060,1619683.0
15061,6694797.0
15062,3982767.0
15063,3258837.0
15064,2267425.0
15065,5525735.0
15066,6412623.0
15067,3445076.0
15068,1149870.0
15069,2738052.0
15070,2544857.0
15071,5017319.0
15072,1619683.0
15073,2993069.0
15074,5286212.0
15075,4491607.0
15076,7201784.0
15077,4015749.0
15078,1270499.0
15079,3745135.0
15080,4052733.0
15081,2018785.0
15082,5787594.0
15083,1619683.0
15084,2344689.0
15085,2018785.0
15086,2390534.0
15087,3261924.0
15088,5017319.0
15089,2344689.0
15090,5525735.0
15091,1270499.0
15092,2097022.0
15093,2097022.0
15094,2267425.0
15095,5435276.0
15096,2058644.0
15097,7201784.0
15098,1763231.0
15099,2383840.0
15100,2390534.0
15101,3727364.0
15102,2792031.0
15103,4250553.0
15104,1619683.0
15105,7865428.0
15106,3347767.0
15107,2058644.0
15108,4952255.0
15109,5444227.0
15110,8904084.0
15111,3004429.0
15112,2267425.0
15113,2732645.0
15114,6412623.0
15115,4100886.0
15116,2097022.0
15117,3727364.0
15118,2993069.0
15119,4052733.0
15120,2792031.0
15121,2058644.0
15122,4100886.0
15123,1619683.0
15124,2021934.0
15125,3939804.0
15126,1619683.0
15127,4263629.0
15128,4264176.0
15129,3351383.0
15130,2390534.0
15131,4263629.0
15132,3004429.0
15133,2344689.0
15134,1270499.0
15135,2344689.0
15136,3376145.0
15137,2055379.0
15138,4067566.0
15139,4067566.0
15140,2738052.0
15141,5595267.0
15142,1847826.0
15143,3347767.0
15144,4350573.0
15145,4952255.0
15146,2058644.0
15147,3410878.0
15148,4590423.0
15149,2738052.0
15150,3347767.0
15151,3410878.0
15152,3351383.0
15153,4491607.0
15154,3447890.0
15155,3261924.0
15156,4316715.0
15157,2018785.0
15158,2021934.0
15159,1149870.0
15160,5906596.0
15161,1619683.0
15162,3939804.0
15163,3347767.0
15164,1999097.0
15165,3347767.0
15166,3600467.0
15167,3347767.0
15168,3004429.0
15169,3004429.0
15170,3939804.0
15171,3351383.0
15172,2390534.0
15173,5595267.0
15174,3982767.0
15175,3164972.0
15176,2267425.0
15177,3939804.0
15178,1149870.0
15179,2083447.0
15180,3752885.0
15181,2551252.0
15182,6313221.0
15183,4100886.0
15184,2738052.0
15185,9652350.0
15186,1847826.0
15187,2097022.0
15188,2390534.0
15189,4554237.0
15190,3745135.0
15191,4052733.0
15192,3347767.0
15193,4491607.0
15194,5787594.0
15195,3410878.0
15196,6694797.0
15197,2018785.0
15198,3351383.0
15199,5435276.0
15200,4015749.0
15201,2993069.0
15202,5595267.0
15203,2344689.0
15204,6941173.0
15205,3600467.0
15206,4250553.0
15207,2097022.0
15208,8213524.0
15209,3982767.0
15210,2344689.0
15211,9652350.0
15212,7201784.0
15213,7217634.0
15214,7201784.0
15215,3351383.0
15216,6836483.0
15217,2344689.0
15218,2267425.0
15219,4015749.0
15220,1904842.0
15221,2021934.0
15222,3600467.0
15223,5161370.0
15224,8213524.0
15225,3258837.0
15226,3410878.0
15227,3956086.0
15228,3347767.0
15229,6313221.0
15230,3410878.0
15231,3273041.0
15232,3426169.0
15233,4052733.0
15234,4491607.0
15235,6412623.0
15236,4155435.0
15237,5286212.0
15238,3426169.0
15239,4263629.0
15240,3727364.0
15241,1149870.0
15242,8213524.0
15243,3028267.0
15244,2058644.0
15245,1847826.0
15246,2267425.0
15247,1149870.0
15248,7592272.0
15249,5595267.0
15250,2732645.0
15251,2954086.0
15252,3004429.0
15253,4590423.0
15254,4052733.0
15255,2792031.0
15256,3410878.0
15257,3600467.0
15258,1149870.0
15259,8213524.0
15260,1999097.0
15261,3347767.0
15262,5525735.0
15263,2058644.0
15264,1847826.0
15265,3445076.0
15266,4067566.0
15267,6412623.0
15268,3727364.0
15269,3351383.0
15270,2390534.0
15271,1756069.0
15272,1756069.0
15273,4952255.0
15274,3347767.0
15275,1270499.0
15276,7592272.0
15277,4250758.0
15278,6363241.0
15279,2097022.0
15280,3347767.0
15281,4316715.0
15282,3600467.0
15283,2055379.0
15284,1847826.0
15285,3351383.0
15286,1619683.0
15287,5595267.0
15288,2058644.0
15289,6694797.0
15290,4219263.0
15291,8213524.0
15292,4052733.0
15293,4705945.0
15294,2097022.0
15295,1763231.0
15296,3351383.0
15297,1756069.0
15298,4067566.0
15299,2058644.0
15300,3982767.0
15301,1619683.0
15302,2021934.0
15303,2018785.0
15304,3600467.0
15305,3273041.0
15306,2058644.0
15307,7217634.0
15308,3347767.0
15309,2344689.0
15310,3008199.0
15311,1619683.0
15312,4467728.0
15313,2021934.0
15314,1756069.0
15315,3600467.0
15316,6694797.0
15317,3939804.0
15318,4467728.0
15319,2021934.0
15320,3452382.0
15321,3410878.0
15322,2544857.0
15323,4015749.0
15324,1904842.0
15325,5906596.0
15326,2097022.0
15327,3199619.0
15328,3028267.0
15329,2097022.0
15330,2544857.0
15331,4952255.0
15332,2364478.0
15333,7592272.0
15334,4590423.0
15335,2097022.0
15336,6313221.0
15337,6412623.0
15338,3903884.0
15339,5787594.0
15340,1756069.0
15341,2055379.0
15342,2675511.0
15343,2525375.0
15344,3600467.0
15345,5906596.0
15346,4316715.0
15347,4554237.0
15348,3982767.0
15349,4705945.0
15350,3939804.0
15351,2021934.0
15352,4467728.0
15353,2344689.0
15354,2055379.0
15355,9262754.0
15356,4052733.0
15357,9652350.0
15358,2390534.0
15359,3410878.0
15360,4052733.0
15361,1619683.0
15362,4316715.0
15363,2544857.0
15364,4250553.0
15365,3004429.0
15366,3753720.0
15367,1999097.0
15368,3447890.0
15369,2993069.0
15370,1882131.0
15371,2732645.0
15372,4491607.0
15373,2267425.0
15374,1619683.0
15375,4491607.0
15376,1756069.0
15377,5595267.0
15378,2732645.0
15379,2097022.0
15380,3939804.0
15381,3199619.0
15382,3347767.0
15383,1149870.0
15384,3600467.0
15385,3004429.0
15386,3778621.0
15387,2058644.0
15388,4952255.0
15389,5017319.0
15390,3410878.0
15391,1270499.0
15392,1882131.0
15393,6941173.0
15394,3410878.0
15395,3956086.0
15396,3410878.0
15397,5595267.0
15398,2021934.0
15399,2055379.0
15400,6941173.0
15401,1999097.0
15402,2371202.0
15403,2058644.0
15404,2018785.0
15405,2018785.0
15406,2025297.0
15407,4316715.0
15408,1999097.0
15409,3004429.0
15410,3351383.0
15411,2525375.0
15412,3347767.0
15413,2525375.0
15414,4554237.0
15415,2390534.0
15416,5461700.0
15417,3778621.0
15418,2390534.0
15419,3600467.0
15420,1756069.0
15421,7592272.0
15422,4888774.0
15423,3745135.0
15424,7592272.0
15425,3982767.0
15426,4015749.0
15427,3410878.0
15428,2792031.0
15429,4316715.0
15430,3956086.0
15431,2371202.0
15432,2675511.0
15433,4350573.0
15434,3745135.0
15435,3410878.0
15436,2344689.0
15437,2738052.0
15438,3447890.0
15439,8213524.0
15440,3445076.0
15441,3410878.0
15442,3410878.0
15443,2021934.0
15444,3351383.0
15445,2021934.0
15446,16549064.0
15447,3600467.0
15448,8904084.0
15449,6694797.0
15450,3447890.0
15451,3351383.0
15452,5435276.0
15453,2267425.0
15454,6313221.0
15455,4467728.0
15456,7217634.0
15457,6412623.0
15458,3982767.0
15459,3347767.0
15460,7865428.0
15461,4491607.0
15462,6363241.0
15463,3982767.0
15464,8904084.0
15465,3982767.0
15466,1904842.0
15467,1619683.0
15468,4250758.0
15469,3780019.0
15470,5337526.0
15471,3807496.0
15472,3745135.0
15473,3410878.0
15474,2055379.0
15475,2018785.0
15476,4350573.0
15477,2675511.0
15478,2021934.0
15479,3351383.0
15480,2551252.0
15481,3982767.0
15482,6313221.0
15483,2364478.0
15484,3426169.0
15485,1882131.0
15486,1270499.0
15487,2018785.0
15488,3727364.0
15489,1619683.0
15490,2058644.0
15491,3745135.0
15492,1270499.0
15493,4263629.0
15494,5500818.0
15495,3351383.0
15496,4590423.0
15497,2383840.0
15498,2021934.0
15499,4015749.0
15500,1847826.0
15501,4066618.0
15502,2018785.0
15503,2021934.0
15504,1756069.0
15505,2021934.0
15506,2371202.0
15507,4250553.0
15508,2344689.0
15509,2344689.0
15510,2097022.0
15511,1756069.0
15512,4100886.0
15513,4350573.0
15514,3258837.0
15515,4067566.0
15516,3347767.0
15517,8213524.0
15518,3600467.0
15519,4286645.0
15520,4286645.0
15521,9262754.0
15522,4264176.0
15523,3004429.0
15524,5444227.0
15525,3351383.0
15526,2021934.0
15527,3727364.0
15528,4467728.0
15529,7217634.0
15530,4219263.0
15531,5595267.0
15532,2371202.0
15533,1734634.0
15534,1756069.0
15535,2525375.0
15536,4066618.0
15537,3410878.0
15538,4219263.0
15539,3426169.0
15540,5337526.0
15541,1999097.0
15542,8213524.0
15543,1270499.0
15544,1149870.0
15545,1904842.0
15546,3004429.0
15547,5525735.0
15548,2738052.0
15549,3982767.0
15550,3410878.0
15551,6941173.0
15552,4067566.0
15553,5166635.0
15554,7201784.0
15555,5595267.0
15556,3745135.0
15557,1847826.0
15558,3426169.0
15559,2083447.0
15560,5017319.0
15561,3780019.0
15562,3347767.0
15563,2097022.0
15564,6923131.0
15565,2055379.0
15566,1847826.0
15567,4067566.0
15568,3410878.0
15569,5500818.0
15570,5017319.0
15571,2156098.0
15572,6412623.0
15573,3426169.0
15574,6941173.0
15575,2383840.0
15576,2544857.0
15577,2525375.0
15578,2058644.0
15579,4705945.0
15580,2993069.0
15581,1847826.0
15582,3347767.0
15583,3982767.0
15584,2021934.0
15585,1999097.0
15586,2954086.0
15587,2525375.0
15588,3445076.0
15589,2525375.0
15590,3410878.0
15591,3410878.0
15592,2525375.0
15593,2344689.0
15594,5500818.0
15595,3347767.0
15596,2675511.0
15597,5595267.0
15598,4491607.0
15599,6313221.0
15600,3745135.0
15601,2544857.0
15602,3410878.0
15603,6941173.0
15604,6923131.0
15605,4705945.0
15606,3807496.0
15607,2344689.0
15608,3351383.0
15609,2390534.0
15610,4066618.0
15611,2058644.0
15612,4100886.0
15613,7592272.0
15614,2267425.0
15615,4250553.0
15616,8213524.0
15617,2390534.0
15618,4952497.0
15619,4952255.0
15620,2383840.0
15621,4554237.0
15622,4350573.0
15623,2267425.0
15624,5435276.0
15625,1734634.0
15626,2383840.0
15627,2993069.0
15628,3376145.0
15629,3447890.0
15630,3248660.0
15631,3426169.0
15632,6836483.0
15633,7865428.0
15634,3903884.0
15635,3410878.0
15636,4250553.0
15637,8904084.0
15638,4219263.0
15639,2954086.0
15640,3752885.0
15641,4780607.0
15642,3347767.0
15643,4491607.0
15644,1999097.0
15645,2792031.0
15646,1999097.0
15647,3347767.0
15648,3939804.0
15649,4316715.0
15650,3903884.0
15651,1847826.0
15652,3004429.0
15653,2267425.0
15654,7592272.0
15655,4316715.0
15656,5017319.0
15657,1999097.0
15658,4952255.0
15659,5166635.0
15660,3600467.0
15661,6836483.0
15662,1149870.0
15663,3004429.0
15664,2390534.0
15665,2544857.0
15666,4015749.0
15667,2058644.0
15668,3008199.0
15669,2544857.0
15670,3939804.0
15671,1619683.0
15672,2097022.0
15673,2018785.0
15674,5161370.0
15675,2021934.0
15676,8904084.0
15677,1270499.0
15678,3258837.0
15679,1619683.0
15680,3600467.0
15681,2018785.0
15682,6836483.0
15683,6313221.0
15684,2344689.0
15685,1149870.0
15686,1619683.0
15687,5166635.0
15688,2390534.0
15689,4250758.0
15690,3600467.0
15691,9262754.0
15692,7201784.0
15693,2018785.0
15694,3745135.0
15695,2993069.0
15696,4316715.0
15697,9262754.0
15698,3753720.0
15699,4952255.0
15700,3273041.0
15701,3347767.0
15702,3727364.0
15703,2097022.0
15704,4250758.0
15705,2993069.0
15706,3351383.0
15707,4554237.0
15708,3410878.0
15709,7495092.0
15710,2792031.0
15711,7865428.0
15712,2097022.0
15713,3164972.0
15714,2025297.0
15715,4952255.0
15716,2018785.0
15717,3004429.0
15718,2156098.0
15719,3982767.0
15720,2058644.0
15721,2999068.0
15722,3778621.0
15723,4015749.0
15724,1270499.0
15725,5337526.0
15726,2156098.0
15727,2021934.0
15728,5435276.0
15729,3752885.0
15730,4015749.0
15731,2344689.0
15732,5906596.0
15733,3447890.0
15734,4467728.0
15735,1734634.0
15736,3410878.0
15737,4015749.0
15738,2156098.0
15739,4015749.0
15740,3028267.0
15741,2083447.0
15742,2058644.0
15743,8213524.0
15744,2021934.0
15745,2544857.0
15746,7217634.0
15747,2058644.0
15748,1882131.0
15749,2371202.0
15750,3273041.0
15751,3939804.0
15752,1270499.0
15753,4219263.0
15754,5166635.0
15755,3727364.0
15756,2267425.0
15757,1763231.0
15758,8213524.0
15759,1847826.0
15760,2055379.0
15761,4705945.0
15762,3778621.0
15763,1270499.0
15764,2058644.0
15765,2371202.0
15766,1149870.0
15767,2097022.0
15768,6313221.0
15769,3982767.0
15770,2097022.0
15771,2344689.0
15772,4052733.0
15773,3982767.0
15774,2344689.0
15775,3004429.0
15776,1619683.0
15777,1882131.0
15778,5017319.0
15779,6313221.0
15780,3752885.0
15781,3351383.0
15782,4066618.0
15783,3410878.0
15784,2993069.0
15785,2525375.0
15786,3410878.0
15787,1882131.0
15788,3376145.0
15789,3004429.0
15790,2993069.0
15791,5906596.0
15792,3004429.0
15793,3600467.0
15794,1999097.0
15795,3410878.0
15796,3745135.0
15797,5595267.0
15798,1756069.0
15799,3028267.0
15800,2021934.0
15801,7592272.0
15802,1847826.0
15803,6923131.0
15804,2344689.0
15805,1904842.0
15806,1756069.0
15807,3570392.0
15808,5017319.0
15809,4316715.0
15810,1270499.0
15811,3028267.0
15812,2097022.0
15813,4066618.0
15814,3273041.0
15815,3778621.0
15816,1619683.0
15817,2267425.0
15818,2738052.0
15819,3028267.0
15820,3956086.0
15821,4467728.0
15822,6782425.0
15823,4219263.0
15824,2021934.0
15825,2021934.0
15826,8213524.0
15827,3008199.0
15828,4952255.0
15829,1904842.0
15830,3939804.0
15831,4467728.0
15832,2267425.0
15833,2083447.0
15834,2544857.0
15835,3410878.0
15836,3939804.0
15837,2021934.0
15838,1882131.0
15839,1619683.0
15840,3347767.0
15841,2675511.0
15842,1999097.0
15843,8213524.0
15844,3727364.0
15845,4491607.0
15846,4219263.0
15847,3600467.0
15848,4780607.0
15849,5787594.0
15850,3745135.0
15851,3004429.0
15852,2675511.0
15853,3410878.0
15854,5166635.0
15855,3982767.0
15856,1847826.0
15857,2055379.0
15858,6694797.0
15859,2792031.0
15860,4250553.0
15861,3028267.0
15862,2675511.0
15863,6363241.0
15864,2344689.0
15865,3780019.0
15866,7592272.0
15867,2055379.0
15868,3600467.0
15869,1904842.0
15870,3426169.0
15871,2993069.0
15872,3376145.0
15873,8213524.0
15874,1149870.0
15875,3376145.0
15876,6363241.0
15877,2732645.0
15878,3752885.0
15879,4219263.0
15880,7495092.0
15881,3004429.0
15882,5500818.0
15883,3780019.0
15884,7495092.0
15885,1149870.0
15886,1904842.0
15887,2544857.0
15888,5595267.0
15889,4250553.0
15890,1619683.0
15891,3818055.0
15892,2021934.0
15893,3347767.0
15894,3410878.0
15895,2055379.0
15896,9652350.0
15897,5525735.0
15898,2055379.0
15899,3347767.0
15900,8213524.0
15901,4491607.0
15902,3410878.0
15903,3347767.0
15904,1734634.0
15905,4491607.0
15906,7592272.0
15907,7201784.0
15908,4316715.0
15909,3752885.0
15910,2058644.0
15911,6836483.0
15912,3410878.0
15913,3982767.0
15914,3004429.0
15915,9262754.0
15916,3273041.0
15917,2390534.0
15918,2544857.0
15919,1270499.0
15920,3445076.0
15921,3956086.0
15922,3004429.0
15923,4264176.0
15924,1619683.0
15925,3351383.0
15926,3982767.0
15927,1756069.0
15928,2954086.0
15929,3410878.0
15930,4067566.0
15931,8213524.0
15932,2344689.0
15933,2021934.0
15934,3351383.0
15935,1734634.0
15936,2055379.0
15937,1756069.0
15938,1882131.0
15939,3410878.0
15940,4554237.0
15941,6941173.0
15942,3939804.0
15943,7865428.0
15944,1756069.0
15945,1619683.0
15946,5286212.0
15947,3376145.0
15948,4052733.0
15949,3447890.0
15950,3258837.0
15951,3807496.0
15952,4491607.0
15953,3410878.0
15954,3347767.0
15955,2018785.0
15956,4067566.0
15957,2999068.0
15958,3903884.0
15959,4286645.0
15960,1999097.0
15961,3347767.0
15962,3780019.0
15963,3410878.0
15964,3347767.0
15965,2021934.0
15966,1619683.0
15967,1847826.0
15968,2267425.0
15969,3199619.0
15970,2058644.0
15971,1756069.0
15972,3410878.0
15973,4491607.0
15974,2344689.0
15975,6694797.0
15976,3447890.0
15977,5595267.0
15978,3004429.0
15979,4467728.0
15980,6941173.0
15981,3600467.0
15982,8894598.0
15983,1999097.0
15984,1270499.0
15985,2371202.0
15986,3410878.0
15987,2383840.0
15988,4888774.0
15989,2058644.0
15990,3351383.0
15991,2390534.0
15992,8213524.0
15993,3347767.0
15994,3347767.0
15995,3410878.0
15996,4952255.0
15997,2097022.0
15998,6363241.0
15999,6412623.0
16000,7495092.0
16001,4467728.0
16002,2097022.0
16003,4590423.0
16004,3410878.0
16005,3836721.0
16006,6363241.0
16007,2732645.0
16008,3447890.0
16009,5525735.0
16010,7592272.0
16011,2344689.0
16012,1999097.0
16013,1619683.0
16014,2525375.0
16015,2525375.0
16016,2551252.0
16017,6412623.0
16018,3199619.0
16019,2390534.0
16020,3410878.0
16021,2344689.0
16022,2344689.0
16023,5500818.0
16024,1999097.0
16025,2993069.0
16026,3956086.0
16027,2525375.0
16028,2267425.0
16029,3752885.0
16030,2390534.0
16031,3410878.0
16032,3410878.0
16033,4807746.0
16034,4250758.0
16035,2021934.0
16036,6923131.0
16037,3939804.0
16038,4429512.0
16039,3956086.0
16040,1734634.0
16041,2018785.0
16042,4250553.0
16043,7201784.0
16044,2058644.0
16045,1999097.0
16046,2344689.0
16047,4554237.0
16048,3939804.0
16049,6412623.0
16050,2267425.0
16051,3351383.0
16052,4052733.0
16053,2058644.0
16054,3836721.0
16055,2525375.0
16056,1847826.0
16057,5017319.0
16058,3982767.0
16059,5435276.0
16060,2097022.0
16061,2097022.0
16062,3982767.0
16063,2025297.0
16064,3004429.0
16065,4015749.0
16066,1756069.0
16067,3410878.0
16068,1756069.0
16069,2675511.0
16070,3447890.0
16071,4554237.0
16072,2021934.0
16073,1999097.0
16074,3008199.0
16075,1999097.0
16076,4350573.0
16077,6313221.0
16078,5444227.0
16079,2055379.0
16080,2058644.0
16081,5337526.0
16082,4952255.0
16083,3004429.0
16084,5435276.0
16085,1999097.0
16086,4100886.0
16087,3982767.0
16088,3351383.0
16089,3004429.0
16090,8213524.0
16091,3028267.0
16092,2993069.0
16093,3351383.0
16094,5435276.0
16095,6941173.0
16096,1999097.0
16097,1270499.0
16098,6412623.0
16099,6313221.0
16100,4467728.0
16101,4052733.0
16102,1756069.0
16103,6694797.0
16104,2675511.0
16105,1847826.0
16106,2371202.0
16107,4015749.0
16108,3410878.0
16109,4263629.0
16110,1270499.0
16111,3727364.0
16112,2021934.0
16113,4350573.0
16114,1882131.0
16115,1999097.0
16116,1882131.0
16117,1999097.0
16118,3836721.0
16119,4250553.0
16120,2021934.0
16121,4467728.0
16122,7217634.0
16123,7201784.0
16124,3347767.0
16125,4155435.0
16126,4316715.0
16127,3727364.0
16128,4067566.0
16129,4554237.0
16130,8213524.0
16131,4807746.0
16132,7865428.0
16133,3447890.0
16134,3028267.0
16135,2993069.0
16136,6923131.0
16137,3939804.0
16138,4250553.0
16139,6694797.0
16140,3410878.0
16141,2344689.0
16142,3903884.0
16143,2097022.0
16144,1847826.0
16145,3780019.0
16146,1756069.0
16147,5653753.0
16148,3426169.0
16149,2344689.0
16150,13575224.0
16151,3600467.0
16152,6363241.0
16153,1619683.0
16154,2364478.0
16155,3982767.0
16156,1999097.0
16157,1756069.0
16158,2055379.0
16159,1619683.0
16160,3447890.0
16161,6313221.0
16162,4219263.0
16163,4467728.0
16164,4136425.0
16165,8213524.0
16166,2390534.0
16167,1756069.0
16168,1763231.0
16169,2544857.0
16170,3347767.0
16171,3410878.0
16172,5787594.0
16173,2390534.0
16174,2021934.0
16175,3028267.0
16176,3347767.0
16177,4705945.0
16178,6313221.0
16179,4067566.0
16180,7217634.0
16181,2025297.0
16182,7495092.0
16183,3600467.0
16184,2018785.0
16185,1734634.0
16186,3752885.0
16187,2675511.0
16188,5435276.0
16189,3600467.0
16190,3248660.0
16191,3376145.0
16192,2021934.0
16193,3004429.0
16194,2267425.0
16195,3410878.0
16196,3028267.0
16197,4066618.0
16198,3347767.0
16199,2675511.0
16200,5906596.0
16201,3248660.0
16202,3600467.0
16203,2675511.0
16204,8213524.0
16205,2344689.0
16206,3600467.0
16207,2018785.0
16208,2551252.0
16209,4491607.0
16210,6412623.0
16211,3600467.0
16212,6363241.0
16213,2371202.0
16214,1999097.0
16215,9262754.0
16216,1763231.0
16217,3199619.0
16218,6313221.0
16219,1999097.0
16220,4316715.0
16221,3836721.0
16222,3410878.0
16223,3727364.0
16224,5595267.0
16225,2525375.0
16226,3004429.0
16227,5525735.0
16228,2544857.0
16229,6923131.0
16230,4250758.0
16231,2097022.0
16232,2732645.0
16233,1619683.0
16234,1270499.0
16235,4067566.0
16236,4705945.0
16237,3028267.0
16238,1149870.0
16239,3939804.0
16240,2344689.0
16241,3410878.0
16242,3447890.0
16243,2525375.0
16244,7865428.0
16245,2792031.0
16246,3347767.0
16247,3347767.0
16248,2097022.0
16249,3410878.0
16250,6313221.0
16251,3727364.0
16252,4705945.0
16253,4052733.0
16254,3982767.0
16255,1882131.0
16256,3982767.0
16257,3982767.0
16258,2344689.0
16259,3752885.0
16260,1904842.0
16261,3351383.0
16262,3780019.0
16263,4067566.0
16264,2390534.0
16265,3818055.0
16266,4067566.0
16267,4052733.0
16268,2544857.0
16269,6313221.0
16270,2058644.0
16271,2371202.0
16272,3261924.0
16273,2058644.0
16274,4952255.0
16275,2544857.0
16276,3780019.0
16277,9652350.0
16278,3028267.0
16279,1882131.0
16280,1270499.0
16281,6313221.0
16282,4250758.0
16283,9262754.0
16284,3982767.0
16285,2344689.0
16286,5525735.0
16287,1763231.0
16288,1270499.0
16289,3028267.0
16290,4264176.0
16291,1847826.0
16292,2551252.0
16293,2058644.0
16294,4350573.0
16295,3727364.0
16296,3347767.0
16297,3426169.0
16298,3351383.0
16299,2675511.0
16300,5461700.0
16301,2732645.0
16302,5337526.0
16303,1619683.0
16304,2018785.0
16305,2018785.0
16306,1882131.0
16307,3004429.0
16308,4888774.0
16309,3982767.0
16310,2344689.0
16311,3248660.0
16312,1756069.0
16313,2344689.0
16314,1756069.0
16315,2525375.0
16316,1149870.0
16317,3778621.0
16318,5286212.0
16319,4952255.0
16320,2097022.0
16321,4952255.0
16322,2055379.0
16323,1270499.0
16324,4155435.0
16325,6694797.0
16326,6836483.0
16327,3600467.0
16328,4491607.0
16329,3600467.0
16330,1999097.0
16331,2732645.0
16332,2544857.0
16333,1904842.0
16334,2344689.0
16335,6923131.0
16336,4250553.0
16337,5787594.0
16338,5166635.0
16339,2344689.0
16340,3600467.0
16341,7201784.0
16342,2551252.0
16343,6923131.0
16344,2021934.0
16345,3028267.0
16346,1999097.0
16347,2544857.0
16348,4590423.0
16349,2058644.0
16350,5595267.0
16351,3347767.0
16352,5017319.0
16353,2267425.0
16354,8213524.0
16355,2156098.0
16356,2544857.0
16357,2544857.0
16358,2058644.0
16359,3347767.0
16360,5161370.0
16361,2021934.0
16362,3778621.0
16363,2344689.0
16364,1619683.0
16365,3347767.0
16366,3939804.0
16367,3164972.0
16368,4052733.0
16369,1619683.0
16370,4015749.0
16371,2675511.0
16372,4491607.0
16373,3836721.0
16374,4554237.0
16375,4780607.0
16376,3745135.0
16377,6836483.0
16378,1756069.0
16379,3028267.0
16380,1847826.0
16381,3982767.0
16382,3258837.0
16383,6313221.0
16384,1756069.0
16385,3426169.0
16386,7865428.0
16387,6694797.0
16388,3376145.0
16389,3426169.0
16390,2999068.0
16391,2525375.0
16392,4155435.0
16393,7495092.0
16394,1882131.0
16395,3836721.0
16396,2675511.0
16397,6694797.0
16398,2344689.0
16399,2021934.0
16400,1999097.0
16401,6923131.0
16402,1756069.0
16403,2390534.0
16404,2525375.0
16405,5595267.0
16406,1999097.0
16407,3752885.0
16408,2058644.0
16409,1882131.0
16410,1999097.0
16411,3351383.0
16412,3752885.0
16413,3410878.0
16414,3745135.0
16415,8213524.0
16416,1756069.0
16417,7217634.0
16418,3752885.0
16419,3939804.0
16420,4263629.0
16421,4250758.0
16422,2675511.0
16423,3426169.0
16424,3347767.0
16425,3004429.0
16426,3164972.0
16427,4250553.0
16428,5500818.0
16429,2097022.0
16430,2021934.0
16431,2544857.0
16432,2390534.0
16433,1756069.0
16434,9262754.0
16435,4250758.0
16436,3028267.0
16437,3004429.0
16438,2018785.0
16439,6923131.0
16440,3410878.0
16441,2738052.0
16442,1904842.0
16443,7865428.0
16444,3004429.0
16445,3004429.0
16446,4705945.0
16447,3004429.0
16448,2344689.0
16449,4067566.0
16450,1756069.0
16451,5461700.0
16452,2993069.0
16453,3410878.0
16454,3410878.0
16455,4052733.0
16456,5017319.0
16457,2058644.0
16458,5906596.0
16459,4316715.0
16460,1149870.0
16461,1999097.0
16462,2364478.0
16463,7865428.0
16464,1756069.0
16465,7592272.0
16466,6941173.0
16467,5166635.0
16468,5500818.0
16469,2018785.0
16470,2058644.0
16471,1756069.0
16472,1999097.0
16473,1149870.0
16474,3028267.0
16475,3745135.0
16476,2738052.0
16477,8213524.0
16478,3347767.0
16479,3752885.0
16480,7217634.0
16481,1756069.0
16482,6313221.0
16483,3982767.0
16484,3753720.0
16485,2544857.0
16486,3903884.0
16487,1999097.0
16488,3376145.0
16489,5444227.0
16490,2021934.0
16491,2738052.0
16492,3778621.0
16493,4467728.0
16494,4263629.0
16495,2021934.0
16496,8213524.0
16497,4491607.0
16498,3028267.0
16499,4316715.0
16500,2058644.0
16501,2344689.0
16502,5595267.0
16503,7201784.0
16504,7592272.0
16505,6412623.0
16506,7592272.0
16507,1270499.0
16508,4219263.0
16509,2954086.0
16510,4052733.0
16511,7495092.0
16512,3248660.0
16513,6412623.0
16514,2018785.0
16515,1619683.0
16516,2544857.0
16517,6941173.0
16518,1270499.0
16519,3600467.0
16520,1999097.0
16521,4491607.0
16522,1149870.0
16523,4250553.0
16524,1763231.0
16525,3745135.0
16526,3004429.0
16527,5017319.0
16528,4067566.0
16529,2371202.0
16530,3258837.0
16531,2097022.0
16532,2267425.0
16533,4467728.0
16534,2738052.0
16535,3982767.0
16536,6941173.0
16537,2364478.0
16538,5017319.0
16539,2083447.0
16540,4250553.0
16541,7865428.0
16542,4350573.0
16543,6412623.0
16544,8213524.0
16545,4250553.0
16546,3410878.0
16547,4316715.0
16548,7217634.0
16549,9652350.0
16550,3347767.0
16551,3351383.0
16552,8213524.0
16553,4015749.0
16554,7592272.0
16555,3745135.0
16556,6923131.0
16557,3410878.0
16558,2364478.0
16559,1619683.0
16560,2018785.0
16561,3258837.0
16562,3004429.0
16563,2954086.0
16564,8213524.0
16565,3004429.0
16566,7217634.0
16567,3410878.0
16568,2675511.0
16569,1763231.0
16570,1999097.0
16571,1847826.0
16572,3600467.0
16573,3199619.0
16574,2383840.0
16575,5595267.0
16576,3956086.0
16577,2544857.0
16578,1619683.0
16579,3426169.0
16580,2344689.0
16581,2732645.0
16582,3600467.0
16583,4316715.0
16584,7865428.0
16585,3008199.0
16586,4015749.0
16587,4067566.0
16588,8213524.0
16589,2021934.0
16590,4554237.0
16591,5017319.0
16592,1882131.0
16593,7201784.0
16594,1270499.0
16595,6313221.0
16596,3199619.0
16597,2954086.0
16598,2018785.0
16599,5166635.0
16600,2390534.0
16601,2018785.0
16602,2097022.0
16603,2058644.0
16604,2371202.0
16605,3004429.0
16606,3004429.0
16607,1756069.0
16608,2021934.0
16609,2371202.0
16610,5166635.0
16611,1756069.0
16612,1270499.0
16613,2025297.0
16614,4590423.0
16615,1619683.0
16616,8213524.0
16617,2058644.0
16618,2156098.0
16619,5787594.0
16620,4705945.0
16621,7201784.0
16622,3836721.0
16623,4250553.0
16624,2097022.0
16625,5166635.0
16626,3410878.0
16627,3410878.0
16628,2021934.0
16629,3004429.0
16630,2792031.0
16631,3351383.0
16632,3778621.0
16633,2058644.0
16634,3347767.0
16635,3028267.0
16636,5286212.0
16637,3347767.0
16638,6313221.0
16639,3351383.0
16640,2097022.0
16641,4491607.0
16642,3028267.0
16643,5500818.0
16644,3426169.0
16645,3004429.0
16646,5444227.0
16647,2551252.0
16648,2344689.0
16649,5906596.0
16650,4052733.0
16651,6313221.0
16652,3752885.0
16653,1999097.0
16654,1999097.0
16655,2675511.0
16656,8213524.0
16657,5966193.0
16658,1847826.0
16659,7592272.0
16660,5017319.0
16661,3447890.0
16662,7217634.0
16663,3956086.0
16664,1904842.0
16665,3028267.0
16666,6412623.0
16667,8213524.0
16668,1904842.0
16669,5435276.0
16670,1734634.0
16671,3752885.0
16672,7592272.0
16673,5595267.0
16674,2344689.0
16675,4264176.0
16676,1904842.0
16677,3745135.0
16678,2390534.0
16679,4100886.0
16680,1999097.0
16681,2344689.0
16682,4651866.0
16683,2390534.0
16684,1619683.0
16685,4316715.0
16686,6412623.0
16687,3008199.0
16688,3752885.0
16689,2058644.0
16690,5595267.0
16691,4705945.0
16692,1756069.0
16693,7592272.0
16694,3982767.0
16695,3939804.0
16696,4554237.0
16697,4100886.0
16698,2371202.0
16699,2058644.0
16700,2021934.0
16701,1999097.0
16702,5337526.0
16703,3410878.0
16704,7865428.0
16705,4705945.0
16706,2055379.0
16707,1756069.0
16708,4066618.0
16709,1734634.0
16710,2525375.0
16711,1756069.0
16712,2525375.0
16713,2021934.0
16714,1756069.0
16715,3347767.0
16716,6941173.0
16717,6313221.0
16718,4316715.0
16719,1882131.0
16720,6412623.0
16721,3028267.0
16722,3351383.0
16723,4066618.0
16724,3258837.0
16725,3426169.0
16726,4467728.0
16727,3956086.0
16728,3778621.0
16729,2732645.0
16730,3903884.0
16731,6694797.0
16732,3351383.0
16733,4264176.0
16734,1149870.0
16735,3752885.0
16736,3818055.0
16737,2675511.0
16738,3347767.0
16739,1999097.0
16740,3445076.0
16741,4316715.0
16742,1999097.0
16743,2738052.0
16744,4015749.0
16745,3752885.0
16746,2732645.0
16747,2018785.0
16748,5525735.0
16749,4467728.0
16750,3028267.0
16751,3780019.0
16752,8213524.0
16753,2021934.0
16754,3780019.0
16755,3956086.0
16756,3410878.0
16757,6782425.0
16758,5500818.0
16759,2551252.0
16760,4052733.0
16761,2097022.0
16762,1270499.0
16763,4015749.0
16764,2738052.0
16765,3752885.0
16766,5525735.0
16767,4554237.0
16768,2371202.0
16769,2544857.0
16770,4491607.0
16771,3248660.0
16772,1270499.0
16773,3752885.0
16774,8213524.0
16775,2018785.0
16776,2058644.0
16777,4705945.0
16778,1882131.0
16779,2021934.0
16780,3376145.0
16781,2371202.0
16782,2018785.0
16783,2544857.0
16784,6836483.0
16785,3004429.0
16786,3780019.0
16787,5166635.0
16788,3745135.0
16789,2544857.0
16790,2021934.0
16791,3745135.0
16792,2021934.0
16793,4491607.0
16794,7865428.0
16795,4467728.0
16796,5461700.0
16797,3376145.0
16798,2551252.0
16799,3752885.0
16800,1999097.0
16801,2993069.0
16802,2097022.0
16803,2344689.0
16804,1756069.0
16805,4554237.0
16806,2390534.0
16807,4015749.0
16808,3982767.0
16809,1734634.0
16810,2732645.0
16811,5787594.0
16812,2344689.0
16813,1619683.0
16814,1882131.0
16815,3347767.0
16816,4316715.0
16817,3745135.0
16818,1734634.0
16819,4780607.0
16820,4316715.0
16821,1270499.0
16822,3753720.0
16823,2025297.0
16824,3218918.0
16825,4952255.0
16826,2390534.0
16827,2551252.0
16828,4264176.0
16829,2390534.0
16830,3410878.0
16831,4554237.0
16832,6782425.0
16833,2544857.0
16834,6941173.0
16835,7592272.0
16836,5787594.0
16837,4250553.0
16838,2732645.0
16839,5286212.0
16840,2018785.0
16841,2525375.0
16842,4316715.0
16843,2390534.0
16844,3810007.0
16845,1756069.0
16846,3410878.0
16847,2055379.0
16848,5166635.0
16849,4015749.0
16850,6313221.0
16851,2371202.0
16852,5525735.0
16853,2097022.0
16854,5500818.0
16855,3780019.0
16856,1149870.0
16857,2954086.0
16858,1149870.0
16859,3347767.0
16860,3351383.0
16861,3258837.0
16862,2267425.0
16863,3752885.0
16864,4015749.0
16865,2097022.0
16866,6923131.0
16867,3410878.0
16868,4067566.0
16869,3004429.0
16870,4264176.0
16871,2732645.0
16872,2058644.0
16873,3836721.0
16874,1734634.0
16875,2021934.0
16876,7865428.0
16877,3836721.0
16878,3745135.0
16879,3351383.0
16880,2097022.0
16881,5444227.0
16882,2021934.0
16883,2390534.0
16884,3745135.0
16885,2083447.0
16886,4651866.0
16887,2675511.0
16888,4705945.0
16889,3752885.0
16890,2021934.0
16891,1756069.0
16892,2675511.0
16893,3807496.0
16894,1904842.0
16895,2025297.0
16896,3351383.0
16897,4350573.0
16898,2551252.0
16899,1882131.0
16900,4250553.0
16901,3410878.0
16902,2732645.0
16903,3600467.0
16904,2156098.0
16905,6412623.0
16906,3753720.0
16907,6313221.0
16908,1999097.0
16909,4350573.0
16910,1756069.0
16911,3778621.0
16912,4590423.0
16913,1847826.0
16914,2055379.0
16915,6782425.0
16916,1756069.0
16917,4705945.0
16918,5435276.0
16919,4952255.0
16920,3727364.0
16921,3248660.0
16922,2055379.0
16923,3939804.0
16924,2267425.0
16925,2551252.0
16926,2018785.0
16927,1756069.0
16928,2390534.0
16929,2018785.0
16930,2018785.0
16931,1999097.0
16932,3982767.0
16933,4052733.0
16934,2383840.0
16935,6923131.0
16936,2344689.0
16937,1149870.0
16938,3351383.0
16939,1756069.0
16940,3004429.0
16941,2267425.0
16942,3939804.0
16943,6941173.0
16944,4350573.0
16945,3028267.0
16946,3600467.0
16947,6363241.0
16948,7217634.0
16949,5444227.0
16950,1149870.0
16951,7865428.0
16952,2097022.0
16953,7865428.0
16954,3004429.0
16955,2055379.0
16956,4316715.0
16957,3939804.0
16958,9652350.0
16959,2544857.0
16960,7495092.0
16961,3199619.0
16962,3600467.0
16963,4491607.0
16964,2097022.0
16965,3410878.0
16966,2390534.0
16967,2156098.0
16968,7592272.0
16969,2525375.0
16970,2025297.0
16971,2018785.0
16972,4263629.0
16973,2390534.0
16974,4155435.0
16975,2025297.0
16976,8213524.0
16977,2551252.0
16978,3982767.0
16979,2055379.0
16980,2021934.0
16981,3447890.0
16982,1882131.0
16983,2993069.0
16984,5525735.0
16985,5595267.0
16986,5595267.0
16987,9652350.0
16988,2344689.0
16989,1999097.0
16990,3347767.0
16991,3258837.0
16992,1149870.0
16993,2021934.0
16994,5787594.0
16995,5435276.0
16996,3445076.0
16997,2021934.0
16998,2371202.0
16999,4350573.0
17000,5595267.0
17001,6694797.0
17002,1149870.0
17003,4705945.0
17004,6923131.0
17005,4316715.0
17006,2018785.0
17007,2097022.0
17008,2344689.0
17009,3426169.0
17010,5525735.0
17011,2544857.0
17012,1756069.0
17013,3956086.0
17014,6694797.0
17015,2097022.0
17016,3778621.0
17017,3347767.0
17018,2383840.0
17019,1999097.0
17020,2732645.0
17021,8213524.0
17022,3745135.0
17023,4888774.0
17024,6836483.0
17025,1999097.0
17026,4066618.0
17027,1882131.0
17028,5525735.0
17029,2097022.0
17030,3836721.0
17031,1763231.0
17032,2055379.0
17033,2344689.0
17034,2344689.0
17035,3410878.0
17036,6412623.0
17037,4952255.0
17038,2344689.0
17039,3347767.0
17040,1149870.0
17041,2732645.0
17042,4491607.0
17043,3248660.0
17044,3376145.0
17045,4316715.0
17046,3982767.0
17047,3004429.0
17048,3956086.0
17049,6412623.0
17050,2344689.0
17051,3600467.0
17052,5500818.0
17053,2993069.0
17054,6941173.0
17055,5286212.0
17056,1882131.0
17057,8904084.0
17058,2551252.0
17059,3982767.0
17060,3004429.0
17061,1149870.0
17062,6941173.0
17063,3982767.0
17064,3778621.0
17065,3347767.0
17066,1619683.0
17067,3447890.0
17068,4136425.0
17069,1270499.0
17070,3004429.0
17071,3004429.0
17072,3410878.0
17073,3426169.0
17074,2525375.0
17075,3600467.0
17076,1619683.0
17077,2371202.0
17078,1999097.0
17079,2097022.0
17080,3028267.0
17081,2544857.0
17082,2021934.0
17083,3727364.0
17084,3903884.0
17085,2675511.0
17086,2390534.0
17087,2390534.0
17088,6313221.0
17089,4952255.0
17090,4052733.0
17091,4015749.0
17092,3218918.0
17093,2021934.0
17094,2732645.0
17095,1270499.0
17096,2025297.0
17097,4052733.0
17098,3727364.0
17099,4052733.0
17100,5444227.0
17101,1882131.0
17102,1270499.0
17103,2055379.0
17104,2097022.0
17105,1270499.0
17106,3600467.0
17107,1882131.0
17108,9262754.0
17109,4250553.0
17110,3982767.0
17111,7217634.0
17112,3600467.0
17113,2055379.0
17114,2021934.0
17115,1270499.0
17116,3982767.0
17117,4491607.0
17118,2097022.0
17119,4467728.0
17120,6412623.0
17121,3939804.0
17122,2097022.0
17123,3248660.0
17124,2021934.0
17125,1270499.0
17126,8213524.0
17127,3376145.0
17128,3903884.0
17129,4067566.0
17130,2055379.0
17131,1619683.0
17132,3778621.0
17133,3600467.0
17134,3982767.0
17135,7592272.0
17136,2097022.0
17137,4219263.0
17138,3351383.0
17139,8213524.0
17140,3956086.0
17141,8213524.0
17142,4066618.0
17143,5525735.0
17144,4888774.0
17145,3199619.0
17146,4491607.0
17147,2025297.0
17148,1149870.0
17149,3445076.0
17150,3780019.0
17151,7201784.0
17152,2018785.0
17153,2675511.0
17154,4590423.0
17155,3752885.0
17156,2675511.0
17157,3600467.0
17158,3939804.0
17159,3727364.0
17160,3004429.0
17161,4554237.0
17162,4052733.0
17163,2675511.0
17164,4590423.0
17165,3753720.0
17166,3982767.0
17167,4250553.0
17168,2675511.0
17169,5435276.0
17170,3426169.0
17171,3836721.0
17172,2792031.0
17173,3982767.0
17174,3351383.0
17175,4316715.0
17176,4705945.0
17177,3376145.0
17178,8213524.0
17179,1149870.0
17180,2544857.0
17181,1882131.0
17182,4888774.0
17183,2097022.0
17184,4491607.0
17185,2999068.0
17186,5595267.0
17187,1847826.0
17188,4350573.0
17189,3745135.0
17190,1270499.0
17191,5595267.0
17192,2058644.0
17193,3780019.0
17194,5444227.0
17195,2525375.0
17196,2390534.0
17197,2371202.0
17198,3426169.0
17199,6923131.0
17200,3745135.0
17201,1149870.0
17202,1270499.0
17203,3956086.0
17204,1847826.0
17205,4052733.0
17206,3004429.0
17207,2551252.0
17208,3347767.0
17209,5444227.0
17210,3004429.0
17211,3028267.0
17212,4219263.0
17213,5500818.0
17214,1904842.0
17215,2156098.0
17216,2058644.0
17217,2344689.0
17218,6923131.0
17219,4952255.0
17220,5017319.0
17221,6363241.0
17222,2675511.0
17223,7495092.0
17224,3780019.0
17225,2267425.0
17226,4100886.0
17227,3426169.0
17228,5500818.0
17229,1149870.0
17230,2675511.0
17231,1270499.0
17232,4590423.0
17233,3447890.0
17234,1756069.0
17235,5787594.0
17236,2097022.0
17237,4780607.0
17238,2364478.0
17239,2058644.0
17240,4554237.0
17241,3982767.0
17242,3273041.0
17243,3982767.0
17244,4015749.0
17245,2267425.0
17246,2058644.0
17247,3426169.0
17248,3351383.0
17249,1756069.0
17250,3982767.0
17251,3745135.0
17252,8894598.0
17253,3347767.0
17254,3410878.0
17255,1619683.0
17256,2097022.0
17257,3410878.0
17258,1763231.0
17259,2792031.0
17260,7592272.0
17261,3261924.0
17262,4491607.0
17263,3982767.0
17264,4888774.0
17265,1756069.0
17266,7592272.0
17267,2551252.0
17268,4467728.0
17269,3004429.0
17270,2993069.0
17271,6923131.0
17272,3778621.0
17273,6363241.0
17274,2021934.0
17275,4467728.0
17276,2732645.0
17277,2021934.0
17278,5444227.0
17279,2390534.0
17280,3410878.0
17281,5435276.0
17282,3982767.0
17283,2021934.0
17284,2344689.0
17285,2021934.0
17286,3780019.0
17287,2018785.0
17288,2055379.0
17289,1734634.0
17290,1999097.0
17291,6412623.0
17292,2021934.0
17293,2383840.0
17294,7495092.0
17295,1619683.0
17296,7201784.0
17297,3447890.0
17298,4263629.0
17299,5500818.0
17300,6363241.0
17301,2021934.0
17302,2344689.0
17303,7217634.0
17304,4052733.0
17305,5461700.0
17306,6694797.0
17307,4316715.0
17308,4350573.0
17309,4052733.0
17310,3351383.0
17311,4807746.0
17312,7592272.0
17313,4952255.0
17314,1270499.0
17315,7592272.0
17316,5595267.0
17317,6313221.0
17318,3939804.0
17319,2055379.0
17320,3351383.0
17321,1756069.0
17322,2058644.0
17323,3836721.0
17324,3939804.0
17325,1619683.0
17326,2344689.0
17327,7495092.0
17328,2021934.0
17329,2097022.0
17330,3008199.0
17331,2058644.0
17332,7217634.0
17333,3752885.0
17334,2021934.0
17335,2267425.0
17336,5595267.0
17337,2156098.0
17338,3982767.0
17339,5500818.0
17340,3410878.0
17341,3903884.0
17342,4590423.0
17343,1999097.0
17344,1999097.0
17345,2267425.0
17346,3752885.0
17347,2551252.0
17348,5595267.0
17349,2058644.0
17350,6363241.0
17351,7592272.0
17352,4491607.0
17353,3982767.0
17354,4250553.0
17355,4888774.0
17356,4467728.0
17357,7201784.0
17358,5906596.0
17359,3745135.0
17360,4250758.0
17361,1882131.0
17362,1149870.0
17363,2344689.0
17364,3982767.0
17365,4952255.0
17366,7592272.0
17367,2018785.0
17368,3447890.0
17369,2390534.0
17370,1270499.0
17371,6836483.0
17372,2675511.0
17373,6694797.0
17374,3410878.0
17375,2344689.0
17376,6694797.0
17377,8213524.0
17378,3956086.0
17379,4350573.0
17380,6363241.0
17381,3410878.0
17382,3410878.0
17383,2390534.0
17384,4952255.0
17385,2344689.0
17386,5653753.0
17387,3410878.0
17388,5595267.0
17389,7592272.0
17390,3351383.0
17391,7217634.0
17392,2097022.0
17393,8213524.0
17394,4590423.0
17395,3004429.0
17396,2021934.0
17397,1619683.0
17398,4952497.0
17399,3199619.0
17400,3447890.0
17401,3410878.0
17402,2383840.0
17403,1619683.0
17404,5435276.0
17405,4250758.0
17406,3376145.0
17407,3248660.0
17408,4554237.0
17409,2018785.0
17410,2021934.0
17411,4264176.0
17412,4250553.0
17413,2525375.0
17414,4491607.0
17415,2058644.0
17416,4066618.0
17417,1270499.0
17418,1756069.0
17419,7201784.0
17420,3410878.0
17421,6313221.0
17422,3410878.0
17423,5653753.0
17424,3410878.0
17425,3778621.0
17426,1270499.0
17427,2021934.0
17428,2021934.0
17429,5595267.0
17430,1149870.0
17431,2267425.0
17432,4429512.0
17433,6412623.0
17434,4066618.0
17435,7495092.0
17436,3351383.0
17437,3753720.0
17438,5017319.0
17439,5525735.0
17440,4066618.0
17441,6694797.0
17442,4350573.0
17443,3351383.0
17444,7217634.0
17445,2267425.0
17446,2732645.0
17447,3347767.0
17448,4590423.0
17449,4705945.0
17450,5166635.0
17451,5595267.0
17452,2954086.0
17453,2544857.0
17454,1847826.0
17455,2021934.0
17456,4067566.0
17457,1734634.0
17458,3600467.0
17459,3956086.0
17460,4219263.0
17461,6941173.0
17462,5525735.0
17463,1149870.0
17464,3778621.0
17465,1270499.0
17466,4705945.0
17467,2544857.0
17468,3426169.0
17469,2344689.0
17470,6412623.0
17471,1270499.0
17472,3426169.0
17473,4250553.0
17474,3004429.0
17475,2058644.0
17476,4554237.0
17477,6313221.0
17478,1756069.0
17479,7865428.0
17480,6694797.0
17481,2058644.0
17482,8213524.0
17483,7201784.0
17484,5595267.0
17485,1270499.0
17486,3452382.0
17487,4705945.0
17488,3745135.0
17489,3426169.0
17490,3982767.0
17491,3347767.0
17492,1270499.0
17493,3982767.0
17494,1619683.0
17495,2993069.0
17496,9262754.0
17497,7495092.0
17498,3447890.0
17499,2267425.0
17500,2364478.0
17501,2390534.0
17502,2021934.0
17503,8904084.0
17504,7865428.0
17505,2792031.0
17506,3351383.0
17507,7217634.0
17508,3004429.0
17509,3347767.0
17510,3600467.0
17511,3248660.0
17512,4491607.0
17513,3410878.0
17514,1756069.0
17515,4467728.0
17516,3982767.0
17517,2021934.0
17518,1756069.0
17519,2058644.0
17520,3410878.0
17521,2021934.0
17522,3410878.0
17523,2993069.0
17524,4264176.0
17525,6363241.0
17526,7201784.0
17527,3004429.0
17528,4952255.0
17529,6412623.0
17530,3351383.0
17531,2018785.0
17532,2021934.0
17533,2021934.0
17534,6782425.0
17535,2993069.0
17536,2055379.0
17537,4705945.0
17538,2267425.0
17539,2675511.0
17540,2383840.0
17541,5595267.0
17542,1999097.0
17543,4491607.0
17544,2344689.0
17545,3347767.0
17546,4491607.0
17547,4250553.0
17548,4015749.0
17549,5595267.0
17550,4250553.0
17551,3258837.0
17552,1882131.0
17553,8213524.0
17554,4467728.0
17555,3347767.0
17556,3410878.0
17557,4264176.0
17558,3784230.0
17559,6836483.0
17560,5525735.0
17561,3426169.0
17562,1270499.0
17563,2097022.0
17564,2058644.0
17565,2025297.0
17566,6836483.0
17567,5017319.0
17568,3347767.0
17569,2018785.0
17570,3248660.0
17571,3347767.0
17572,3600467.0
17573,2675511.0
17574,3410878.0
17575,3351383.0
17576,6836483.0
17577,2738052.0
17578,8904084.0
17579,1756069.0
17580,2732645.0
17581,3982767.0
17582,3982767.0
17583,1847826.0
17584,3600467.0
17585,5166635.0
17586,2021934.0
17587,3410878.0
17588,2993069.0
17589,2058644.0
17590,2525375.0
17591,3347767.0
17592,1149870.0
17593,4250553.0
17594,2792031.0
17595,3004429.0
17596,4100886.0
17597,2058644.0
17598,3261924.0
17599,1999097.0
17600,8213524.0
17601,2364478.0
17602,4467728.0
17603,4015749.0
17604,1999097.0
17605,2267425.0
17606,3376145.0
17607,1270499.0
17608,5337526.0
17609,1756069.0
17610,7865428.0
17611,5500818.0
17612,3600467.0
17613,1999097.0
17614,3982767.0
17615,1904842.0
17616,4807746.0
17617,2738052.0
17618,2344689.0
17619,2058644.0
17620,16549064.0
17621,5653753.0
17622,2267425.0
17623,2954086.0
17624,2544857.0
17625,2525375.0
17626,8894598.0
17627,4250758.0
17628,4052733.0
17629,8213524.0
17630,2371202.0
17631,1847826.0
17632,3004429.0
17633,3004429.0
17634,7592272.0
17635,2675511.0
17636,5595267.0
17637,2083447.0
17638,3004429.0
17639,3351383.0
17640,3028267.0
17641,1763231.0
17642,2551252.0
17643,3426169.0
17644,6363241.0
17645,4015749.0
17646,5595267.0
17647,2021934.0
17648,3004429.0
17649,3410878.0
17650,1847826.0
17651,2058644.0
17652,1619683.0
17653,2993069.0
17654,2344689.0
17655,2058644.0
17656,3780019.0
17657,3410878.0
17658,3426169.0
17659,3410878.0
17660,6363241.0
17661,3903884.0
17662,3982767.0
17663,7865428.0
17664,3745135.0
17665,4015749.0
17666,5500818.0
17667,5787594.0
17668,1763231.0
17669,1619683.0
17670,3939804.0
17671,3273041.0
17672,2993069.0
17673,5337526.0
17674,3347767.0
17675,3347767.0
17676,2083447.0
17677,2344689.0
17678,5595267.0
17679,1847826.0
17680,3261924.0
17681,1619683.0
17682,3248660.0
17683,3347767.0
17684,2058644.0
17685,1619683.0
17686,2097022.0
17687,1882131.0
17688,2058644.0
17689,7495092.0
17690,1847826.0
17691,8213524.0
17692,1904842.0
17693,4807746.0
17694,5525735.0
17695,2021934.0
17696,6313221.0
17697,3376145.0
17698,8213524.0
17699,2344689.0
17700,1904842.0
17701,1149870.0
17702,2267425.0
17703,4952255.0
17704,13575224.0
17705,1756069.0
17706,2156098.0
17707,3410878.0
17708,3410878.0
17709,3248660.0
17710,2018785.0
17711,4705945.0
17712,4015749.0
17713,3745135.0
17714,4780607.0
17715,4015749.0
17716,2021934.0
17717,1999097.0
17718,2018785.0
17719,3752885.0
17720,3004429.0
17721,2058644.0
17722,4219263.0
17723,3780019.0
17724,2525375.0
17725,3426169.0
17726,3351383.0
17727,2544857.0
17728,3004429.0
17729,5966193.0
17730,6836483.0
17731,6941173.0
17732,6836483.0
17733,9262754.0
17734,1756069.0
17735,7865428.0
17736,3445076.0
17737,2732645.0
17738,5435276.0
17739,3778621.0
17740,1882131.0
17741,2344689.0
17742,3410878.0
17743,3410878.0
17744,2544857.0
17745,2544857.0
17746,2055379.0
17747,2021934.0
17748,3199619.0
17749,4467728.0
17750,3199619.0
17751,5444227.0
17752,1270499.0
17753,7217634.0
17754,4264176.0
17755,3956086.0
17756,2021934.0
17757,3410878.0
17758,7495092.0
17759,3347767.0
17760,2371202.0
17761,3218918.0
17762,3982767.0
17763,6923131.0
17764,3426169.0
17765,3447890.0
17766,4491607.0
17767,5595267.0
17768,2058644.0
17769,9652350.0
17770,2021934.0
17771,3780019.0
17772,2675511.0
17773,3956086.0
17774,3004429.0
17775,2058644.0
17776,1904842.0
17777,3347767.0
17778,6313221.0
17779,2390534.0
17780,1270499.0
17781,1619683.0
17782,3347767.0
17783,2371202.0
17784,2993069.0
17785,2344689.0
17786,3248660.0
17787,4066618.0
17788,3780019.0
17789,5444227.0
17790,3376145.0
17791,5435276.0
17792,2097022.0
17793,4052733.0
17794,8213524.0
17795,7217634.0
17796,2021934.0
17797,4350573.0
17798,2993069.0
17799,3780019.0
17800,3004429.0
17801,6313221.0
17802,8904084.0
17803,4250553.0
17804,1270499.0
17805,4067566.0
17806,4807746.0
17807,2364478.0
17808,3347767.0
17809,3351383.0
17810,1756069.0
17811,1999097.0
17812,3351383.0
17813,4100886.0
17814,3347767.0
17815,3004429.0
17816,5435276.0
17817,6313221.0
17818,5595267.0
17819,2390534.0
17820,2344689.0
17821,3745135.0
17822,3410878.0
17823,1619683.0
17824,3818055.0
17825,2018785.0
17826,1619683.0
17827,2551252.0
17828,1882131.0
17829,6782425.0
17830,1149870.0
17831,2021934.0
17832,3784230.0
17833,1999097.0
17834,1270499.0
17835,1619683.0
17836,1756069.0
17837,4882985.0
17838,2021934.0
17839,3410878.0
17840,2021934.0
17841,8213524.0
17842,3939804.0
17843,6412623.0
17844,6694797.0
17845,4491607.0
17846,4052733.0
17847,3447890.0
17848,8894598.0
17849,4052733.0
17850,1882131.0
17851,2732645.0
17852,6836483.0
17853,3452382.0
17854,4807746.0
17855,2097022.0
17856,3939804.0
17857,3778621.0
17858,7592272.0
17859,1756069.0
17860,2055379.0
17861,7592272.0
17862,1999097.0
17863,3347767.0
17864,4250758.0
17865,1149870.0
17866,4491607.0
17867,3347767.0
17868,4491607.0
17869,5595267.0
17870,5595267.0
17871,2055379.0
17872,4067566.0
17873,3004429.0
17874,4286645.0
17875,3410878.0
17876,3347767.0
17877,1756069.0
17878,1847826.0
17879,3445076.0
17880,5017319.0
17881,1149870.0
17882,2390534.0
17883,3248660.0
17884,3982767.0
17885,3218918.0
17886,3199619.0
17887,2267425.0
17888,3447890.0
17889,3745135.0
17890,5500818.0
17891,3426169.0
17892,2156098.0
17893,1904842.0
17894,3004429.0
17895,4952255.0
17896,7201784.0
17897,3778621.0
17898,3447890.0
17899,4155435.0
17900,4015749.0
17901,6412623.0
17902,3347767.0
17903,2525375.0
17904,3004429.0
17905,6923131.0
17906,1999097.0
17907,2993069.0
17908,4952255.0
17909,7217634.0
17910,2525375.0
17911,4250553.0
17912,3600467.0
17913,3780019.0
17914,3939804.0
17915,1619683.0
17916,2525375.0
17917,3248660.0
17918,3347767.0
17919,3982767.0
17920,3939804.0
17921,4780607.0
17922,2344689.0
17923,3956086.0
17924,7217634.0
17925,3778621.0
17926,7201784.0
17927,5337526.0
17928,2675511.0
17929,1882131.0
17930,5525735.0
17931,6941173.0
17932,6941173.0
17933,2525375.0
17934,2390534.0
17935,2344689.0
17936,3600467.0
17937,2267425.0
17938,2390534.0
17939,2025297.0
17940,1270499.0
17941,2018785.0
17942,6313221.0
17943,6313221.0
17944,3004429.0
17945,6941173.0
17946,3347767.0
17947,2097022.0
17948,1270499.0
17949,2267425.0
17950,2058644.0
17951,2018785.0
17952,3982767.0
17953,3028267.0
17954,1149870.0
17955,4350573.0
17956,2999068.0
17957,2390534.0
17958,2371202.0
17959,4015749.0
17960,3376145.0
17961,3004429.0
17962,2544857.0
17963,3982767.0
17964,5500818.0
17965,4052733.0
17966,3351383.0
17967,2675511.0
17968,1999097.0
17969,2021934.0
17970,4807746.0
17971,3956086.0
17972,2371202.0
17973,3445076.0
17974,3939804.0
17975,2021934.0
17976,3028267.0
17977,9652350.0
17978,3982767.0
17979,5653753.0
17980,7865428.0
17981,4015749.0
17982,4554237.0
17983,1149870.0
17984,1882131.0
17985,1763231.0
17986,3261924.0
17987,1847826.0
17988,2344689.0
17989,2344689.0
17990,1270499.0
17991,6412623.0
17992,3028267.0
17993,6363241.0
17994,1619683.0
17995,2097022.0
17996,6313221.0
17997,3939804.0
17998,2097022.0
17999,3410878.0
18000,6412623.0
18001,3351383.0
18002,3956086.0
18003,3351383.0
18004,2097022.0
18005,2021934.0
18006,3600467.0
18007,3410878.0
18008,4882985.0
18009,9262754.0
18010,2055379.0
18011,2525375.0
18012,3600467.0
18013,3347767.0
18014,2390534.0
18015,2544857.0
18016,9652350.0
18017,4705945.0
18018,1149870.0
18019,2364478.0
18020,1270499.0
18021,2993069.0
18022,3347767.0
18023,3004429.0
18024,2738052.0
18025,5525735.0
18026,1149870.0
18027,1149870.0
18028,4067566.0
18029,2732645.0
18030,5017319.0
18031,5166635.0
18032,3570392.0
18033,8904084.0
18034,1619683.0
18035,3778621.0
18036,2021934.0
18037,2267425.0
18038,2390534.0
18039,1270499.0
18040,5525735.0
18041,2390534.0
18042,3273041.0
18043,4467728.0
18044,3447890.0
18045,5337526.0
18046,3004429.0
18047,1763231.0
18048,1999097.0
18049,3351383.0
18050,2993069.0
18051,1999097.0
18052,2097022.0
18053,4250553.0
18054,3600467.0
18055,6923131.0
18056,2544857.0
18057,1882131.0
18058,2058644.0
18059,1734634.0
18060,4015749.0
18061,5525735.0
18062,3004429.0
18063,3426169.0
18064,1619683.0
18065,3347767.0
18066,7201784.0
18067,2732645.0
18068,3347767.0
18069,2058644.0
18070,3004429.0
18071,2097022.0
18072,2018785.0
18073,1756069.0
18074,4250758.0
18075,2021934.0
18076,6313221.0
18077,2544857.0
18078,1149870.0
18079,3956086.0
18080,2058644.0
18081,4250553.0
18082,2792031.0
18083,4467728.0
18084,3008199.0
18085,3836721.0
18086,1756069.0
18087,3410878.0
18088,6782425.0
18089,2021934.0
18090,3351383.0
18091,3982767.0
18092,2390534.0
18093,1756069.0
18094,7217634.0
18095,3445076.0
18096,2364478.0
18097,2156098.0
18098,5444227.0
18099,4705945.0
18100,7201784.0
18101,3939804.0
18102,3376145.0
18103,3600467.0
18104,3780019.0
18105,1270499.0
18106,2732645.0
18107,6923131.0
18108,3028267.0
18109,4264176.0
18110,2544857.0
18111,5461700.0
18112,1270499.0
18113,4554237.0
18114,3727364.0
18115,8904084.0
18116,3426169.0
18117,2390534.0
18118,3780019.0
18119,3939804.0
18120,2525375.0
18121,3004429.0
18122,5461700.0
18123,1619683.0
18124,3004429.0
18125,3351383.0
18126,3410878.0
18127,1619683.0
18128,1149870.0
18129,7592272.0
18130,1270499.0
18131,2544857.0
18132,6313221.0
18133,3004429.0
18134,3778621.0
18135,1904842.0
18136,4952255.0
18137,4554237.0
18138,3261924.0
18139,4807746.0
18140,3426169.0
18141,7495092.0
18142,4264176.0
18143,1619683.0
18144,2738052.0
18145,3410878.0
18146,5444227.0
18147,2732645.0
18148,6941173.0
18149,4705945.0
18150,2544857.0
18151,1882131.0
18152,2021934.0
18153,2732645.0
18154,1756069.0
18155,4705945.0
18156,1756069.0
18157,4350573.0
18158,1270499.0
18159,3028267.0
18160,2344689.0
18161,2344689.0
18162,3410878.0
18163,3780019.0
18164,2267425.0
18165,7217634.0
18166,1999097.0
18167,2018785.0
18168,2551252.0
18169,2344689.0
18170,4590423.0
18171,2055379.0
18172,3347767.0
18173,4015749.0
18174,6313221.0
18175,2018785.0
18176,3447890.0
18177,3347767.0
18178,5595267.0
18179,2344689.0
18180,2156098.0
18181,5595267.0
18182,1149870.0
18183,3261924.0
18184,3004429.0
18185,2390534.0
18186,2344689.0
18187,4052733.0
18188,7495092.0
18189,3347767.0
18190,2551252.0
18191,4067566.0
18192,6412623.0
18193,3753720.0
18194,6313221.0
18195,2156098.0
18196,3028267.0
18197,2954086.0
18198,1756069.0
18199,4316715.0
18200,3745135.0
18201,2021934.0
18202,3347767.0
18203,4807746.0
18204,3982767.0
18205,3780019.0
18206,2018785.0
18207,4052733.0
18208,2344689.0
18209,1619683.0
18210,5653753.0
18211,4491607.0
18212,2371202.0
18213,2058644.0
18214,3347767.0
18215,3426169.0
18216,4554237.0
18217,3410878.0
18218,1734634.0
18219,3004429.0
18220,2055379.0
18221,1734634.0
18222,1999097.0
18223,1149870.0
18224,2344689.0
18225,2025297.0
18226,3376145.0
18227,1756069.0
18228,7592272.0
18229,2344689.0
18230,3752885.0
18231,1756069.0
18232,4491607.0
18233,5337526.0
18234,2021934.0
18235,3956086.0
18236,3982767.0
18237,3351383.0
18238,4807746.0
18239,1619683.0
18240,1756069.0
18241,1882131.0
18242,2055379.0
18243,6412623.0
18244,4219263.0
18245,3004429.0
18246,4286645.0
18247,1149870.0
18248,3004429.0
18249,3939804.0
18250,3410878.0
18251,3426169.0
18252,3004429.0
18253,6694797.0
18254,2525375.0
18255,7201784.0
18256,1149870.0
18257,3004429.0
18258,4155435.0
18259,2058644.0
18260,4052733.0
18261,7201784.0
18262,4705945.0
18263,1999097.0
18264,6782425.0
18265,2344689.0
18266,1270499.0
18267,2344689.0
18268,5500818.0
18269,4888774.0
18270,3410878.0
18271,3258837.0
18272,3004429.0
18273,5595267.0
18274,3982767.0
18275,2055379.0
18276,1763231.0
18277,2390534.0
18278,2740687.0
18279,2344689.0
18280,3351383.0
18281,1619683.0
18282,6313221.0
18283,2025297.0
18284,1756069.0
18285,1999097.0
18286,2097022.0
18287,2083447.0
18288,1763231.0
18289,1619683.0
18290,1756069.0
18291,6836483.0
18292,2058644.0
18293,3445076.0
18294,6694797.0
18295,2021934.0
18296,5525735.0
18297,9262754.0
18298,1882131.0
18299,6313221.0
18300,4952255.0
18301,3426169.0
18302,6694797.0
18303,3347767.0
18304,2390534.0
18305,2097022.0
18306,2525375.0
18307,4066618.0
18308,1619683.0
18309,1904842.0
18310,3248660.0
18311,6941173.0
18312,3780019.0
18313,6694797.0
18314,2058644.0
18315,5500818.0
18316,4250553.0
18317,3778621.0
18318,2544857.0
18319,2551252.0
18320,3600467.0
18321,1270499.0
18322,5595267.0
18323,2267425.0
18324,4286645.0
18325,3347767.0
18326,3410878.0
18327,2018785.0
18328,5525735.0
18329,6694797.0
18330,9262754.0
18331,2097022.0
18332,3258837.0
18333,3004429.0
18334,1847826.0
18335,3258837.0
18336,7217634.0
18337,1149870.0
18338,2390534.0
18339,4590423.0
18340,1847826.0
18341,4590423.0
18342,1149870.0
18343,2792031.0
18344,4067566.0
18345,2083447.0
18346,3351383.0
18347,3956086.0
18348,3745135.0
18349,3745135.0
18350,2055379.0
18351,1270499.0
18352,5444227.0
18353,1756069.0
18354,6836483.0
18355,3600467.0
18356,4286645.0
18357,2383840.0
18358,3445076.0
18359,6923131.0
18360,1734634.0
18361,2344689.0
18362,4882985.0
18363,3600467.0
18364,2675511.0
18365,1734634.0
18366,4807746.0
18367,2018785.0
18368,1882131.0
18369,9652350.0
18370,3956086.0
18371,7592272.0
18372,2390534.0
18373,2018785.0
18374,5787594.0
18375,2544857.0
18376,2525375.0
18377,3351383.0
18378,3807496.0
18379,1999097.0
18380,2021934.0
18381,3028267.0
18382,2732645.0
18383,3351383.0
18384,7495092.0
18385,3410878.0
18386,3261924.0
18387,3351383.0
18388,1756069.0
18389,4316715.0
18390,1847826.0
18391,1149870.0
18392,4052733.0
18393,3347767.0
18394,2390534.0
18395,6923131.0
18396,3982767.0
18397,5435276.0
18398,5461700.0
18399,2018785.0
18400,9262754.0
18401,2344689.0
18402,2021934.0
18403,4052733.0
18404,3752885.0
18405,1149870.0
18406,3939804.0
18407,3004429.0
18408,2021934.0
18409,4052733.0
18410,2390534.0
18411,1149870.0
18412,2390534.0
18413,1847826.0
18414,5525735.0
18415,2675511.0
18416,2058644.0
18417,4250553.0
18418,5435276.0
18419,6363241.0
18420,2344689.0
18421,3939804.0
18422,4066618.0
18423,2551252.0
18424,2097022.0
18425,6941173.0
18426,6923131.0
18427,4350573.0
18428,4067566.0
18429,2993069.0
18430,3410878.0
18431,2025297.0
18432,6694797.0
18433,2018785.0
18434,6941173.0
18435,4807746.0
18436,3218918.0
18437,4052733.0
18438,4705945.0
18439,3410878.0
18440,5500818.0
18441,2018785.0
18442,4067566.0
18443,3351383.0
18444,4100886.0
18445,7217634.0
18446,2267425.0
18447,2344689.0
18448,2058644.0
18449,3836721.0
18450,2544857.0
18451,4554237.0
18452,4952255.0
18453,2055379.0
18454,3752885.0
18455,3903884.0
18456,2267425.0
18457,5787594.0
18458,3956086.0
18459,1149870.0
18460,2390534.0
18461,1904842.0
18462,2344689.0
18463,1756069.0
18464,3410878.0
18465,2344689.0
18466,4067566.0
18467,4066618.0
18468,1763231.0
18469,4491607.0
18470,4705945.0
18471,2738052.0
18472,5461700.0
18473,5906596.0
18474,4590423.0
18475,2021934.0
18476,1734634.0
18477,1882131.0
18478,1882131.0
18479,8213524.0
18480,2675511.0
18481,2021934.0
18482,3807496.0
18483,1149870.0
18484,1999097.0
18485,2018785.0
18486,3447890.0
18487,2344689.0
18488,1999097.0
18489,4705945.0
18490,3982767.0
18491,1270499.0
18492,6313221.0
18493,2364478.0
18494,2018785.0
18495,1999097.0
18496,3753720.0
18497,2097022.0
18498,4491607.0
18499,4491607.0
18500,8213524.0
18501,4554237.0
18502,2675511.0
18503,3982767.0
18504,2021934.0
18505,3727364.0
18506,3727364.0
18507,6923131.0
18508,7217634.0
18509,1149870.0
18510,1149870.0
18511,1619683.0
18512,1763231.0
18513,3752885.0
18514,4491607.0
18515,3410878.0
18516,4491607.0
18517,8213524.0
18518,5017319.0
18519,3807496.0
18520,2740687.0
18521,1756069.0
18522,3410878.0
18523,4316715.0
18524,1270499.0
18525,8213524.0
18526,2344689.0
18527,3600467.0
18528,3447890.0
18529,4705945.0
18530,3956086.0
18531,8213524.0
18532,1149870.0
18533,9652350.0
18534,4491607.0
18535,3600467.0
18536,3778621.0
18537,3982767.0
18538,2675511.0
18539,3376145.0
18540,2267425.0
18541,4067566.0
18542,3410878.0
18543,3347767.0
18544,2058644.0
18545,3218918.0
18546,4554237.0
18547,1756069.0
18548,2525375.0
18549,4250553.0
18550,7592272.0
18551,1619683.0
18552,2732645.0
18553,1619683.0
18554,4250758.0
18555,2058644.0
18556,3004429.0
18557,1270499.0
18558,7201784.0
18559,2267425.0
18560,2738052.0
18561,2055379.0
18562,4491607.0
18563,4067566.0
18564,1270499.0
18565,4052733.0
18566,6941173.0
18567,1756069.0
18568,3745135.0
18569,5337526.0
18570,2525375.0
18571,2025297.0
18572,4219263.0
18573,4067566.0
18574,7495092.0
18575,2675511.0
18576,3351383.0
18577,1149870.0
18578,1619683.0
18579,2993069.0
18580,3745135.0
18581,9652350.0
18582,1882131.0
18583,2021934.0
18584,5435276.0
18585,1999097.0
18586,4705945.0
18587,4350573.0
18588,3273041.0
18589,9262754.0
18590,1904842.0
18591,4705945.0
18592,2018785.0
18593,6363241.0
18594,2156098.0
18595,4067566.0
18596,1882131.0
18597,5461700.0
18598,4590423.0
18599,4780607.0
18600,4491607.0
18601,2390534.0
18602,1763231.0
18603,3410878.0
18604,3982767.0
18605,2097022.0
18606,2993069.0
18607,2267425.0
18608,3600467.0
18609,4807746.0
18610,6412623.0
18611,3600467.0
18612,2390534.0
18613,3351383.0
18614,8904084.0
18615,4350573.0
18616,3982767.0
18617,1270499.0
18618,8213524.0
18619,6694797.0
18620,3351383.0
18621,4807746.0
18622,4491607.0
18623,3982767.0
18624,7495092.0
18625,3745135.0
18626,2018785.0
18627,1904842.0
18628,2675511.0
18629,3376145.0
18630,4807746.0
18631,6694797.0
18632,2021934.0
18633,3836721.0
18634,6313221.0
18635,6836483.0
18636,2344689.0
18637,8213524.0
18638,1149870.0
18639,2097022.0
18640,4491607.0
18641,4067566.0
18642,6941173.0
18643,2525375.0
18644,4952255.0
18645,2675511.0
18646,3600467.0
18647,3347767.0
18648,2058644.0
18649,3745135.0
18650,3258837.0
18651,4052733.0
18652,3004429.0
18653,2551252.0
18654,3248660.0
18655,1904842.0
18656,5787594.0
18657,3258837.0
18658,4015749.0
18659,2021934.0
18660,1270499.0
18661,2544857.0
18662,2732645.0
18663,2675511.0
18664,7592272.0
18665,3347767.0
18666,2058644.0
18667,5500818.0
18668,2021934.0
18669,5461700.0
18670,3410878.0
18671,4264176.0
18672,5017319.0
18673,3745135.0
18674,2058644.0
18675,8213524.0
18676,5017319.0
18677,5787594.0
18678,3780019.0
18679,7495092.0
18680,2018785.0
18681,3004429.0
18682,1756069.0
18683,4316715.0
18684,1734634.0
18685,2544857.0
18686,1619683.0
18687,3447890.0
18688,4015749.0
18689,4952255.0
18690,2371202.0
18691,4952255.0
18692,3727364.0
18693,4780607.0
18694,2954086.0
18695,6694797.0
18696,6363241.0
18697,3426169.0
18698,2025297.0
18699,3004429.0
18700,3028267.0
18701,2371202.0
18702,3745135.0
18703,2390534.0
18704,3903884.0
18705,7865428.0
18706,8213524.0
18707,4250553.0
18708,1270499.0
18709,1270499.0
18710,4590423.0
18711,3807496.0
18712,3218918.0
18713,4015749.0
18714,4554237.0
18715,8213524.0
18716,4882985.0
18717,2021934.0
18718,3752885.0
18719,2058644.0
18720,2097022.0
18721,3452382.0
18722,6923131.0
18723,5595267.0
18724,2021934.0
18725,1149870.0
18726,9262754.0
18727,4219263.0
18728,2344689.0
18729,3376145.0
18730,7592272.0
18731,2525375.0
18732,4429512.0
18733,3982767.0
18734,3780019.0
18735,2058644.0
18736,4015749.0
18737,4491607.0
18738,4066618.0
18739,6313221.0
18740,2058644.0
18741,2344689.0
18742,6941173.0
18743,6923131.0
18744,7201784.0
18745,6782425.0
18746,2344689.0
18747,4467728.0
18748,2058644.0
18749,3447890.0
18750,3248660.0
18751,4250758.0
18752,4491607.0
18753,7201784.0
18754,5337526.0
18755,3004429.0
18756,4952255.0
18757,4316715.0
18758,6941173.0
18759,7865428.0
18760,4219263.0
18761,2097022.0
18762,3347767.0
18763,1999097.0
18764,3164972.0
18765,3273041.0
18766,6836483.0
18767,3351383.0
18768,2993069.0
18769,4491607.0
18770,4491607.0
18771,2344689.0
18772,4350573.0
18773,1999097.0
18774,2018785.0
18775,3426169.0
18776,2383840.0
18777,4250758.0
18778,7592272.0
18779,3447890.0
18780,1999097.0
18781,3261924.0
18782,3347767.0
18783,2018785.0
18784,6941173.0
18785,3745135.0
18786,4066618.0
18787,5966193.0
18788,1270499.0
18789,2156098.0
18790,2021934.0
18791,4155435.0
18792,3600467.0
18793,2021934.0
18794,2344689.0
18795,4286645.0
18796,2267425.0
18797,2344689.0
18798,3780019.0
18799,7201784.0
18800,2267425.0
18801,1149870.0
18802,2097022.0
18803,3199619.0
18804,3347767.0
18805,2021934.0
18806,1999097.0
18807,4952255.0
18808,5525735.0
18809,1149870.0
18810,2390534.0
18811,3836721.0
18812,2058644.0
18813,3447890.0
18814,3347767.0
18815,3780019.0
18816,2097022.0
18817,1756069.0
18818,2018785.0
18819,3426169.0
18820,5525735.0
18821,2738052.0
18822,5166635.0
18823,3004429.0
18824,1756069.0
18825,5595267.0
18826,3410878.0
18827,5525735.0
18828,1847826.0
18829,1999097.0
18830,2344689.0
18831,1756069.0
18832,3600467.0
18833,1756069.0
18834,6941173.0
18835,2097022.0
18836,2267425.0
18837,5595267.0
18838,2058644.0
18839,3745135.0
18840,1882131.0
18841,1270499.0
18842,2371202.0
18843,2344689.0
18844,6694797.0
18845,4590423.0
18846,4250553.0
18847,7201784.0
18848,2097022.0
18849,2018785.0
18850,1999097.0
18851,3939804.0
18852,8894598.0
18853,3600467.0
18854,4888774.0
18855,5500818.0
18856,5500818.0
18857,4100886.0
18858,2344689.0
18859,6923131.0
18860,2267425.0
18861,5595267.0
18862,5017319.0
18863,2344689.0
18864,3745135.0
18865,3956086.0
18866,2018785.0
18867,4491607.0
18868,3600467.0
18869,7865428.0
18870,4467728.0
18871,2371202.0
18872,4015749.0
18873,4066618.0
18874,3004429.0
18875,1149870.0
18876,4350573.0
18877,2083447.0
18878,3753720.0
18879,6941173.0
18880,2344689.0
18881,4554237.0
18882,4219263.0
18883,3956086.0
18884,1882131.0
18885,4491607.0
18886,3376145.0
18887,2021934.0
18888,4219263.0
18889,7201784.0
18890,2058644.0
18891,3351383.0
18892,2993069.0
18893,3410878.0
18894,3410878.0
18895,3600467.0
18896,2344689.0
18897,4052733.0
18898,1756069.0
18899,3426169.0
18900,2993069.0
18901,4316715.0
18902,2021934.0
18903,4250553.0
18904,6313221.0
18905,1619683.0
18906,1756069.0
18907,3745135.0
18908,3727364.0
18909,2018785.0
18910,3939804.0
18911,7865428.0
18912,3273041.0
18913,3410878.0
18914,4052733.0
18915,7217634.0
18916,4807746.0
18917,5595267.0
18918,3351383.0
18919,3004429.0
18920,2740687.0
18921,4491607.0
18922,4705945.0
18923,4250553.0
18924,2083447.0
18925,1882131.0
18926,3939804.0
18927,1999097.0
18928,2675511.0
18929,4052733.0
18930,2551252.0
18931,3447890.0
18932,3447890.0
18933,6836483.0
18934,3903884.0
18935,3600467.0
18936,1756069.0
18937,3956086.0
18938,3410878.0
18939,2055379.0
18940,2097022.0
18941,3956086.0
18942,2267425.0
18943,9262754.0
18944,3347767.0
18945,5525735.0
18946,2058644.0
18947,3028267.0
18948,2371202.0
18949,4554237.0
18950,5595267.0
18951,2675511.0
18952,4067566.0
18953,5906596.0
18954,1756069.0
18955,2383840.0
18956,2390534.0
18957,1270499.0
18958,2738052.0
18959,9652350.0
18960,3004429.0
18961,2993069.0
18962,1756069.0
18963,3745135.0
18964,1619683.0
18965,2371202.0
18966,2055379.0
18967,5337526.0
18968,4066618.0
18969,1847826.0
18970,2025297.0
18971,4015749.0
18972,3347767.0
18973,5595267.0
18974,4705945.0
18975,5017319.0
18976,2058644.0
18977,2993069.0
18978,2055379.0
18979,4350573.0
18980,2371202.0
18981,6836483.0
18982,1999097.0
18983,3818055.0
18984,3982767.0
18985,3903884.0
18986,1756069.0
18987,3426169.0
18988,2344689.0
18989,2544857.0
18990,2371202.0
18991,7592272.0
18992,6941173.0
18993,3004429.0
18994,8213524.0
18995,1999097.0
18996,1619683.0
18997,3939804.0
18998,2732645.0
18999,2675511.0
19000,3956086.0
19001,5500818.0
19002,4100886.0
19003,2364478.0
19004,3752885.0
19005,2551252.0
19006,3447890.0
19007,1270499.0
19008,1756069.0
19009,3351383.0
19010,1270499.0
19011,3004429.0
19012,3447890.0
19013,4100886.0
19014,2364478.0
19015,2544857.0
19016,5595267.0
19017,2732645.0
19018,3600467.0
19019,2021934.0
19020,3199619.0
19021,3410878.0
19022,4952255.0
19023,4590423.0
19024,1619683.0
19025,13575224.0
19026,2021934.0
19027,4250553.0
19028,2732645.0
19029,2097022.0
19030,2021934.0
19031,3982767.0
19032,4554237.0
19033,5906596.0
19034,9652350.0
19035,1756069.0
19036,3600467.0
19037,3258837.0
19038,3004429.0
19039,2058644.0
19040,3447890.0
19041,2390534.0
19042,3956086.0
19043,2344689.0
19044,6694797.0
19045,4467728.0
19046,2344689.0
19047,2792031.0
19048,4491607.0
19049,2993069.0
19050,5017319.0
19051,3164972.0
19052,3426169.0
19053,2025297.0
19054,3778621.0
19055,1619683.0
19056,6363241.0
19057,4807746.0
19058,3600467.0
19059,1882131.0
19060,8213524.0
19061,8894598.0
19062,2675511.0
19063,4554237.0
19064,3028267.0
19065,3939804.0
19066,2058644.0
19067,4780607.0
19068,3939804.0
19069,2055379.0
19070,5787594.0
19071,6836483.0
19072,6923131.0
19073,3939804.0
19074,2993069.0
19075,3351383.0
19076,2097022.0
19077,3745135.0
19078,3199619.0
19079,3376145.0
19080,2267425.0
19081,2025297.0
19082,3410878.0
19083,3351383.0
19084,4316715.0
19085,3004429.0
19086,4952255.0
19087,5787594.0
19088,1270499.0
19089,2525375.0
19090,3753720.0
19091,6313221.0
19092,4651866.0
19093,3426169.0
19094,1149870.0
19095,1882131.0
19096,5595267.0
19097,3939804.0
19098,9262754.0
19099,4467728.0
19100,2344689.0
19101,3982767.0
19102,3410878.0
19103,2097022.0
19104,2344689.0
19105,4052733.0
19106,2018785.0
19107,3004429.0
19108,3218918.0
19109,8904084.0
19110,3982767.0
19111,5525735.0
19112,4155435.0
19113,1270499.0
19114,8630682.0
19115,1619683.0
19116,1756069.0
19117,1149870.0
19118,3780019.0
19119,4264176.0
19120,3004429.0
19121,3351383.0
19122,4491607.0
19123,6694797.0
19124,2675511.0
19125,2525375.0
19126,1756069.0
19127,7201784.0
19128,2732645.0
19129,4491607.0
19130,1999097.0
19131,4136425.0
19132,1756069.0
19133,3778621.0
19134,1756069.0
19135,3351383.0
19136,4250553.0
19137,3780019.0
19138,2544857.0
19139,2344689.0
19140,4554237.0
19141,3351383.0
19142,4155435.0
19143,3982767.0
19144,3347767.0
19145,1847826.0
19146,6363241.0
19147,4052733.0
19148,1619683.0
19149,6941173.0
19150,3600467.0
19151,7201784.0
19152,1999097.0
19153,8213524.0
19154,5461700.0
19155,2018785.0
19156,2055379.0
19157,2083447.0
19158,7495092.0
19159,3351383.0
19160,4491607.0
19161,3426169.0
19162,2055379.0
19163,8213524.0
19164,4590423.0
19165,2344689.0
19166,5525735.0
19167,3426169.0
19168,3600467.0
19169,3258837.0
19170,3351383.0
19171,2732645.0
19172,5444227.0
19173,3347767.0
19174,4316715.0
19175,2344689.0
19176,3248660.0
19177,3752885.0
19178,8630682.0
19179,4780607.0
19180,5595267.0
19181,4491607.0
19182,3347767.0
19183,3600467.0
19184,9262754.0
19185,3836721.0
19186,2993069.0
19187,2267425.0
19188,1999097.0
19189,1149870.0
19190,6923131.0
19191,2097022.0
19192,2156098.0
19193,2058644.0
19194,3752885.0
19195,7865428.0
19196,3600467.0
19197,2058644.0
19198,2999068.0
19199,4067566.0
19200,1270499.0
19201,3410878.0
19202,3410878.0
19203,3347767.0
19204,3939804.0
19205,2267425.0
19206,4780607.0
19207,3836721.0
19208,1149870.0
19209,4429512.0
19210,3004429.0
19211,6313221.0
19212,2097022.0
19213,3939804.0
19214,3600467.0
19215,1270499.0
19216,4467728.0
19217,4264176.0
19218,2058644.0
19219,2058644.0
19220,1904842.0
19221,3004429.0
19222,6836483.0
19223,6313221.0
19224,3426169.0
19225,2999068.0
19226,1756069.0
19227,2954086.0
19228,4286645.0
19229,4250553.0
19230,6923131.0
19231,3028267.0
19232,3570392.0
19233,3347767.0
19234,1756069.0
19235,3248660.0
19236,2018785.0
19237,4491607.0
19238,2018785.0
19239,3780019.0
19240,1756069.0
19241,5595267.0
19242,4100886.0
19243,3028267.0
19244,2097022.0
19245,3956086.0
19246,6313221.0
19247,4219263.0
19248,3273041.0
19249,2390534.0
19250,2371202.0
19251,2732645.0
19252,3982767.0
19253,3939804.0
19254,3351383.0
19255,2021934.0
19256,1756069.0
19257,6941173.0
19258,3745135.0
19259,6923131.0
19260,3447890.0
19261,4350573.0
19262,7592272.0
19263,3028267.0
19264,3351383.0
19265,4780607.0
19266,2792031.0
19267,3410878.0
19268,3347767.0
19269,2058644.0
19270,3836721.0
19271,4491607.0
19272,1149870.0
19273,9262754.0
19274,2993069.0
19275,1882131.0
19276,7865428.0
19277,2344689.0
19278,4350573.0
19279,4491607.0
19280,3004429.0
19281,3351383.0
19282,5525735.0
19283,3351383.0
19284,3447890.0
19285,3347767.0
19286,3410878.0
19287,3410878.0
19288,3426169.0
19289,2025297.0
19290,1270499.0
19291,3727364.0
19292,8213524.0
19293,2999068.0
19294,2792031.0
19295,1270499.0
19296,3426169.0
19297,7201784.0
19298,2390534.0
19299,2058644.0
19300,2544857.0
19301,2675511.0
19302,2675511.0
19303,2344689.0
19304,3347767.0
19305,2156098.0
19306,3376145.0
19307,4250553.0
19308,3261924.0
19309,4350573.0
19310,3351383.0
19311,7592272.0
19312,3004429.0
19313,4066618.0
19314,3410878.0
19315,2055379.0
19316,1619683.0
19317,3273041.0
19318,4952255.0
19319,4952255.0
19320,3351383.0
19321,6363241.0
19322,7201784.0
19323,2018785.0
19324,9652350.0
19325,2732645.0
19326,1149870.0
19327,7201784.0
19328,3347767.0
19329,2097022.0
19330,3780019.0
19331,7495092.0
19332,3939804.0
19333,2344689.0
19334,1270499.0
19335,2390534.0
19336,4807746.0
19337,4316715.0
19338,3939804.0
19339,4316715.0
19340,3004429.0
19341,2954086.0
19342,3004429.0
19343,2732645.0
19344,3903884.0
19345,2544857.0
19346,7217634.0
19347,2097022.0
19348,4780607.0
19349,3752885.0
19350,2267425.0
19351,3745135.0
19352,2390534.0
19353,2792031.0
19354,3261924.0
19355,5653753.0
19356,5595267.0
19357,2083447.0
19358,6694797.0
19359,4554237.0
19360,4705945.0
19361,1999097.0
19362,1149870.0
19363,3248660.0
19364,2344689.0
19365,3199619.0
19366,3447890.0
19367,5461700.0
19368,1619683.0
19369,2954086.0
19370,3426169.0
19371,6923131.0
19372,3218918.0
19373,4780607.0
19374,2738052.0
19375,1149870.0
19376,1149870.0
19377,4155435.0
19378,4554237.0
19379,4952255.0
19380,1619683.0
19381,2390534.0
19382,2267425.0
19383,2018785.0
19384,1763231.0
19385,4067566.0
19386,9262754.0
19387,4590423.0
19388,5525735.0
19389,3248660.0
19390,2344689.0
19391,3836721.0
19392,1999097.0
19393,3347767.0
19394,2993069.0
19395,1999097.0
19396,4780607.0
19397,3426169.0
19398,2021934.0
19399,3836721.0
19400,3807496.0
19401,3004429.0
19402,6836483.0
19403,2738052.0
19404,3004429.0
19405,2344689.0
19406,2055379.0
19407,2544857.0
19408,5653753.0
19409,3600467.0
19410,5595267.0
19411,4015749.0
19412,2097022.0
19413,1619683.0
19414,3028267.0
19415,2021934.0
19416,1763231.0
19417,3956086.0
19418,2058644.0
19419,3351383.0
19420,3347767.0
19421,4491607.0
19422,2097022.0
19423,4067566.0
19424,5595267.0
19425,2055379.0
19426,1999097.0
19427,3807496.0
19428,5595267.0
19429,1882131.0
19430,5500818.0
19431,6836483.0
19432,3600467.0
19433,4066618.0
19434,5525735.0
19435,2675511.0
19436,1619683.0
19437,4316715.0
19438,2993069.0
19439,2156098.0
19440,4554237.0
19441,3347767.0
19442,6923131.0
19443,6412623.0
19444,2058644.0
19445,4250553.0
19446,6363241.0
19447,1756069.0
19448,5435276.0
19449,7865428.0
19450,2058644.0
19451,4554237.0
19452,1847826.0
19453,2058644.0
19454,2525375.0
19455,2792031.0
19456,4066618.0
19457,5595267.0
19458,2344689.0
19459,6694797.0
19460,2021934.0
19461,2021934.0
19462,2544857.0
19463,3410878.0
19464,2344689.0
19465,4590423.0
19466,3982767.0
19467,4250758.0
19468,2390534.0
19469,7495092.0
19470,5500818.0
19471,2021934.0
19472,2344689.0
19473,2021934.0
19474,5906596.0
19475,2097022.0
19476,2999068.0
19477,3347767.0
19478,1999097.0
19479,5500818.0
19480,3807496.0
19481,3982767.0
19482,1882131.0
19483,1756069.0
19484,3600467.0
19485,6694797.0
19486,3426169.0
19487,3752885.0
19488,4350573.0
19489,3426169.0
19490,1882131.0
19491,3939804.0
19492,1999097.0
19493,2021934.0
19494,7592272.0
19495,3727364.0
19496,7217634.0
19497,2344689.0
19498,1999097.0
19499,2390534.0
19500,1270499.0
19501,1270499.0
19502,2792031.0
19503,7217634.0
19504,2525375.0
19505,4250758.0
19506,3426169.0
19507,2156098.0
19508,3199619.0
19509,1999097.0
19510,1999097.0
19511,1270499.0
19512,1999097.0
19513,4052733.0
19514,2364478.0
19515,3752885.0
19516,1619683.0
19517,3258837.0
19518,2344689.0
19519,4429512.0
19520,4350573.0
19521,1619683.0
19522,5595267.0
19523,3939804.0
19524,3600467.0
19525,4350573.0
19526,2344689.0
19527,2267425.0
19528,3218918.0
19529,2025297.0
19530,4067566.0
19531,3600467.0
19532,3351383.0
19533,2344689.0
19534,1734634.0
19535,2344689.0
19536,4491607.0
19537,4155435.0
19538,4491607.0
19539,6923131.0
19540,2344689.0
19541,6941173.0
19542,3447890.0
19543,2058644.0
19544,2055379.0
19545,2156098.0
19546,6694797.0
19547,2792031.0
19548,2055379.0
19549,6313221.0
19550,3445076.0
19551,3410878.0
19552,2344689.0
19553,1619683.0
19554,2018785.0
19555,4467728.0
19556,2792031.0
19557,6694797.0
19558,2018785.0
19559,5461700.0
19560,5906596.0
19561,8894598.0
19562,2025297.0
19563,3426169.0
19564,4219263.0
19565,6313221.0
19566,3004429.0
19567,4780607.0
19568,5595267.0
19569,3939804.0
19570,4350573.0
19571,1756069.0
19572,3939804.0
19573,7201784.0
19574,2675511.0
19575,1882131.0
19576,3410878.0
19577,2551252.0
19578,8213524.0
19579,3218918.0
19580,2156098.0
19581,2021934.0
19582,3836721.0
19583,4590423.0
19584,2018785.0
19585,2058644.0
19586,6941173.0
19587,6782425.0
19588,2551252.0
19589,3752885.0
19590,4067566.0
19591,2792031.0
19592,3351383.0
19593,4554237.0
19594,1882131.0
19595,4429512.0
19596,2551252.0
19597,2055379.0
19598,3028267.0
19599,1999097.0
19600,3347767.0
19601,8213524.0
19602,4015749.0
19603,3447890.0
19604,4590423.0
19605,1847826.0
19606,2021934.0
19607,2344689.0
19608,5017319.0
19609,7495092.0
19610,2390534.0
19611,4015749.0
19612,3752885.0
19613,2390534.0
19614,3004429.0
19615,1619683.0
19616,2097022.0
19617,5161370.0
19618,4015749.0
19619,1847826.0
19620,2156098.0
19621,4052733.0
19622,6694797.0
19623,7201784.0
19624,3410878.0
19625,3347767.0
19626,1149870.0
19627,3347767.0
19628,4015749.0
19629,2738052.0
19630,3351383.0
19631,2021934.0
19632,1847826.0
19633,3447890.0
19634,5017319.0
19635,1882131.0
19636,6694797.0
19637,8213524.0
19638,2083447.0
19639,7592272.0
19640,5595267.0
19641,4219263.0
19642,3727364.0
19643,4807746.0
19644,2267425.0
19645,4491607.0
19646,1756069.0
19647,1904842.0
19648,3004429.0
19649,4491607.0
19650,6694797.0
19651,3745135.0
19652,2390534.0
19653,1999097.0
19654,3410878.0
19655,3351383.0
19656,2525375.0
19657,4350573.0
19658,2344689.0
19659,4467728.0
19660,3982767.0
19661,4286645.0
19662,2525375.0
19663,8213524.0
19664,5444227.0
19665,5461700.0
19666,2097022.0
19667,1270499.0
19668,3347767.0
19669,3273041.0
19670,2021934.0
19671,5444227.0
19672,1756069.0
19673,2344689.0
19674,2390534.0
19675,2021934.0
19676,4219263.0
19677,7217634.0
19678,8213524.0
19679,7201784.0
19680,3347767.0
19681,2058644.0
19682,3836721.0
19683,4888774.0
19684,4067566.0
19685,3008199.0
19686,3727364.0
19687,1882131.0
19688,6313221.0
19689,4155435.0
19690,3956086.0
19691,2018785.0
19692,4952255.0
19693,4554237.0
19694,1619683.0
19695,4780607.0
19696,5017319.0
19697,2021934.0
19698,7865428.0
19699,3351383.0
19700,4052733.0
19701,1999097.0
19702,2058644.0
19703,1149870.0
19704,5595267.0
19705,4250758.0
19706,2738052.0
19707,5595267.0
19708,3447890.0
19709,3780019.0
19710,5286212.0
19711,2792031.0
19712,2993069.0
19713,1763231.0
19714,3745135.0
19715,3351383.0
19716,3004429.0
19717,3004429.0
19718,2025297.0
19719,2021934.0
19720,9652350.0
19721,2675511.0
19722,1763231.0
19723,2675511.0
19724,3351383.0
19725,6923131.0
19726,3347767.0
19727,3351383.0
19728,2021934.0
19729,1756069.0
19730,4705945.0
19731,1756069.0
19732,3452382.0
19733,5595267.0
19734,2156098.0
19735,1999097.0
19736,2390534.0
19737,2954086.0
19738,1619683.0
19739,1619683.0
19740,3028267.0
19741,2390534.0
19742,2544857.0
19743,4491607.0
19744,3778621.0
19745,3351383.0
19746,1619683.0
19747,7217634.0
19748,4467728.0
19749,7592272.0
19750,3600467.0
19751,2058644.0
19752,3258837.0
19753,1734634.0
19754,4554237.0
19755,3745135.0
19756,1882131.0
19757,2544857.0
19758,2954086.0
19759,3600467.0
19760,2390534.0
19761,3939804.0
19762,4491607.0
19763,1270499.0
19764,3600467.0
19765,5166635.0
19766,2055379.0
19767,3410878.0
19768,4100886.0
19769,1904842.0
19770,1756069.0
19771,5166635.0
19772,2021934.0
19773,1763231.0
19774,2097022.0
19775,2544857.0
19776,6941173.0
19777,9262754.0
19778,6363241.0
19779,3004429.0
19780,3410878.0
19781,1149870.0
19782,1999097.0
19783,2344689.0
19784,2344689.0
19785,7865428.0
19786,4952255.0
19787,4491607.0
19788,3956086.0
19789,6313221.0
19790,2058644.0
19791,1999097.0
19792,1999097.0
19793,3570392.0
19794,3347767.0
19795,4888774.0
19796,2390534.0
19797,3410878.0
19798,4219263.0
19799,2551252.0
19800,1847826.0
19801,7217634.0
19802,9262754.0
19803,5966193.0
19804,1619683.0
19805,3028267.0
19806,7217634.0
19807,3600467.0
19808,4250553.0
19809,4467728.0
19810,2732645.0
19811,8213524.0
19812,6313221.0
19813,2344689.0
19814,1999097.0
19815,4491607.0
19816,5906596.0
19817,4350573.0
19818,1882131.0
19819,3956086.0
19820,2344689.0
19821,3752885.0
19822,4554237.0
19823,1149870.0
19824,4219263.0
19825,2021934.0
19826,5166635.0
19827,6694797.0
19828,7592272.0
19829,6313221.0
19830,6941173.0
19831,3727364.0
19832,4952255.0
19833,2675511.0
19834,2025297.0
19835,4554237.0
19836,3004429.0
19837,2344689.0
19838,2544857.0
19839,6412623.0
19840,4100886.0
19841,5525735.0
19842,2344689.0
19843,3600467.0
19844,2058644.0
19845,2267425.0
19846,4067566.0
19847,1619683.0
19848,8904084.0
19849,2544857.0
19850,7217634.0
19851,1619683.0
19852,4250758.0
19853,1847826.0
19854,1756069.0
19855,3004429.0
19856,2525375.0
19857,4888774.0
19858,1756069.0
19859,2156098.0
19860,2097022.0
19861,2732645.0
19862,5435276.0
19863,2675511.0
19864,7592272.0
19865,2993069.0
19866,3028267.0
19867,2344689.0
19868,2390534.0
19869,3600467.0
19870,2097022.0
19871,1756069.0
19872,2344689.0
19873,8904084.0
19874,1270499.0
19875,7217634.0
19876,7592272.0
19877,5595267.0
19878,2344689.0
19879,3347767.0
19880,1999097.0
19881,2097022.0
19882,3347767.0
19883,3426169.0
19884,1149870.0
19885,6941173.0
19886,2999068.0
19887,2055379.0
19888,3982767.0
19889,3745135.0
19890,1270499.0
19891,3600467.0
19892,2525375.0
19893,4015749.0
19894,6941173.0
19895,3199619.0
19896,3778621.0
19897,7495092.0
19898,6313221.0
19899,7592272.0
19900,1999097.0
19901,7865428.0
19902,2383840.0
19903,2732645.0
19904,3347767.0
19905,3347767.0
19906,4780607.0
19907,2390534.0
19908,5595267.0
19909,4250553.0
19910,1756069.0
19911,4491607.0
19912,2344689.0
19913,6941173.0
19914,2025297.0
19915,3727364.0
19916,13575224.0
19917,2544857.0
19918,3273041.0
19919,7217634.0
19920,5525735.0
19921,4316715.0
19922,2390534.0
19923,2525375.0
19924,3956086.0
19925,3780019.0
19926,7592272.0
19927,2675511.0
19928,4052733.0
19929,2999068.0
19930,2732645.0
19931,1149870.0
19932,3376145.0
19933,2058644.0
19934,4882985.0
19935,4888774.0
19936,3982767.0
19937,2344689.0
19938,2390534.0
19939,3248660.0
19940,6363241.0
19941,2390534.0
19942,2025297.0
19943,8213524.0
19944,3261924.0
19945,2058644.0
19946,4316715.0
19947,4052733.0
19948,4067566.0
19949,1734634.0
19950,5906596.0
19951,1847826.0
19952,6923131.0
19953,3199619.0
19954,5595267.0
19955,2156098.0
19956,1619683.0
19957,4219263.0
19958,2344689.0
19959,8213524.0
19960,2018785.0
19961,5595267.0
19962,4015749.0
19963,3199619.0
19964,4052733.0
19965,4705945.0
19966,3028267.0
19967,2390534.0
19968,2058644.0
19969,1270499.0
19970,5444227.0
19971,2371202.0
19972,2021934.0
19973,2344689.0
19974,1619683.0
19975,6694797.0
19976,2551252.0
19977,1149870.0
19978,8630682.0
19979,5500818.0
19980,2156098.0
19981,4015749.0
19982,2018785.0
19983,6694797.0
19984,4952255.0
19985,4554237.0
19986,3410878.0
19987,1999097.0
19988,3351383.0
19989,4264176.0
19990,2993069.0
19991,6313221.0
19992,1763231.0
19993,5525735.0
19994,6694797.0
19995,1999097.0
19996,3351383.0
19997,3004429.0
19998,2544857.0
19999,2544857.0
20000,3600467.0
20001,1619683.0
20002,3939804.0
20003,4015749.0
20004,3745135.0
20005,3258837.0
20006,1270499.0
20007,3727364.0
20008,4590423.0
20009,2738052.0
20010,3752885.0
20011,3600467.0
20012,3982767.0
20013,2390534.0
20014,2018785.0
20015,4264176.0
20016,1882131.0
20017,1619683.0
20018,5166635.0
20019,6313221.0
20020,1756069.0
20021,2525375.0
20022,2021934.0
20023,3199619.0
20024,8213524.0
20025,6694797.0
20026,1619683.0
20027,7201784.0
20028,2993069.0
20029,6941173.0
20030,3836721.0
20031,6412623.0
20032,3351383.0
20033,9262754.0
20034,4952255.0
20035,5595267.0
20036,2999068.0
20037,2021934.0
20038,4590423.0
20039,3752885.0
20040,3347767.0
20041,3600467.0
20042,2390534.0
20043,1999097.0
20044,3376145.0
20045,2675511.0
20046,2390534.0
20047,4590423.0
20048,16549064.0
20049,7592272.0
20050,1619683.0
20051,5595267.0
20052,2018785.0
20053,4250553.0
20054,3008199.0
20055,9262754.0
20056,2525375.0
20057,6363241.0
20058,4590423.0
20059,1619683.0
20060,4491607.0
20061,1270499.0
20062,2344689.0
20063,1270499.0
20064,2525375.0
20065,3028267.0
20066,3410878.0
20067,2544857.0
20068,1149870.0
20069,8213524.0
20070,3273041.0
20071,3008199.0
20072,4015749.0
20073,2364478.0
20074,1882131.0
20075,6941173.0
20076,2993069.0
20077,1619683.0
20078,3351383.0
20079,5444227.0
20080,2551252.0
20081,4429512.0
20082,4491607.0
20083,3807496.0
20084,9262754.0
20085,3008199.0
20086,2364478.0
20087,1270499.0
20088,2267425.0
20089,3982767.0
20090,6412623.0
20091,3004429.0
20092,3982767.0
20093,1763231.0
20094,1763231.0
20095,9262754.0
20096,3410878.0
20097,4554237.0
20098,3410878.0
20099,2058644.0
20100,7217634.0
20101,1847826.0
20102,6363241.0
20103,1999097.0
20104,2025297.0
20105,1999097.0
20106,3347767.0
20107,3410878.0
20108,4316715.0
20109,3261924.0
20110,13575224.0
20111,2156098.0
20112,3004429.0
20113,3258837.0
20114,4705945.0
20115,8894598.0
20116,1999097.0
20117,3426169.0
20118,2732645.0
20119,3347767.0
20120,3376145.0
20121,4554237.0
20122,3784230.0
20123,1999097.0
20124,3426169.0
20125,6313221.0
20126,2344689.0
20127,2738052.0
20128,2344689.0
20129,4286645.0
20130,5337526.0
20131,3447890.0
20132,7495092.0
20133,6941173.0
20134,1882131.0
20135,4264176.0
20136,5461700.0
20137,1270499.0
20138,2390534.0
20139,2058644.0
20140,3447890.0
20141,6782425.0
20142,3956086.0
20143,4554237.0
20144,3752885.0
20145,2097022.0
20146,4705945.0
20147,3745135.0
20148,3347767.0
20149,4554237.0
20150,2371202.0
20151,2021934.0
20152,6313221.0
20153,1270499.0
20154,4066618.0
20155,2021934.0
20156,3939804.0
20157,3956086.0
20158,2058644.0
20159,3199619.0
20160,6313221.0
20161,4052733.0
20162,8213524.0
20163,2267425.0
20164,1756069.0
20165,5906596.0
20166,2021934.0
20167,4052733.0
20168,6363241.0
20169,3410878.0
20170,3004429.0
20171,4067566.0
20172,4136425.0
20173,5286212.0
20174,3600467.0
20175,4491607.0
20176,1756069.0
20177,3600467.0
20178,6313221.0
20179,2390534.0
20180,3836721.0
20181,2018785.0
20182,8213524.0
20183,2732645.0
20184,3982767.0
20185,6923131.0
20186,3410878.0
20187,4066618.0
20188,2267425.0
20189,8213524.0
20190,4888774.0
20191,2544857.0
20192,5435276.0
20193,4250553.0
20194,1999097.0
20195,3273041.0
20196,3199619.0
20197,3600467.0
20198,6363241.0
20199,2097022.0
20200,6363241.0
20201,4015749.0
20202,2097022.0
20203,1999097.0
20204,8213524.0
20205,5166635.0
20206,5500818.0
20207,3447890.0
20208,4807746.0
20209,6836483.0
20210,6313221.0
20211,2058644.0
20212,2156098.0
20213,3028267.0
20214,3410878.0
20215,6836483.0
20216,6836483.0
20217,2025297.0
20218,1619683.0
20219,1999097.0
20220,2993069.0
20221,2993069.0
20222,1847826.0
20223,3410878.0
20224,1756069.0
20225,2544857.0
20226,3248660.0
20227,6412623.0
20228,3447890.0
20229,4219263.0
20230,8213524.0
20231,4015749.0
20232,4250553.0
20233,4052733.0
20234,7592272.0
20235,3004429.0
20236,6313221.0
20237,3258837.0
20238,3347767.0
20239,3752885.0
20240,6836483.0
20241,2792031.0
20242,1149870.0
20243,3004429.0
20244,3807496.0
20245,7592272.0
20246,4136425.0
20247,1619683.0
20248,7495092.0
20249,2390534.0
20250,6836483.0
20251,2551252.0
20252,3199619.0
20253,6941173.0
20254,3426169.0
20255,7592272.0
20256,2021934.0
20257,3004429.0
20258,3248660.0
20259,1149870.0
20260,1999097.0
20261,3727364.0
20262,1847826.0
20263,5500818.0
20264,3982767.0
20265,7865428.0
20266,1882131.0
20267,7495092.0
20268,1756069.0
20269,3258837.0
20270,2344689.0
20271,3351383.0
20272,3347767.0
20273,2025297.0
20274,3273041.0
20275,3004429.0
20276,3028267.0
20277,4263629.0
20278,2738052.0
20279,3410878.0
20280,1734634.0
20281,1847826.0
20282,1756069.0
20283,3347767.0
20284,4286645.0
20285,1763231.0
20286,1619683.0
20287,1763231.0
20288,1270499.0
20289,4264176.0
20290,1999097.0
20291,3445076.0
20292,6836483.0
20293,4052733.0
20294,4491607.0
20295,2344689.0
20296,5444227.0
20297,2371202.0
20298,7592272.0
20299,3347767.0
20300,4952255.0
20301,3727364.0
20302,8213524.0
20303,1270499.0
20304,1756069.0
20305,4250758.0
20306,4491607.0
20307,8904084.0
20308,3600467.0
20309,2058644.0
20310,3745135.0
20311,2525375.0
20312,3745135.0
20313,5017319.0
20314,3410878.0
20315,3939804.0
20316,3780019.0
20317,3939804.0
20318,1999097.0
20319,2344689.0
20320,2097022.0
20321,3903884.0
20322,1149870.0
20323,4705945.0
20324,4952255.0
20325,2371202.0
20326,7217634.0
20327,3982767.0
20328,3351383.0
20329,3261924.0
20330,3939804.0
20331,5653753.0
20332,9652350.0
20333,1999097.0
20334,2993069.0
20335,2364478.0
20336,3410878.0
20337,2018785.0
20338,4066618.0
20339,4066618.0
20340,2732645.0
20341,1882131.0
20342,2021934.0
20343,2097022.0
20344,1270499.0
20345,3836721.0
20346,3351383.0
20347,4250553.0
20348,4015749.0
20349,3727364.0
20350,6313221.0
20351,1734634.0
20352,2021934.0
20353,3752885.0
20354,1756069.0
20355,5595267.0
20356,5525735.0
20357,3410878.0
20358,2018785.0
20359,4350573.0
20360,6313221.0
20361,1270499.0
20362,3745135.0
20363,1904842.0
20364,1999097.0
20365,1999097.0
20366,2058644.0
20367,3939804.0
20368,6694797.0
20369,1999097.0
20370,4316715.0
20371,2058644.0
20372,5161370.0
20373,3982767.0
20374,4316715.0
20375,3956086.0
20376,2675511.0
20377,3410878.0
20378,4250553.0
20379,2055379.0
20380,4015749.0
20381,1619683.0
20382,6941173.0
20383,3982767.0
20384,2738052.0
20385,3447890.0
20386,4316715.0
20387,4429512.0
20388,6836483.0
20389,4491607.0
20390,3426169.0
20391,2954086.0
20392,2097022.0
20393,1999097.0
20394,3752885.0
20395,8213524.0
20396,2055379.0
20397,4250553.0
20398,1756069.0
20399,6836483.0
20400,3248660.0
20401,5906596.0
20402,4100886.0
20403,2993069.0
20404,3347767.0
20405,2021934.0
20406,6941173.0
20407,1149870.0
20408,2097022.0
20409,3780019.0
20410,1999097.0
20411,1847826.0
20412,4780607.0
20413,7865428.0
20414,3004429.0
20415,3727364.0
20416,2021934.0
20417,2344689.0
20418,3004429.0
20419,2156098.0
20420,4467728.0
20421,2344689.0
20422,5444227.0
20423,3258837.0
20424,4015749.0
20425,6941173.0
20426,2344689.0
20427,1999097.0
20428,7592272.0
20429,1882131.0
20430,2055379.0
20431,4316715.0
20432,7495092.0
20433,3778621.0
20434,2021934.0
20435,2371202.0
20436,2018785.0
20437,4882985.0
20438,3347767.0
20439,4250553.0
20440,1270499.0
20441,4888774.0
20442,5166635.0
20443,3939804.0
20444,3903884.0
20445,2018785.0
20446,6313221.0
20447,4554237.0
20448,4316715.0
20449,3351383.0
20450,3939804.0
20451,7592272.0
20452,3570392.0
20453,4052733.0
20454,3982767.0
20455,1619683.0
20456,2954086.0
20457,2383840.0
20458,8213524.0
20459,6412623.0
20460,1847826.0
20461,6412623.0
20462,3778621.0
20463,1904842.0
20464,1619683.0
20465,7495092.0
20466,6941173.0
20467,6412623.0
20468,2551252.0
20469,2083447.0
20470,5525735.0
20471,1999097.0
20472,5525735.0
20473,8213524.0
20474,6941173.0
20475,1756069.0
20476,1999097.0
20477,6313221.0
20478,4100886.0
20479,4888774.0
20480,3410878.0
20481,4067566.0
20482,6694797.0
20483,5787594.0
20484,3939804.0
20485,13575224.0
20486,3248660.0
20487,4491607.0
20488,2371202.0
20489,5500818.0
20490,8904084.0
20491,5500818.0
20492,3347767.0
20493,4952255.0
20494,1619683.0
20495,1999097.0
20496,1763231.0
20497,2383840.0
20498,2344689.0
20499,4952255.0
20500,3752885.0
20501,3218918.0
20502,8213524.0
20503,4554237.0
20504,5787594.0
20505,2097022.0
20506,4052733.0
20507,3347767.0
20508,3600467.0
20509,2792031.0
20510,2999068.0
20511,3745135.0
20512,3347767.0
20513,9652350.0
20514,4067566.0
20515,2792031.0
20516,2344689.0
20517,1756069.0
20518,3351383.0
20519,2738052.0
20520,3004429.0
20521,6836483.0
20522,2018785.0
20523,4888774.0
20524,2551252.0
20525,2551252.0
20526,3347767.0
20527,2055379.0
20528,3258837.0
20529,1999097.0
20530,3939804.0
20531,7201784.0
20532,3004429.0
20533,6836483.0
20534,4250553.0
20535,5906596.0
20536,8213524.0
20537,2055379.0
20538,3028267.0
20539,1999097.0
20540,2018785.0
20541,1756069.0
20542,5017319.0
20543,3351383.0
20544,2021934.0
20545,2390534.0
20546,2675511.0
20547,1619683.0
20548,2055379.0
20549,9262754.0
20550,3028267.0
20551,4316715.0
20552,2058644.0
20553,3347767.0
20554,4467728.0
20555,4952255.0
20556,1149870.0
20557,7217634.0
20558,5337526.0
20559,3780019.0
20560,4136425.0
20561,3447890.0
20562,2267425.0
20563,4705945.0
20564,2390534.0
20565,2021934.0
20566,5444227.0
20567,1270499.0
20568,2525375.0
20569,6363241.0
20570,2732645.0
20571,3752885.0
20572,1999097.0
20573,4067566.0
20574,3903884.0
20575,1149870.0
20576,3248660.0
20577,9262754.0
20578,1756069.0
20579,4067566.0
20580,1619683.0
20581,5337526.0
20582,3426169.0
20583,8213524.0
20584,6836483.0
20585,4780607.0
20586,1847826.0
20587,2267425.0
20588,4467728.0
20589,1882131.0
20590,2055379.0
20591,5525735.0
20592,1734634.0
20593,1270499.0
20594,2018785.0
20595,3778621.0
20596,4155435.0
20597,3004429.0
20598,3447890.0
20599,2383840.0
20600,2732645.0
20601,2344689.0
20602,2999068.0
20603,4066618.0
20604,4780607.0
20605,2055379.0
20606,2156098.0
20607,2738052.0
20608,2018785.0
20609,4264176.0
20610,3004429.0
20611,4067566.0
20612,7592272.0
20613,1882131.0
20614,7592272.0
20615,3258837.0
20616,4219263.0
20617,3600467.0
20618,5525735.0
20619,1882131.0
20620,4219263.0
20621,4052733.0
20622,3410878.0
20623,4952255.0
20624,3410878.0
20625,1270499.0
20626,6412623.0
20627,2097022.0
20628,2021934.0
20629,8213524.0
20630,2344689.0
20631,5595267.0
20632,2344689.0
20633,1270499.0
20634,3261924.0
20635,1847826.0
20636,3347767.0
20637,3939804.0
20638,2544857.0
20639,1149870.0
20640,4250553.0
20641,6313221.0
20642,3410878.0
20643,2267425.0
20644,2740687.0
20645,6412623.0
20646,3351383.0
20647,2267425.0
20648,1882131.0
20649,2018785.0
20650,5966193.0
20651,3347767.0
20652,3939804.0
20653,7217634.0
20654,3028267.0
20655,3004429.0
20656,3982767.0
20657,2344689.0
20658,1756069.0
20659,2021934.0
20660,4952255.0
20661,4467728.0
20662,1999097.0
20663,3727364.0
20664,4250553.0
20665,2058644.0
20666,1619683.0
20667,5525735.0
20668,4491607.0
20669,2390534.0
20670,2267425.0
20671,2344689.0
20672,6412623.0
20673,2390534.0
20674,6941173.0
20675,1847826.0
20676,5017319.0
20677,9652350.0
20678,2097022.0
20679,3351383.0
20680,2738052.0
20681,3273041.0
20682,3410878.0
20683,4780607.0
20684,4491607.0
20685,3903884.0
20686,4952255.0
20687,3164972.0
20688,1999097.0
20689,3426169.0
20690,4467728.0
20691,1270499.0
20692,2055379.0
20693,3028267.0
20694,5017319.0
20695,2058644.0
20696,2344689.0
20697,2018785.0
20698,2055379.0
20699,2344689.0
20700,6313221.0
20701,3982767.0
20702,2544857.0
20703,2055379.0
20704,4015749.0
20705,3570392.0
20706,3351383.0
20707,3347767.0
20708,8904084.0
20709,6941173.0
20710,7865428.0
20711,4780607.0
20712,3807496.0
20713,6412623.0
20714,4250553.0
20715,3982767.0
20716,1756069.0
20717,4952255.0
20718,2732645.0
20719,1847826.0
20720,3004429.0
20721,3261924.0
20722,4067566.0
20723,1882131.0
20724,3445076.0
20725,3778621.0
20726,3351383.0
20727,2732645.0
20728,4250758.0
20729,2390534.0
20730,3347767.0
20731,3956086.0
20732,5525735.0
20733,4052733.0
20734,2267425.0
20735,8213524.0
20736,3600467.0
20737,4952255.0
20738,2732645.0
20739,3445076.0
20740,5787594.0
20741,1763231.0
20742,2058644.0
20743,4066618.0
20744,3745135.0
20745,5500818.0
20746,3600467.0
20747,3956086.0
20748,6923131.0
20749,1149870.0
20750,3351383.0
20751,3836721.0
20752,1847826.0
20753,3004429.0
20754,3004429.0
20755,1882131.0
20756,3410878.0
20757,4263629.0
20758,1756069.0
20759,8213524.0
20760,16549064.0
20761,6836483.0
20762,7201784.0
20763,1756069.0
20764,2390534.0
20765,2792031.0
20766,1619683.0
20767,4882985.0
20768,5525735.0
20769,4263629.0
20770,6941173.0
20771,4264176.0
20772,1999097.0
20773,3273041.0
20774,2344689.0
20775,2097022.0
20776,3982767.0
20777,6313221.0
20778,3199619.0
20779,4219263.0
20780,1619683.0
20781,6941173.0
20782,3351383.0
20783,2097022.0
20784,8904084.0
20785,1999097.0
20786,2675511.0
20787,2999068.0
20788,4316715.0
20789,3836721.0
20790,1270499.0
20791,4467728.0
20792,2021934.0
20793,4264176.0
20794,6836483.0
20795,2344689.0
20796,3004429.0
20797,2344689.0
20798,1149870.0
20799,6363241.0
20800,2390534.0
20801,4952255.0
20802,4155435.0
20803,5500818.0
20804,4705945.0
20805,2021934.0
20806,2544857.0
20807,3004429.0
20808,2525375.0
20809,3199619.0
20810,2018785.0
20811,6412623.0
20812,3452382.0
20813,7201784.0
20814,6836483.0
20815,3956086.0
20816,2097022.0
20817,3600467.0
20818,1882131.0
20819,2344689.0
20820,4467728.0
20821,1904842.0
20822,2344689.0
20823,3258837.0
20824,2021934.0
20825,2675511.0
20826,4316715.0
20827,1756069.0
20828,7495092.0
20829,6363241.0
20830,3258837.0
20831,4491607.0
20832,3600467.0
20833,5166635.0
20834,4264176.0
20835,1904842.0
20836,9652350.0
20837,3410878.0
20838,3410878.0
20839,5435276.0
20840,2738052.0
20841,6313221.0
20842,2732645.0
20843,2954086.0
20844,3028267.0
20845,2344689.0
20846,7217634.0
20847,5906596.0
20848,1149870.0
20849,1999097.0
20850,4052733.0
20851,2551252.0
20852,2058644.0
20853,3727364.0
20854,4350573.0
20855,2021934.0
20856,4350573.0
20857,3004429.0
20858,1763231.0
20859,3351383.0
20860,3410878.0
20861,3347767.0
20862,7201784.0
20863,2544857.0
20864,4590423.0
20865,1619683.0
20866,1999097.0
20867,2156098.0
20868,3745135.0
20869,5595267.0
20870,2993069.0
20871,1619683.0
20872,3004429.0
20873,4467728.0
20874,2021934.0
20875,1999097.0
20876,4467728.0
20877,4467728.0
20878,3347767.0
20879,4250553.0
20880,3410878.0
20881,3376145.0
20882,6412623.0
20883,3410878.0
20884,1847826.0
20885,4952255.0
20886,4952255.0
20887,4219263.0
20888,6923131.0
20889,2390534.0
20890,3004429.0
20891,7592272.0
20892,1847826.0
20893,4052733.0
20894,3410878.0
20895,1270499.0
20896,8213524.0
20897,4100886.0
20898,2344689.0
20899,7865428.0
20900,6941173.0
20901,3028267.0
20902,2025297.0
20903,5906596.0
20904,1999097.0
20905,3939804.0
20906,3445076.0
20907,2551252.0
20908,4554237.0
20909,2390534.0
20910,3447890.0
20911,1619683.0
20912,1847826.0
20913,3351383.0
20914,2058644.0
20915,8213524.0
20916,3600467.0
20917,6412623.0
20918,6836483.0
20919,3745135.0
20920,4067566.0
20921,3836721.0
20922,4807746.0
20923,2267425.0
20924,2021934.0
20925,1149870.0
20926,2675511.0
20927,3982767.0
20928,5525735.0
20929,3780019.0
20930,1882131.0
20931,3426169.0
20932,4250553.0
20933,2025297.0
20934,3836721.0
20935,8213524.0
20936,2058644.0
20937,6941173.0
20938,2267425.0
20939,3351383.0
20940,1149870.0
20941,4263629.0
20942,1270499.0
20943,5595267.0
20944,8213524.0
20945,7865428.0
20946,1763231.0
20947,1847826.0
20948,2267425.0
20949,2267425.0
20950,4015749.0
20951,2018785.0
20952,2344689.0
20953,2390534.0
20954,8213524.0
20955,7495092.0
20956,3351383.0
20957,9262754.0
20958,1882131.0
20959,3956086.0
20960,2018785.0
20961,1904842.0
20962,1756069.0
20963,7495092.0
20964,6313221.0
20965,2390534.0
20966,5500818.0
20967,5500818.0
20968,3351383.0
20969,7592272.0
20970,7592272.0
20971,4052733.0
20972,3258837.0
20973,2018785.0
20974,3028267.0
20975,7495092.0
20976,2267425.0
20977,2525375.0
20978,4467728.0
20979,1619683.0
20980,3410878.0
20981,4467728.0
20982,1882131.0
20983,1999097.0
20984,16549064.0
20985,5500818.0
20986,1149870.0
20987,2021934.0
20988,5500818.0
20989,4888774.0
20990,2544857.0
20991,3258837.0
20992,4250758.0
20993,4705945.0
20994,1999097.0
20995,2058644.0
20996,2551252.0
20997,4066618.0
20998,3939804.0
20999,3982767.0
21000,1882131.0
21001,3745135.0
21002,1270499.0
21003,4015749.0
21004,3410878.0
21005,3347767.0
21006,3752885.0
21007,8213524.0
21008,5166635.0
21009,2544857.0
21010,4590423.0
21011,5595267.0
21012,1999097.0
21013,4250758.0
21014,5595267.0
21015,2993069.0
21016,3347767.0
21017,1619683.0
21018,3410878.0
21019,1270499.0
21020,4780607.0
21021,1763231.0
21022,1270499.0
21023,1999097.0
21024,4350573.0
21025,6313221.0
21026,1149870.0
21027,4429512.0
21028,1149870.0
21029,3836721.0
21030,8904084.0
21031,1756069.0
21032,2383840.0
21033,3273041.0
21034,4015749.0
21035,4100886.0
21036,1270499.0
21037,1149870.0
21038,6941173.0
21039,4015749.0
21040,6941173.0
21041,7217634.0
21042,1734634.0
21043,2156098.0
21044,1904842.0
21045,7865428.0
21046,2993069.0
21047,2344689.0
21048,2018785.0
21049,2390534.0
21050,3258837.0
21051,1270499.0
21052,4264176.0
21053,7592272.0
21054,1763231.0
21055,3004429.0
21056,9262754.0
21057,3248660.0
21058,3600467.0
21059,3004429.0
21060,7592272.0
21061,2525375.0
21062,4100886.0
21063,5444227.0
21064,2525375.0
21065,2732645.0
21066,2018785.0
21067,6923131.0
21068,3447890.0
21069,2390534.0
21070,5017319.0
21071,4015749.0
21072,2390534.0
21073,4100886.0
21074,1734634.0
21075,2055379.0
21076,4067566.0
21077,2551252.0
21078,3982767.0
21079,3727364.0
21080,1999097.0
21081,3452382.0
21082,1904842.0
21083,1999097.0
21084,6941173.0
21085,3351383.0
21086,3447890.0
21087,6836483.0
21088,1270499.0
21089,2097022.0
21090,4780607.0
21091,2390534.0
21092,8213524.0
21093,2551252.0
21094,3745135.0
21095,4807746.0
21096,2058644.0
21097,3351383.0
21098,3600467.0
21099,3982767.0
21100,3028267.0
21101,3780019.0
21102,4888774.0
21103,7201784.0
21104,5461700.0
21105,6941173.0
21106,4952255.0
21107,3351383.0
21108,3258837.0
21109,4491607.0
21110,2021934.0
21111,7495092.0
21112,2740687.0
21113,1999097.0
21114,7217634.0
21115,3351383.0
21116,2371202.0
21117,3004429.0
21118,4350573.0
21119,4066618.0
21120,2097022.0
21121,6923131.0
21122,3273041.0
21123,6923131.0
21124,2344689.0
21125,2551252.0
21126,4705945.0
21127,2344689.0
21128,3347767.0
21129,6836483.0
21130,4780607.0
21131,5017319.0
21132,8213524.0
21133,1756069.0
21134,3410878.0
21135,5435276.0
21136,3447890.0
21137,3410878.0
21138,2792031.0
21139,2738052.0
21140,1882131.0
21141,1270499.0
21142,3410878.0
21143,2544857.0
21144,2021934.0
21145,1270499.0
21146,4052733.0
21147,2792031.0
21148,4250553.0
21149,2267425.0
21150,5500818.0
21151,1734634.0
21152,1763231.0
21153,3410878.0
21154,3410878.0
21155,2551252.0
21156,5906596.0
21157,3745135.0
21158,2999068.0
21159,4100886.0
21160,4219263.0
21161,3745135.0
21162,5906596.0
21163,1270499.0
21164,3903884.0
21165,9262754.0
21166,3752885.0
21167,3447890.0
21168,8213524.0
21169,8213524.0
21170,6836483.0
21171,3351383.0
21172,1847826.0
21173,3447890.0
21174,1999097.0
21175,2055379.0
21176,4219263.0
21177,7592272.0
21178,4554237.0
21179,2344689.0
21180,3780019.0
21181,3600467.0
21182,4807746.0
21183,9262754.0
21184,3982767.0
21185,2954086.0
21186,4590423.0
21187,2018785.0
21188,3939804.0
21189,4491607.0
21190,4807746.0
21191,8894598.0
21192,6313221.0
21193,3410878.0
21194,5906596.0
21195,2675511.0
21196,3347767.0
21197,3028267.0
21198,1619683.0
21199,3351383.0
21200,3836721.0
21201,3410878.0
21202,1847826.0
21203,7592272.0
21204,4491607.0
21205,6941173.0
21206,3351383.0
21207,4491607.0
21208,2344689.0
21209,2344689.0
21210,1999097.0
21211,4015749.0
21212,4705945.0
21213,2058644.0
21214,4491607.0
21215,3347767.0
21216,4015749.0
21217,2021934.0
21218,3410878.0
21219,2344689.0
21220,3164972.0
21221,3745135.0
21222,3351383.0
21223,3447890.0
21224,4491607.0
21225,4882985.0
21226,2371202.0
21227,4067566.0
21228,1904842.0
21229,3199619.0
21230,1270499.0
21231,2021934.0
21232,3347767.0
21233,3004429.0
21234,3939804.0
21235,7201784.0
21236,2021934.0
21237,2058644.0
21238,2954086.0
21239,1847826.0
21240,3836721.0
21241,4052733.0
21242,2544857.0
21243,1756069.0
21244,2025297.0
21245,3982767.0
21246,3410878.0
21247,3982767.0
21248,2018785.0
21249,3347767.0
21250,3745135.0
21251,3273041.0
21252,7592272.0
21253,2344689.0
21254,1756069.0
21255,4155435.0
21256,2058644.0
21257,2021934.0
21258,5595267.0
21259,1149870.0
21260,7217634.0
21261,4554237.0
21262,3836721.0
21263,7592272.0
21264,3410878.0
21265,1270499.0
21266,1904842.0
21267,4882985.0
21268,2344689.0
21269,1882131.0
21270,1619683.0
21271,3939804.0
21272,4952255.0
21273,4952255.0
21274,2021934.0
21275,3903884.0
21276,6941173.0
21277,2993069.0
21278,3982767.0
21279,5906596.0
21280,2675511.0
21281,3727364.0
21282,3426169.0
21283,3600467.0
21284,5166635.0
21285,5500818.0
21286,3752885.0
21287,2738052.0
21288,8213524.0
21289,3778621.0
21290,4491607.0
21291,2364478.0
21292,4467728.0
21293,6923131.0
21294,4066618.0
21295,1619683.0
21296,3426169.0
21297,6941173.0
21298,4250553.0
21299,2993069.0
21300,2018785.0
21301,2097022.0
21302,4882985.0
21303,4052733.0
21304,7495092.0
21305,6694797.0
21306,2675511.0
21307,2018785.0
21308,1756069.0
21309,1756069.0
21310,3727364.0
21311,4651866.0
21312,4554237.0
21313,6313221.0
21314,3903884.0
21315,3778621.0
21316,2993069.0
21317,6923131.0
21318,3261924.0
21319,5525735.0
21320,1270499.0
21321,5017319.0
21322,8213524.0
21323,4882985.0
21324,1756069.0
21325,3410878.0
21326,5461700.0
21327,2738052.0
21328,3028267.0
21329,5595267.0
21330,3410878.0
21331,2097022.0
21332,3752885.0
21333,3778621.0
21334,5525735.0
21335,5595267.0
21336,2732645.0
21337,3410878.0
21338,4066618.0
21339,3452382.0
21340,6363241.0
21341,1904842.0
21342,2993069.0
21343,1904842.0
21344,4250758.0
21345,3939804.0
21346,3347767.0
21347,1763231.0
21348,4952255.0
21349,3780019.0
21350,5166635.0
21351,4350573.0
21352,3939804.0
21353,6363241.0
21354,2344689.0
21355,2544857.0
21356,3351383.0
21357,2021934.0
21358,4952255.0
21359,4350573.0
21360,4100886.0
21361,2390534.0
21362,2058644.0
21363,1882131.0
21364,3778621.0
21365,5161370.0
21366,2390534.0
21367,5500818.0
21368,1763231.0
21369,2792031.0
21370,8904084.0
21371,4250758.0
21372,4015749.0
21373,3347767.0
21374,2525375.0
21375,3426169.0
21376,6412623.0
21377,4264176.0
21378,8213524.0
21379,3753720.0
21380,2083447.0
21381,2544857.0
21382,2954086.0
21383,3939804.0
21384,7865428.0
21385,8213524.0
21386,3410878.0
21387,2792031.0
21388,1619683.0
21389,3745135.0
21390,3956086.0
21391,3956086.0
21392,3727364.0
21393,3956086.0
21394,3807496.0
21395,2371202.0
21396,3426169.0
21397,2993069.0
21398,1270499.0
21399,1999097.0
21400,1882131.0
21401,2021934.0
21402,3410878.0
21403,1999097.0
21404,2021934.0
21405,3351383.0
21406,1999097.0
21407,1999097.0
21408,3745135.0
21409,3028267.0
21410,6941173.0
21411,7865428.0
21412,8904084.0
21413,7495092.0
21414,6412623.0
21415,2058644.0
21416,1619683.0
21417,3218918.0
21418,2021934.0
21419,3199619.0
21420,2544857.0
21421,3410878.0
21422,9262754.0
21423,5444227.0
21424,2544857.0
21425,2097022.0
21426,3028267.0
21427,6363241.0
21428,4350573.0
21429,4316715.0
21430,2058644.0
21431,1619683.0
21432,3753720.0
21433,4554237.0
21434,2058644.0
21435,6694797.0
21436,4067566.0
21437,3956086.0
21438,2018785.0
21439,5500818.0
21440,1270499.0
21441,7201784.0
21442,3347767.0
21443,1619683.0
21444,2344689.0
21445,2525375.0
21446,2344689.0
21447,2525375.0
21448,2390534.0
21449,4100886.0
21450,6363241.0
21451,6412623.0
21452,7495092.0
21453,4705945.0
21454,2551252.0
21455,3410878.0
21456,2993069.0
21457,3410878.0
21458,2344689.0
21459,3600467.0
21460,2021934.0
21461,3982767.0
21462,2954086.0
21463,4066618.0
21464,4250758.0
21465,2055379.0
21466,1847826.0
21467,1270499.0
21468,2544857.0
21469,2021934.0
21470,3347767.0
21471,4219263.0
21472,3347767.0
21473,3351383.0
21474,2390534.0
21475,3753720.0
21476,3447890.0
21477,6694797.0
21478,1270499.0
21479,6941173.0
21480,2058644.0
21481,1999097.0
21482,4467728.0
21483,3982767.0
21484,9652350.0
21485,4952255.0
21486,1270499.0
21487,4250553.0
21488,4350573.0
21489,4888774.0
21490,2993069.0
21491,2344689.0
21492,1882131.0
21493,2364478.0
21494,4350573.0
21495,3727364.0
21496,8213524.0
21497,1763231.0
21498,3028267.0
21499,2267425.0
21500,1847826.0
21501,3745135.0
21502,1756069.0
21503,3982767.0
21504,2364478.0
21505,2344689.0
21506,1882131.0
21507,1763231.0
21508,3347767.0
21509,6782425.0
21510,7201784.0
21511,1149870.0
21512,3745135.0
21513,2055379.0
21514,2544857.0
21515,5500818.0
21516,4705945.0
21517,1763231.0
21518,3028267.0
21519,2021934.0
21520,6363241.0
21521,4250553.0
21522,4467728.0
21523,3261924.0
21524,3745135.0
21525,1999097.0
21526,3939804.0
21527,5525735.0
21528,7865428.0
21529,2371202.0
21530,2344689.0
21531,8213524.0
21532,6923131.0
21533,3939804.0
21534,2525375.0
21535,2675511.0
21536,6836483.0
21537,2792031.0
21538,2097022.0
21539,8213524.0
21540,2018785.0
21541,4250553.0
21542,3982767.0
21543,3004429.0
21544,7592272.0
21545,3004429.0
21546,6782425.0
21547,1756069.0
21548,3004429.0
21549,3028267.0
21550,7201784.0
21551,1882131.0
21552,3956086.0
21553,6836483.0
21554,6923131.0
21555,3376145.0
21556,6782425.0
21557,4705945.0
21558,6694797.0
21559,6782425.0
21560,1756069.0
21561,3410878.0
21562,3351383.0
21563,1763231.0
21564,2383840.0
21565,3258837.0
21566,7592272.0
21567,3347767.0
21568,2021934.0
21569,3727364.0
21570,3600467.0
21571,4429512.0
21572,4052733.0
21573,2544857.0
21574,2390534.0
21575,2675511.0
21576,3347767.0
21577,3836721.0
21578,1756069.0
21579,4554237.0
21580,3600467.0
21581,1734634.0
21582,2083447.0
21583,5500818.0
21584,4491607.0
21585,5017319.0
21586,6836483.0
21587,3426169.0
21588,1763231.0
21589,3780019.0
21590,5337526.0
21591,4491607.0
21592,1904842.0
21593,6694797.0
21594,2390534.0
21595,2732645.0
21596,3248660.0
21597,3600467.0
21598,1756069.0
21599,2390534.0
21600,4350573.0
21601,4264176.0
21602,3939804.0
21603,4067566.0
21604,5500818.0
21605,2058644.0
21606,1999097.0
21607,6923131.0
21608,1149870.0
21609,4219263.0
21610,1847826.0
21611,1756069.0
21612,7201784.0
21613,3218918.0
21614,3218918.0
21615,3164972.0
21616,4052733.0
21617,6941173.0
21618,2525375.0
21619,6363241.0
21620,2390534.0
21621,1756069.0
21622,4015749.0
21623,6694797.0
21624,3028267.0
21625,2055379.0
21626,1756069.0
21627,3600467.0
21628,1847826.0
21629,4250758.0
21630,1149870.0
21631,4888774.0
21632,4491607.0
21633,16549064.0
21634,2018785.0
21635,3347767.0
21636,1619683.0
21637,2055379.0
21638,1999097.0
21639,3376145.0
21640,7217634.0
21641,3956086.0
21642,1904842.0
21643,8904084.0
21644,8213524.0
21645,2732645.0
21646,3982767.0
21647,2055379.0
21648,2525375.0
21649,1763231.0
21650,3780019.0
21651,8904084.0
21652,2344689.0
21653,1882131.0
21654,4052733.0
21655,7592272.0
21656,6782425.0
21657,3028267.0
21658,3745135.0
21659,2544857.0
21660,2097022.0
21661,1904842.0
21662,2544857.0
21663,2021934.0
21664,4350573.0
21665,2018785.0
21666,7217634.0
21667,3982767.0
21668,1270499.0
21669,2344689.0
21670,5161370.0
21671,3347767.0
21672,6313221.0
21673,1619683.0
21674,4780607.0
21675,4952255.0
21676,2344689.0
21677,2390534.0
21678,3982767.0
21679,1149870.0
21680,4554237.0
21681,3410878.0
21682,4807746.0
21683,3982767.0
21684,3347767.0
21685,5500818.0
21686,8213524.0
21687,1619683.0
21688,4015749.0
21689,4807746.0
21690,3447890.0
21691,9652350.0
21692,2021934.0
21693,3347767.0
21694,6836483.0
21695,2058644.0
21696,4350573.0
21697,3956086.0
21698,2344689.0
21699,7495092.0
21700,3982767.0
21701,7201784.0
21702,3351383.0
21703,3745135.0
21704,4250758.0
21705,4491607.0
21706,3939804.0
21707,1270499.0
21708,2544857.0
21709,1999097.0
21710,2058644.0
21711,2732645.0
21712,1619683.0
21713,3752885.0
21714,7201784.0
21715,3347767.0
21716,6941173.0
21717,2058644.0
21718,7495092.0
21719,3426169.0
21720,4491607.0
21721,1756069.0
21722,8213524.0
21723,1270499.0
21724,3261924.0
21725,4263629.0
21726,1619683.0
21727,8894598.0
21728,3778621.0
21729,2021934.0
21730,5595267.0
21731,5461700.0
21732,3410878.0
21733,3347767.0
21734,8213524.0
21735,3426169.0
21736,3903884.0
21737,1619683.0
21738,3347767.0
21739,2551252.0
21740,2792031.0
21741,2021934.0
21742,3004429.0
21743,4491607.0
21744,3410878.0
21745,2344689.0
21746,3410878.0
21747,1149870.0
21748,3600467.0
21749,6923131.0
21750,5500818.0
21751,2525375.0
21752,4052733.0
21753,2021934.0
21754,5787594.0
21755,3004429.0
21756,3426169.0
21757,1999097.0
21758,2383840.0
21759,2021934.0
21760,1270499.0
21761,2993069.0
21762,2058644.0
21763,3347767.0
21764,1270499.0
21765,1999097.0
21766,6941173.0
21767,3836721.0
21768,8213524.0
21769,3410878.0
21770,4888774.0
21771,2021934.0
21772,2021934.0
21773,3727364.0
21774,4250553.0
21775,2058644.0
21776,7592272.0
21777,4263629.0
21778,5966193.0
21779,4491607.0
21780,4250553.0
21781,2058644.0
21782,2055379.0
21783,7592272.0
21784,4467728.0
21785,6923131.0
21786,1763231.0
21787,6941173.0
21788,2544857.0
21789,3351383.0
21790,3347767.0
21791,3982767.0
21792,2267425.0
21793,4250758.0
21794,8213524.0
21795,4067566.0
21796,1999097.0
21797,4015749.0
21798,1756069.0
21799,2097022.0
21800,2675511.0
21801,7592272.0
21802,2544857.0
21803,6941173.0
21804,2055379.0
21805,1149870.0
21806,2390534.0
21807,7495092.0
21808,4100886.0
21809,7495092.0
21810,2025297.0
21811,6782425.0
21812,3410878.0
21813,2021934.0
21814,1904842.0
21815,4316715.0
21816,7592272.0
21817,2390534.0
21818,1756069.0
21819,2018785.0
21820,2021934.0
21821,4491607.0
21822,2999068.0
21823,7217634.0
21824,2675511.0
21825,4316715.0
21826,6412623.0
21827,2097022.0
21828,1763231.0
21829,3351383.0
21830,3248660.0
21831,4952255.0
21832,3410878.0
21833,2267425.0
21834,1270499.0
21835,3008199.0
21836,4705945.0
21837,13575224.0
21838,6836483.0
21839,3982767.0
21840,6694797.0
21841,1149870.0
21842,3410878.0
21843,2675511.0
21844,3273041.0
21845,3447890.0
21846,1270499.0
21847,3410878.0
21848,7592272.0
21849,7495092.0
21850,3780019.0
21851,3600467.0
21852,4250553.0
21853,3426169.0
21854,6363241.0
21855,1882131.0
21856,3727364.0
21857,3752885.0
21858,2732645.0
21859,8213524.0
21860,2390534.0
21861,6836483.0
21862,2055379.0
21863,4350573.0
21864,2371202.0
21865,4219263.0
21866,2344689.0
21867,2344689.0
21868,2732645.0
21869,2267425.0
21870,5595267.0
21871,2021934.0
21872,4250553.0
21873,3410878.0
21874,2954086.0
21875,1619683.0
21876,2344689.0
21877,1999097.0
21878,1882131.0
21879,2083447.0
21880,6941173.0
21881,1270499.0
21882,4052733.0
21883,1999097.0
21884,4066618.0
21885,4250758.0
21886,1756069.0
21887,3347767.0
21888,1756069.0
21889,2738052.0
21890,3982767.0
21891,3410878.0
21892,4554237.0
21893,3261924.0
21894,1763231.0
21895,3004429.0
21896,1756069.0
21897,4780607.0
21898,3410878.0
21899,4052733.0
21900,4264176.0
21901,3982767.0
21902,4100886.0
21903,4952255.0
21904,6836483.0
21905,3004429.0
21906,4491607.0
21907,6412623.0
21908,1270499.0
21909,3004429.0
21910,3570392.0
21911,1999097.0
21912,4316715.0
21913,2544857.0
21914,8213524.0
21915,1756069.0
21916,4807746.0
21917,2551252.0
21918,4952255.0
21919,1999097.0
21920,3347767.0
21921,4264176.0
21922,1149870.0
21923,1619683.0
21924,3807496.0
21925,5166635.0
21926,3347767.0
21927,1999097.0
21928,4067566.0
21929,3351383.0
21930,4250553.0
21931,6412623.0
21932,1149870.0
21933,6412623.0
21934,2344689.0
21935,2738052.0
21936,4491607.0
21937,4882985.0
21938,2058644.0
21939,1999097.0
21940,5525735.0
21941,2344689.0
21942,1882131.0
21943,2018785.0
21944,2021934.0
21945,3258837.0
21946,3600467.0
21947,4015749.0
21948,3410878.0
21949,1999097.0
21950,2993069.0
21951,6313221.0
21952,4952255.0
21953,6694797.0
21954,2083447.0
21955,4052733.0
21956,7217634.0
21957,3410878.0
21958,4052733.0
21959,5017319.0
21960,8904084.0
21961,3004429.0
21962,3939804.0
21963,2525375.0
21964,3780019.0
21965,7592272.0
21966,2993069.0
21967,2058644.0
21968,2267425.0
21969,3426169.0
21970,3903884.0
21971,2344689.0
21972,2097022.0
21973,2344689.0
21974,6782425.0
21975,6313221.0
21976,1270499.0
21977,3258837.0
21978,4286645.0
21979,4491607.0
21980,1270499.0
21981,1756069.0
21982,2993069.0
21983,4705945.0
21984,5337526.0
21985,7865428.0
21986,6694797.0
21987,3199619.0
21988,2544857.0
21989,8213524.0
21990,1734634.0
21991,6694797.0
21992,2058644.0
21993,2018785.0
21994,3347767.0
21995,6313221.0
21996,5525735.0
21997,5525735.0
21998,5595267.0
21999,2544857.0
22000,3351383.0
22001,4316715.0
22002,4219263.0
22003,3727364.0
22004,3199619.0
22005,3258837.0
22006,3727364.0
22007,3410878.0
22008,1270499.0
22009,3004429.0
22010,2344689.0
22011,1619683.0
22012,2525375.0
22013,2390534.0
22014,2267425.0
22015,1904842.0
22016,8904084.0
22017,4952255.0
22018,4350573.0
22019,2732645.0
22020,2525375.0
22021,3199619.0
22022,4882985.0
22023,2371202.0
22024,4491607.0
22025,1882131.0
22026,3939804.0
22027,8213524.0
22028,3818055.0
22029,3028267.0
22030,3410878.0
22031,5017319.0
22032,4705945.0
22033,1756069.0
22034,1756069.0
22035,6694797.0
22036,9652350.0
22037,2021934.0
22038,5595267.0
22039,4554237.0
22040,2156098.0
22041,4100886.0
22042,3939804.0
22043,1756069.0
22044,3004429.0
22045,3028267.0
22046,2058644.0
22047,7592272.0
22048,3982767.0
22049,3347767.0
22050,4952255.0
22051,4554237.0
22052,4807746.0
22053,2551252.0
22054,2097022.0
22055,4052733.0
22056,2544857.0
22057,1619683.0
22058,1756069.0
22059,6412623.0
22060,4286645.0
22061,2021934.0
22062,1999097.0
22063,3004429.0
22064,6923131.0
22065,6836483.0
22066,6836483.0
22067,2544857.0
22068,3347767.0
22069,1847826.0
22070,6412623.0
22071,1619683.0
22072,2344689.0
22073,4705945.0
22074,2267425.0
22075,1270499.0
22076,3351383.0
22077,4491607.0
22078,3600467.0
22079,3347767.0
22080,7201784.0
22081,1756069.0
22082,4052733.0
22083,3727364.0
22084,2344689.0
22085,3028267.0
22086,3447890.0
22087,3351383.0
22088,2993069.0
22089,4052733.0
22090,2021934.0
22091,1270499.0
22092,3982767.0
22093,3939804.0
22094,2544857.0
22095,3745135.0
22096,3351383.0
22097,1756069.0
22098,2390534.0
22099,4467728.0
22100,1763231.0
22101,3780019.0
22102,2018785.0
22103,3939804.0
22104,4491607.0
22105,6941173.0
22106,2371202.0
22107,6923131.0
22108,2544857.0
22109,7592272.0
22110,1756069.0
22111,3836721.0
22112,3008199.0
22113,6923131.0
22114,2097022.0
22115,1999097.0
22116,3273041.0
22117,7217634.0
22118,3347767.0
22119,1756069.0
22120,3939804.0
22121,3199619.0
22122,1904842.0
22123,7217634.0
22124,2732645.0
22125,3410878.0
22126,2544857.0
22127,7217634.0
22128,3745135.0
22129,1999097.0
22130,7495092.0
22131,2097022.0
22132,3447890.0
22133,3982767.0
22134,5787594.0
22135,4350573.0
22136,8213524.0
22137,4491607.0
22138,3028267.0
22139,1619683.0
22140,3351383.0
22141,8213524.0
22142,2383840.0
22143,4952255.0
22144,2018785.0
22145,2525375.0
22146,7495092.0
22147,3008199.0
22148,9262754.0
22149,4263629.0
22150,3836721.0
22151,3745135.0
22152,4467728.0
22153,1847826.0
22154,2383840.0
22155,4554237.0
22156,3836721.0
22157,3248660.0
22158,1763231.0
22159,1149870.0
22160,3426169.0
22161,3004429.0
22162,3780019.0
22163,7495092.0
22164,3004429.0
22165,1847826.0
22166,3347767.0
22167,2058644.0
22168,1149870.0
22169,3752885.0
22170,9262754.0
22171,3600467.0
22172,1619683.0
22173,6941173.0
22174,3600467.0
22175,1734634.0
22176,1882131.0
22177,4250553.0
22178,3939804.0
22179,1847826.0
22180,2021934.0
22181,2097022.0
22182,2021934.0
22183,6694797.0
22184,8213524.0
22185,2732645.0
22186,2390534.0
22187,2544857.0
22188,3164972.0
22189,3218918.0
22190,3351383.0
22191,2544857.0
22192,3199619.0
22193,2993069.0
22194,3426169.0
22195,5017319.0
22196,3410878.0
22197,3261924.0
22198,8213524.0
22199,2525375.0
22200,3347767.0
22201,1734634.0
22202,2954086.0
22203,1847826.0
22204,3004429.0
22205,1619683.0
22206,4250553.0
22207,1904842.0
22208,2732645.0
22209,3347767.0
22210,1999097.0
22211,3600467.0
22212,2344689.0
22213,2390534.0
22214,4067566.0
22215,1904842.0
22216,3600467.0
22217,4888774.0
22218,2544857.0
22219,1882131.0
22220,2021934.0
22221,5966193.0
22222,8213524.0
22223,4250553.0
22224,4491607.0
22225,3753720.0
22226,3410878.0
22227,4350573.0
22228,1756069.0
22229,3956086.0
22230,2383840.0
22231,2344689.0
22232,4467728.0
22233,2792031.0
22234,5017319.0
22235,9262754.0
22236,4316715.0
22237,3982767.0
22238,5525735.0
22239,5166635.0
22240,2792031.0
22241,7865428.0
22242,7592272.0
22243,2097022.0
22244,9652350.0
22245,4888774.0
22246,4491607.0
22247,2058644.0
22248,2021934.0
22249,2018785.0
22250,2055379.0
22251,5444227.0
22252,2344689.0
22253,4100886.0
22254,2344689.0
22255,2055379.0
22256,3745135.0
22257,3410878.0
22258,2097022.0
22259,6941173.0
22260,2738052.0
22261,6923131.0
22262,4052733.0
22263,3351383.0
22264,3218918.0
22265,3727364.0
22266,2058644.0
22267,3836721.0
22268,4888774.0
22269,7865428.0
22270,3376145.0
22271,2018785.0
22272,6923131.0
22273,6412623.0
22274,3347767.0
22275,5906596.0
22276,6694797.0
22277,6313221.0
22278,5525735.0
22279,6313221.0
22280,3956086.0
22281,3426169.0
22282,3347767.0
22283,2055379.0
22284,1149870.0
22285,4250553.0
22286,1756069.0
22287,2097022.0
22288,1270499.0
22289,3347767.0
22290,6941173.0
22291,3004429.0
22292,7592272.0
22293,2058644.0
22294,3939804.0
22295,7592272.0
22296,3600467.0
22297,2390534.0
22298,3426169.0
22299,1270499.0
22300,8213524.0
22301,2097022.0
22302,3410878.0
22303,4780607.0
22304,2344689.0
22305,8213524.0
22306,2551252.0
22307,8213524.0
22308,1734634.0
22309,4052733.0
22310,2993069.0
22311,5653753.0
22312,3028267.0
22313,3347767.0
22314,3745135.0
22315,3600467.0
22316,3351383.0
22317,3745135.0
22318,2021934.0
22319,1999097.0
22320,4491607.0
22321,2675511.0
22322,2058644.0
22323,3004429.0
22324,1619683.0
22325,1847826.0
22326,5337526.0
22327,3004429.0
22328,6694797.0
22329,2999068.0
22330,1999097.0
22331,6694797.0
22332,7495092.0
22333,3982767.0
22334,2267425.0
22335,1149870.0
22336,2021934.0
22337,3028267.0
22338,2732645.0
22339,3939804.0
22340,2344689.0
22341,6923131.0
22342,3351383.0
22343,5595267.0
22344,3780019.0
22345,3939804.0
22346,3410878.0
22347,3410878.0
22348,2021934.0
22349,3452382.0
22350,4067566.0
22351,1270499.0
22352,2993069.0
22353,4952255.0
22354,2390534.0
22355,6412623.0
22356,3982767.0
22357,1734634.0
22358,2993069.0
22359,5906596.0
22360,3004429.0
22361,1734634.0
22362,6836483.0
22363,6694797.0
22364,4250758.0
22365,1619683.0
22366,3347767.0
22367,5595267.0
22368,1904842.0
22369,2058644.0
22370,2344689.0
22371,3199619.0
22372,3600467.0
22373,5787594.0
22374,2344689.0
22375,3600467.0
22376,2544857.0
22377,2993069.0
22378,6313221.0
22379,2732645.0
22380,2732645.0
22381,1619683.0
22382,3218918.0
22383,1882131.0
22384,4888774.0
22385,2675511.0
22386,4219263.0
22387,5461700.0
22388,6941173.0
22389,1999097.0
22390,1999097.0
22391,4250553.0
22392,7217634.0
22393,3780019.0
22394,2058644.0
22395,2732645.0
22396,1847826.0
22397,3347767.0
22398,6313221.0
22399,3939804.0
22400,2675511.0
22401,3347767.0
22402,5500818.0
22403,3426169.0
22404,4952255.0
22405,2021934.0
22406,2390534.0
22407,2792031.0
22408,3351383.0
22409,2097022.0
22410,3347767.0
22411,4264176.0
22412,1904842.0
22413,2018785.0
22414,3261924.0
22415,2018785.0
22416,4067566.0
22417,5444227.0
22418,7217634.0
22419,5595267.0
22420,7201784.0
22421,3600467.0
22422,4554237.0
22423,4429512.0
22424,2544857.0
22425,3410878.0
22426,4015749.0
22427,4491607.0
22428,9262754.0
22429,1999097.0
22430,5017319.0
22431,2021934.0
22432,4286645.0
22433,2551252.0
22434,5017319.0
22435,1904842.0
22436,6694797.0
22437,2525375.0
22438,3351383.0
22439,2025297.0
22440,3447890.0
22441,4705945.0
22442,5017319.0
22443,3199619.0
22444,2025297.0
22445,4590423.0
22446,2371202.0
22447,7865428.0
22448,2025297.0
22449,3410878.0
22450,1999097.0
22451,5595267.0
22452,3410878.0
22453,2544857.0
22454,4491607.0
22455,2021934.0
22456,1999097.0
22457,3347767.0
22458,3745135.0
22459,6836483.0
22460,3426169.0
22461,4015749.0
22462,4491607.0
22463,1756069.0
22464,1149870.0
22465,1270499.0
22466,2055379.0
22467,2792031.0
22468,5525735.0
22469,3028267.0
22470,3410878.0
22471,3727364.0
22472,6782425.0
22473,2058644.0
22474,4052733.0
22475,3752885.0
22476,1847826.0
22477,4780607.0
22478,2551252.0
22479,4705945.0
22480,1847826.0
22481,1619683.0
22482,3347767.0
22483,2544857.0
22484,2058644.0
22485,4491607.0
22486,3410878.0
22487,2267425.0
22488,6941173.0
22489,4491607.0
22490,3778621.0
22491,5161370.0
22492,2058644.0
22493,2544857.0
22494,1270499.0
22495,4067566.0
22496,2344689.0
22497,2344689.0
22498,3028267.0
22499,1756069.0
22500,4250553.0
22501,2267425.0
22502,1270499.0
22503,1270499.0
22504,4219263.0
22505,5906596.0
22506,2055379.0
22507,7592272.0
22508,4350573.0
22509,7865428.0
22510,2792031.0
22511,6941173.0
22512,2156098.0
22513,3347767.0
22514,4491607.0
22515,3780019.0
22516,6694797.0
22517,2390534.0
22518,1999097.0
22519,3004429.0
22520,4705945.0
22521,2097022.0
22522,2993069.0
22523,1882131.0
22524,3600467.0
22525,3447890.0
22526,2025297.0
22527,3939804.0
22528,7592272.0
22529,2675511.0
22530,3956086.0
22531,6941173.0
22532,7865428.0
22533,1756069.0
22534,6412623.0
22535,4316715.0
22536,1999097.0
22537,3004429.0
22538,1756069.0
22539,2390534.0
22540,2025297.0
22541,2551252.0
22542,3347767.0
22543,6313221.0
22544,3600467.0
22545,1149870.0
22546,1847826.0
22547,4705945.0
22548,2993069.0
22549,4952255.0
22550,4250553.0
22551,1756069.0
22552,2097022.0
22553,5500818.0
22554,2999068.0
22555,4807746.0
22556,2544857.0
22557,2551252.0
22558,3004429.0
22559,1904842.0
22560,2083447.0
22561,1847826.0
22562,4888774.0
22563,2097022.0
22564,2792031.0
22565,1882131.0
22566,2732645.0
22567,2058644.0
22568,2058644.0
22569,3004429.0
22570,3752885.0
22571,3347767.0
22572,3780019.0
22573,2344689.0
22574,3600467.0
22575,2344689.0
22576,1270499.0
22577,1149870.0
22578,2021934.0
22579,2021934.0
22580,1619683.0
22581,3351383.0
22582,1270499.0
22583,3004429.0
22584,2993069.0
22585,3410878.0
22586,8213524.0
22587,1999097.0
22588,8630682.0
22589,2544857.0
22590,1619683.0
22591,8213524.0
22592,3939804.0
22593,2525375.0
22594,4554237.0
22595,4067566.0
22596,4015749.0
22597,3351383.0
22598,2675511.0
22599,1149870.0
22600,2021934.0
22601,4052733.0
22602,4952255.0
22603,5595267.0
22604,6313221.0
22605,4807746.0
22606,2058644.0
22607,1619683.0
22608,3982767.0
22609,3004429.0
22610,3780019.0
22611,3218918.0
22612,2732645.0
22613,2083447.0
22614,1270499.0
22615,1756069.0
22616,2732645.0
22617,2018785.0
22618,3956086.0
22619,4467728.0
22620,3447890.0
22621,4015749.0
22622,2055379.0
22623,6313221.0
22624,1847826.0
22625,3004429.0
22626,3351383.0
22627,3956086.0
22628,2390534.0
22629,2097022.0
22630,5525735.0
22631,1270499.0
22632,5906596.0
22633,3218918.0
22634,4590423.0
22635,1619683.0
22636,5595267.0
22637,4100886.0
22638,2732645.0
22639,2544857.0
22640,2954086.0
22641,3028267.0
22642,5435276.0
22643,2551252.0
22644,4052733.0
22645,3447890.0
22646,2097022.0
22647,1999097.0
22648,2544857.0
22649,2018785.0
22650,2018785.0
22651,3956086.0
22652,2344689.0
22653,1904842.0
22654,3347767.0
22655,1149870.0
22656,3452382.0
22657,3447890.0
22658,6363241.0
22659,2551252.0
22660,3939804.0
22661,5017319.0
22662,2267425.0
22663,3347767.0
22664,2021934.0
22665,9262754.0
22666,4015749.0
22667,2344689.0
22668,1756069.0
22669,4780607.0
22670,4250553.0
22671,2021934.0
22672,4780607.0
22673,3347767.0
22674,2267425.0
22675,1149870.0
22676,1882131.0
22677,2055379.0
22678,8904084.0
22679,3248660.0
22680,5435276.0
22681,3008199.0
22682,1619683.0
22683,3004429.0
22684,1904842.0
22685,2344689.0
22686,5595267.0
22687,3347767.0
22688,3600467.0
22689,4705945.0
22690,4888774.0
22691,2993069.0
22692,7495092.0
22693,3199619.0
22694,3004429.0
22695,6313221.0
22696,4491607.0
22697,2525375.0
22698,1882131.0
22699,2021934.0
22700,8213524.0
22701,3004429.0
22702,4705945.0
22703,1270499.0
22704,3028267.0
22705,5595267.0
22706,4136425.0
22707,1904842.0
22708,3347767.0
22709,4350573.0
22710,2390534.0
22711,4651866.0
22712,8630682.0
22713,3004429.0
22714,8213524.0
22715,2383840.0
22716,9652350.0
22717,3600467.0
22718,6694797.0
22719,3956086.0
22720,3780019.0
22721,2058644.0
22722,6694797.0
22723,3258837.0
22724,6412623.0
22725,2544857.0
22726,4952255.0
22727,3351383.0
22728,4066618.0
22729,2021934.0
22730,9262754.0
22731,4952255.0
22732,3727364.0
22733,9262754.0
22734,1999097.0
22735,1999097.0
22736,2993069.0
22737,1270499.0
22738,3004429.0
22739,2058644.0
22740,1999097.0
22741,3752885.0
22742,2344689.0
22743,4491607.0
22744,3004429.0
22745,2738052.0
22746,1882131.0
22747,1904842.0
22748,3410878.0
22749,2732645.0
22750,2390534.0
22751,1999097.0
22752,4052733.0
22753,1999097.0
22754,2999068.0
22755,2732645.0
22756,5906596.0
22757,1882131.0
22758,4052733.0
22759,1270499.0
22760,3351383.0
22761,4705945.0
22762,4250553.0
22763,1999097.0
22764,4250553.0
22765,3410878.0
22766,3778621.0
22767,3258837.0
22768,5595267.0
22769,3273041.0
22770,2551252.0
22771,1999097.0
22772,2021934.0
22773,4052733.0
22774,2999068.0
22775,6313221.0
22776,2792031.0
22777,2544857.0
22778,5435276.0
22779,2097022.0
22780,4590423.0
22781,4015749.0
22782,6836483.0
22783,6412623.0
22784,3410878.0
22785,3903884.0
22786,2021934.0
22787,6363241.0
22788,3410878.0
22789,3004429.0
22790,7865428.0
22791,4264176.0
22792,1270499.0
22793,3028267.0
22794,2792031.0
22795,3351383.0
22796,3261924.0
22797,3752885.0
22798,4316715.0
22799,2267425.0
22800,4780607.0
22801,7217634.0
22802,1756069.0
22803,5461700.0
22804,1756069.0
22805,1149870.0
22806,4705945.0
22807,2675511.0
22808,9262754.0
22809,5787594.0
22810,3410878.0
22811,2058644.0
22812,1904842.0
22813,8904084.0
22814,1999097.0
22815,2993069.0
22816,6836483.0
22817,4807746.0
22818,8213524.0
22819,4316715.0
22820,7201784.0
22821,4467728.0
22822,6941173.0
22823,6412623.0
22824,2732645.0
22825,4807746.0
22826,5595267.0
22827,1882131.0
22828,3600467.0
22829,2371202.0
22830,2993069.0
22831,4100886.0
22832,3727364.0
22833,2097022.0
22834,1149870.0
22835,1756069.0
22836,4952255.0
22837,3745135.0
22838,2371202.0
22839,1619683.0
22840,1270499.0
22841,3347767.0
22842,2097022.0
22843,4590423.0
22844,3410878.0
22845,2999068.0
22846,1904842.0
22847,2018785.0
22848,3600467.0
22849,2364478.0
22850,2267425.0
22851,3600467.0
22852,5525735.0
22853,1270499.0
22854,6782425.0
22855,2344689.0
22856,1999097.0
22857,3410878.0
22858,2097022.0
22859,8213524.0
22860,2390534.0
22861,3600467.0
22862,2525375.0
22863,3818055.0
22864,6412623.0
22865,3004429.0
22866,6412623.0
22867,2018785.0
22868,3447890.0
22869,6941173.0
22870,2097022.0
22871,3410878.0
22872,2344689.0
22873,4067566.0
22874,4066618.0
22875,2021934.0
22876,1619683.0
22877,1756069.0
22878,5787594.0
22879,5595267.0
22880,2792031.0
22881,4705945.0
22882,2018785.0
22883,3752885.0
22884,4015749.0
22885,9262754.0
22886,2732645.0
22887,5461700.0
22888,2544857.0
22889,3903884.0
22890,4952497.0
22891,2156098.0
22892,4491607.0
22893,2097022.0
22894,6313221.0
22895,2344689.0
22896,5435276.0
22897,3199619.0
22898,1270499.0
22899,2993069.0
22900,2156098.0
22901,4066618.0
22902,8213524.0
22903,4590423.0
22904,2055379.0
22905,3727364.0
22906,1763231.0
22907,3347767.0
22908,3447890.0
22909,4467728.0
22910,3780019.0
22911,4250553.0
22912,2344689.0
22913,2675511.0
22914,4066618.0
22915,9262754.0
22916,2675511.0
22917,2390534.0
22918,3982767.0
22919,4952255.0
22920,2097022.0
22921,2344689.0
22922,3939804.0
22923,3028267.0
22924,3956086.0
22925,3004429.0
22926,2156098.0
22927,4015749.0
22928,3600467.0
22929,3347767.0
22930,2055379.0
22931,1999097.0
22932,2954086.0
22933,5166635.0
22934,4052733.0
22935,7592272.0
22936,4780607.0
22937,5166635.0
22938,1847826.0
22939,3956086.0
22940,3836721.0
22941,2551252.0
22942,2344689.0
22943,1999097.0
22944,3347767.0
22945,1847826.0
22946,3004429.0
22947,2344689.0
22948,3818055.0
22949,4952255.0
22950,8213524.0
22951,3351383.0
22952,3600467.0
22953,2954086.0
22954,2097022.0
22955,3745135.0
22956,7495092.0
22957,3836721.0
22958,5435276.0
22959,7865428.0
22960,3745135.0
22961,3347767.0
22962,1763231.0
22963,1270499.0
22964,1882131.0
22965,6694797.0
22966,5461700.0
22967,5017319.0
22968,3004429.0
22969,3004429.0
22970,3956086.0
22971,4052733.0
22972,1756069.0
22973,2551252.0
22974,4350573.0
22975,1619683.0
22976,8213524.0
22977,1882131.0
22978,3956086.0
22979,5017319.0
22980,1619683.0
22981,2025297.0
22982,6313221.0
22983,1270499.0
22984,5435276.0
22985,3600467.0
22986,4052733.0
22987,5435276.0
22988,1756069.0
22989,2344689.0
22990,4554237.0
22991,1882131.0
22992,9262754.0
22993,6836483.0
22994,5906596.0
22995,4705945.0
22996,4780607.0
22997,4250553.0
22998,5595267.0
22999,3351383.0
23000,2383840.0
23001,2021934.0
23002,1763231.0
23003,1904842.0
23004,3745135.0
23005,3351383.0
23006,2792031.0
23007,4015749.0
23008,6836483.0
23009,2021934.0
23010,4100886.0
23011,6836483.0
23012,2097022.0
23013,1999097.0
23014,4429512.0
23015,5595267.0
23016,5166635.0
23017,3745135.0
23018,7592272.0
23019,3410878.0
23020,4067566.0
23021,9652350.0
23022,4066618.0
23023,3600467.0
23024,3780019.0
23025,6836483.0
23026,2097022.0
23027,6694797.0
23028,2267425.0
23029,2018785.0
23030,3410878.0
23031,5595267.0
23032,2021934.0
23033,3447890.0
23034,3218918.0
23035,4067566.0
23036,3600467.0
23037,2544857.0
23038,3836721.0
23039,4554237.0
23040,3727364.0
23041,7495092.0
23042,4590423.0
23043,8213524.0
23044,1847826.0
23045,2021934.0
23046,2525375.0
23047,3836721.0
23048,6836483.0
23049,1619683.0
23050,2344689.0
23051,1619683.0
23052,3600467.0
23053,5595267.0
23054,2344689.0
23055,2344689.0
23056,3410878.0
23057,2732645.0
23058,4263629.0
23059,1149870.0
23060,3939804.0
23061,4491607.0
23062,4067566.0
23063,2344689.0
23064,1270499.0
23065,3028267.0
23066,3351383.0
23067,2097022.0
23068,2390534.0
23069,4705945.0
23070,1756069.0
23071,3410878.0
23072,2267425.0
23073,8894598.0
23074,2732645.0
23075,3004429.0
23076,4015749.0
23077,4554237.0
23078,3410878.0
23079,3780019.0
23080,3004429.0
23081,4952255.0
23082,2390534.0
23083,3780019.0
23084,1904842.0
23085,6412623.0
23086,8213524.0
23087,5435276.0
23088,1149870.0
23089,3956086.0
23090,3982767.0
23091,4780607.0
23092,3376145.0
23093,1882131.0
23094,2390534.0
23095,1270499.0
23096,1756069.0
23097,4264176.0
23098,3004429.0
23099,1619683.0
23100,3199619.0
23101,2097022.0
23102,3410878.0
23103,2018785.0
23104,2055379.0
23105,4705945.0
23106,3410878.0
23107,2732645.0
23108,2999068.0
23109,5653753.0
23110,2551252.0
23111,3982767.0
23112,1149870.0
23113,1270499.0
23114,4467728.0
23115,2018785.0
23116,4316715.0
23117,4952255.0
23118,3600467.0
23119,1270499.0
23120,4316715.0
23121,2738052.0
23122,3807496.0
23123,3982767.0
23124,6923131.0
23125,3347767.0
23126,3836721.0
23127,2021934.0
23128,2525375.0
23129,1619683.0
23130,6836483.0
23131,8213524.0
23132,6782425.0
23133,1270499.0
23134,1756069.0
23135,4882985.0
23136,4066618.0
23137,3347767.0
23138,8213524.0
23139,2021934.0
23140,3780019.0
23141,6313221.0
23142,2544857.0
23143,3956086.0
23144,5906596.0
23145,3351383.0
23146,2344689.0
23147,2525375.0
23148,5653753.0
23149,3600467.0
23150,2018785.0
23151,2018785.0
23152,2383840.0
23153,1756069.0
23154,5595267.0
23155,5595267.0
23156,2021934.0
23157,8904084.0
23158,1619683.0
23159,8213524.0
23160,3004429.0
23161,3778621.0
23162,5525735.0
23163,2097022.0
23164,8213524.0
23165,3982767.0
23166,3600467.0
23167,5595267.0
23168,4264176.0
23169,1270499.0
23170,7495092.0
23171,6313221.0
23172,1734634.0
23173,7592272.0
23174,3028267.0
23175,3351383.0
23176,3004429.0
23177,3004429.0
23178,6694797.0
23179,9652350.0
23180,1999097.0
23181,3745135.0
23182,4067566.0
23183,3410878.0
23184,7865428.0
23185,4316715.0
23186,7201784.0
23187,2018785.0
23188,4554237.0
23189,4952255.0
23190,2732645.0
23191,4882985.0
23192,3004429.0
23193,1999097.0
23194,5787594.0
23195,4264176.0
23196,1763231.0
23197,3745135.0
23198,5435276.0
23199,1149870.0
23200,1619683.0
23201,4888774.0
23202,7865428.0
23203,6313221.0
23204,1270499.0
23205,4066618.0
23206,4705945.0
23207,3753720.0
23208,2675511.0
23209,2058644.0
23210,3956086.0
23211,1756069.0
23212,1763231.0
23213,1999097.0
23214,4250553.0
23215,3410878.0
23216,1619683.0
23217,6923131.0
23218,2732645.0
23219,3600467.0
23220,1756069.0
23221,3982767.0
23222,3028267.0
23223,7865428.0
23224,1270499.0
23225,3410878.0
23226,3351383.0
23227,8213524.0
23228,1149870.0
23229,4350573.0
23230,5461700.0
23231,8213524.0
23232,1756069.0
23233,3600467.0
23234,3982767.0
23235,2097022.0
23236,2097022.0
23237,1999097.0
23238,3727364.0
23239,3004429.0
23240,3600467.0
23241,3258837.0
23242,2344689.0
23243,3261924.0
23244,1756069.0
23245,5166635.0
23246,2344689.0
23247,3745135.0
23248,6836483.0
23249,4052733.0
23250,1756069.0
23251,1904842.0
23252,3004429.0
23253,3347767.0
23254,1756069.0
23255,4350573.0
23256,2344689.0
23257,3752885.0
23258,2525375.0
23259,2344689.0
23260,4705945.0
23261,6363241.0
23262,2390534.0
23263,4888774.0
23264,1619683.0
23265,2792031.0
23266,2525375.0
23267,3745135.0
23268,2058644.0
23269,4219263.0
23270,4067566.0
23271,1882131.0
23272,1619683.0
23273,3982767.0
23274,2544857.0
23275,2021934.0
23276,3982767.0
23277,1904842.0
23278,3780019.0
23279,2371202.0
23280,3727364.0
23281,3410878.0
23282,2344689.0
23283,1999097.0
23284,1149870.0
23285,4264176.0
23286,4155435.0
23287,1270499.0
23288,2021934.0
23289,2058644.0
23290,4264176.0
23291,2058644.0
23292,7592272.0
23293,2383840.0
23294,3426169.0
23295,3004429.0
23296,6836483.0
23297,2371202.0
23298,3347767.0
23299,8904084.0
23300,4264176.0
23301,2675511.0
23302,1882131.0
23303,1999097.0
23304,6313221.0
23305,4052733.0
23306,2055379.0
23307,2021934.0
23308,2792031.0
23309,1847826.0
23310,3351383.0
23311,4052733.0
23312,4952255.0
23313,3004429.0
23314,1619683.0
23315,4705945.0
23316,4705945.0
23317,7495092.0
23318,2344689.0
23319,4491607.0
23320,4250758.0
23321,3445076.0
23322,1999097.0
23323,5525735.0
23324,4250758.0
23325,3347767.0
23326,4491607.0
23327,2544857.0
23328,4067566.0
23329,4264176.0
23330,3347767.0
23331,6694797.0
23332,2390534.0
23333,2371202.0
23334,3807496.0
23335,3752885.0
23336,3351383.0
23337,8213524.0
23338,4554237.0
23339,2344689.0
23340,2018785.0
23341,8213524.0
23342,4705945.0
23343,6782425.0
23344,4590423.0
23345,3248660.0
23346,4136425.0
23347,3426169.0
23348,3836721.0
23349,2344689.0
23350,2021934.0
23351,1847826.0
23352,5595267.0
23353,6836483.0
23354,4705945.0
23355,1999097.0
23356,2732645.0
23357,1734634.0
23358,3982767.0
23359,2021934.0
23360,1270499.0
23361,9262754.0
23362,1270499.0
23363,6923131.0
23364,2156098.0
23365,1734634.0
23366,2021934.0
23367,3351383.0
23368,4467728.0
23369,1756069.0
23370,4066618.0
23371,2058644.0
23372,2390534.0
23373,2344689.0
23374,4066618.0
23375,4052733.0
23376,3351383.0
23377,2021934.0
23378,5435276.0
23379,1270499.0
23380,2792031.0
23381,2954086.0
23382,16549064.0
23383,3376145.0
23384,4952255.0
23385,1763231.0
23386,1999097.0
23387,2055379.0
23388,6694797.0
23389,4067566.0
23390,3753720.0
23391,3600467.0
23392,1756069.0
23393,3004429.0
23394,1847826.0
23395,1999097.0
23396,2021934.0
23397,3273041.0
23398,2544857.0
23399,1756069.0
23400,1149870.0
23401,2390534.0
23402,2525375.0
23403,1619683.0
23404,4491607.0
23405,5525735.0
23406,2792031.0
23407,1847826.0
23408,6363241.0
23409,7592272.0
23410,3347767.0
23411,3982767.0
23412,2544857.0
23413,4467728.0
23414,8213524.0
23415,7865428.0
23416,7201784.0
23417,5461700.0
23418,2097022.0
23419,4952497.0
23420,1904842.0
23421,2344689.0
23422,1619683.0
23423,3028267.0
23424,3347767.0
23425,1882131.0
23426,2058644.0
23427,2732645.0
23428,6941173.0
23429,3982767.0
23430,4705945.0
23431,4219263.0
23432,4052733.0
23433,3752885.0
23434,1270499.0
23435,5017319.0
23436,1999097.0
23437,7495092.0
23438,2018785.0
23439,3199619.0
23440,2344689.0
23441,3248660.0
23442,2344689.0
23443,2018785.0
23444,2021934.0
23445,3939804.0
23446,2525375.0
23447,3778621.0
23448,3810007.0
23449,3028267.0
23450,2097022.0
23451,7201784.0
23452,2021934.0
23453,6694797.0
23454,7865428.0
23455,7592272.0
23456,1882131.0
23457,4807746.0
23458,1763231.0
23459,2021934.0
23460,3351383.0
23461,2344689.0
23462,1756069.0
23463,6836483.0
23464,1999097.0
23465,5525735.0
23466,3351383.0
23467,4219263.0
23468,4807746.0
23469,2058644.0
23470,5595267.0
23471,5595267.0
23472,1756069.0
23473,2371202.0
23474,7592272.0
23475,7201784.0
23476,2371202.0
23477,2344689.0
23478,1847826.0
23479,3982767.0
23480,2792031.0
23481,4316715.0
23482,1999097.0
23483,2018785.0
23484,5595267.0
23485,7217634.0
23486,3410878.0
23487,2390534.0
23488,1882131.0
23489,7592272.0
23490,2675511.0
23491,5461700.0
23492,2525375.0
23493,6412623.0
23494,6313221.0
23495,1847826.0
23496,3376145.0
23497,1756069.0
23498,5017319.0
23499,5595267.0
23500,2993069.0
23501,3258837.0
23502,3982767.0
23503,2097022.0
23504,4882985.0
23505,6363241.0
23506,2021934.0
23507,2344689.0
23508,2097022.0
23509,2371202.0
23510,7495092.0
23511,2058644.0
23512,3836721.0
23513,4554237.0
23514,2018785.0
23515,2344689.0
23516,4250553.0
23517,1270499.0
23518,4264176.0
23519,1847826.0
23520,4467728.0
23521,5595267.0
23522,6412623.0
23523,2954086.0
23524,3982767.0
23525,5337526.0
23526,2732645.0
23527,2021934.0
23528,2267425.0
23529,3939804.0
23530,5787594.0
23531,2097022.0
23532,2993069.0
23533,2792031.0
23534,3347767.0
23535,8904084.0
23536,4554237.0
23537,1847826.0
23538,2993069.0
23539,9262754.0
23540,4316715.0
23541,3004429.0
23542,4807746.0
23543,1270499.0
23544,7592272.0
23545,1619683.0
23546,3600467.0
23547,3028267.0
23548,3351383.0
23549,1149870.0
23550,1619683.0
23551,5444227.0
23552,3836721.0
23553,2267425.0
23554,3004429.0
23555,7217634.0
23556,4250553.0
23557,1999097.0
23558,3410878.0
23559,1619683.0
23560,1999097.0
23561,5787594.0
23562,2675511.0
23563,9262754.0
23564,3351383.0
23565,2371202.0
23566,2058644.0
23567,4952255.0
23568,5525735.0
23569,3600467.0
23570,3780019.0
23571,3939804.0
23572,3347767.0
23573,3410878.0
23574,6694797.0
23575,3753720.0
23576,4316715.0
23577,2097022.0
23578,4491607.0
23579,4705945.0
23580,2058644.0
23581,5500818.0
23582,2344689.0
23583,2390534.0
23584,3600467.0
23585,4952255.0
23586,3956086.0
23587,2371202.0
23588,2344689.0
23589,2097022.0
23590,1619683.0
23591,2018785.0
23592,2344689.0
23593,3028267.0
23594,2021934.0
23595,2021934.0
23596,2792031.0
23597,13575224.0
23598,5166635.0
23599,1999097.0
23600,2021934.0
23601,3447890.0
23602,1270499.0
23603,2018785.0
23604,2018785.0
23605,4052733.0
23606,4882985.0
23607,2021934.0
23608,3347767.0
23609,5906596.0
23610,2097022.0
23611,2738052.0
23612,6694797.0
23613,2344689.0
23614,3028267.0
23615,3410878.0
23616,4952255.0
23617,1847826.0
23618,9262754.0
23619,5525735.0
23620,1270499.0
23621,2058644.0
23622,2738052.0
23623,1847826.0
23624,2371202.0
23625,3445076.0
23626,2058644.0
23627,2021934.0
23628,3410878.0
23629,3982767.0
23630,4015749.0
23631,4491607.0
23632,5595267.0
23633,3426169.0
23634,3028267.0
23635,2058644.0
23636,2021934.0
23637,4067566.0
23638,3956086.0
23639,1904842.0
23640,4264176.0
23641,4250553.0
23642,3347767.0
23643,1149870.0
23644,5500818.0
23645,2383840.0
23646,1999097.0
23647,2344689.0
23648,2390534.0
23649,1734634.0
23650,2675511.0
23651,5166635.0
23652,4052733.0
23653,2675511.0
23654,4651866.0
23655,3351383.0
23656,3410878.0
23657,1756069.0
23658,3347767.0
23659,4316715.0
23660,3347767.0
23661,7201784.0
23662,5444227.0
23663,4067566.0
23664,3376145.0
23665,4491607.0
23666,2544857.0
23667,4467728.0
23668,1756069.0
23669,3956086.0
23670,2344689.0
23671,3347767.0
23672,3004429.0
23673,2390534.0
23674,3004429.0
23675,4316715.0
23676,4491607.0
23677,6836483.0
23678,2993069.0
23679,2792031.0
23680,5595267.0
23681,2021934.0
23682,6694797.0
23683,2058644.0
23684,2390534.0
23685,2018785.0
23686,4219263.0
23687,6694797.0
23688,4807746.0
23689,2083447.0
23690,4263629.0
23691,4590423.0
23692,2083447.0
23693,3347767.0
23694,3745135.0
23695,5595267.0
23696,4316715.0
23697,3810007.0
23698,2018785.0
23699,2097022.0
23700,3780019.0
23701,3939804.0
23702,3745135.0
23703,4590423.0
23704,1904842.0
23705,3447890.0
23706,5435276.0
23707,3780019.0
23708,3956086.0
23709,5166635.0
23710,2021934.0
23711,3871344.0
23712,4952255.0
23713,3347767.0
23714,3347767.0
23715,2675511.0
23716,2792031.0
23717,4250758.0
23718,4554237.0
23719,2021934.0
23720,2267425.0
23721,1999097.0
23722,4316715.0
23723,5500818.0
23724,1904842.0
23725,3956086.0
23726,3410878.0
23727,5595267.0
23728,4888774.0
23729,1904842.0
23730,1270499.0
23731,2058644.0
23732,2055379.0
23733,3600467.0
23734,3426169.0
23735,4467728.0
23736,3273041.0
23737,3982767.0
23738,3939804.0
23739,2058644.0
23740,2371202.0
23741,1882131.0
23742,3028267.0
23743,5525735.0
23744,1149870.0
23745,1882131.0
23746,1270499.0
23747,6836483.0
23748,3780019.0
23749,6694797.0
23750,5595267.0
23751,4067566.0
23752,1270499.0
23753,2344689.0
23754,3426169.0
23755,2267425.0
23756,3410878.0
23757,6412623.0
23758,3351383.0
23759,2344689.0
23760,6941173.0
23761,2371202.0
23762,2792031.0
23763,3004429.0
23764,2156098.0
23765,2018785.0
23766,4554237.0
23767,4952255.0
23768,4705945.0
23769,4136425.0
23770,3273041.0
23771,3445076.0
23772,4350573.0
23773,6694797.0
23774,3447890.0
23775,4067566.0
23776,1756069.0
23777,2097022.0
23778,4052733.0
23779,3410878.0
23780,6923131.0
23781,2058644.0
23782,4952255.0
23783,6313221.0
23784,4491607.0
23785,3004429.0
23786,3778621.0
23787,2344689.0
23788,3982767.0
23789,6313221.0
23790,1999097.0
23791,2083447.0
23792,4066618.0
23793,2018785.0
23794,3570392.0
23795,2993069.0
23796,2993069.0
23797,2551252.0
23798,3903884.0
23799,2390534.0
23800,4888774.0
23801,4250553.0
23802,2954086.0
23803,3028267.0
23804,3426169.0
23805,3004429.0
23806,3347767.0
23807,2525375.0
23808,2792031.0
23809,1756069.0
23810,1999097.0
23811,1270499.0
23812,3273041.0
23813,4491607.0
23814,3410878.0
23815,3004429.0
23816,3753720.0
23817,5017319.0
23818,5595267.0
23819,8904084.0
23820,5337526.0
23821,3426169.0
23822,3410878.0
23823,4554237.0
23824,4429512.0
23825,1847826.0
23826,5525735.0
23827,4052733.0
23828,2344689.0
23829,3982767.0
23830,2544857.0
23831,3410878.0
23832,1904842.0
23833,8894598.0
23834,3956086.0
23835,7217634.0
23836,3956086.0
23837,1149870.0
23838,7592272.0
23839,1734634.0
23840,3939804.0
23841,3903884.0
23842,2018785.0
23843,3836721.0
23844,3199619.0
23845,3258837.0
23846,5595267.0
23847,3410878.0
23848,3778621.0
23849,1756069.0
23850,2390534.0
23851,4316715.0
23852,3982767.0
23853,6313221.0
23854,1904842.0
23855,1847826.0
23856,4286645.0
23857,4100886.0
23858,4590423.0
23859,2083447.0
23860,4250758.0
23861,1270499.0
23862,2738052.0
23863,1619683.0
23864,3351383.0
23865,5595267.0
23866,1734634.0
23867,1270499.0
23868,4491607.0
23869,3004429.0
23870,3273041.0
23871,3004429.0
23872,1270499.0
23873,3982767.0
23874,5500818.0
23875,8213524.0
23876,2525375.0
23877,1756069.0
23878,4052733.0
23879,1149870.0
23880,4590423.0
23881,2097022.0
23882,2344689.0
23883,9262754.0
23884,4015749.0
23885,9652350.0
23886,2390534.0
23887,6923131.0
23888,6694797.0
23889,4491607.0
23890,3410878.0
23891,5017319.0
23892,1882131.0
23893,3956086.0
23894,4316715.0
23895,3939804.0
23896,3982767.0
23897,7495092.0
23898,3939804.0
23899,3426169.0
23900,2390534.0
23901,1734634.0
23902,1999097.0
23903,3351383.0
23904,2018785.0
23905,3426169.0
23906,1756069.0
23907,1756069.0
23908,3028267.0
23909,1882131.0
23910,1270499.0
23911,2267425.0
23912,3258837.0
23913,3956086.0
23914,1149870.0
23915,3447890.0
23916,8213524.0
23917,5595267.0
23918,2544857.0
23919,1619683.0
23920,2156098.0
23921,3410878.0
23922,1999097.0
23923,3982767.0
23924,1149870.0
23925,2732645.0
23926,3410878.0
23927,3426169.0
23928,2525375.0
23929,4491607.0
23930,3347767.0
23931,6782425.0
23932,3004429.0
23933,4067566.0
23934,3600467.0
23935,2732645.0
23936,3836721.0
23937,2018785.0
23938,2344689.0
23939,1619683.0
23940,5787594.0
23941,2025297.0
23942,8213524.0
23943,1270499.0
23944,3248660.0
23945,3780019.0
23946,1619683.0
23947,4015749.0
23948,1847826.0
23949,4590423.0
23950,3004429.0
23951,4250553.0
23952,6313221.0
23953,4219263.0
23954,3426169.0
23955,3745135.0
23956,2525375.0
23957,3752885.0
23958,5595267.0
23959,4219263.0
23960,4015749.0
23961,2551252.0
23962,9652350.0
23963,1734634.0
23964,1999097.0
23965,1270499.0
23966,8213524.0
23967,5595267.0
23968,4015749.0
23969,2544857.0
23970,3261924.0
23971,2544857.0
23972,2097022.0
23973,2344689.0
23974,1763231.0
23975,5525735.0
23976,5161370.0
23977,3600467.0
23978,4882985.0
23979,3727364.0
23980,5017319.0
23981,1882131.0
23982,3004429.0
23983,2018785.0
23984,2390534.0
23985,4554237.0
23986,6412623.0
23987,3727364.0
23988,1999097.0
23989,3351383.0
23990,3727364.0
23991,5500818.0
23992,6412623.0
23993,3600467.0
23994,2544857.0
23995,2021934.0
23996,5500818.0
23997,3447890.0
23998,8213524.0
23999,2732645.0
24000,1270499.0
24001,5525735.0
24002,3347767.0
24003,3600467.0
24004,2993069.0
24005,3752885.0
24006,4100886.0
24007,4554237.0
24008,1756069.0
24009,3836721.0
24010,3982767.0
24011,6313221.0
24012,3447890.0
24013,7217634.0
24014,3600467.0
24015,3939804.0
24016,1756069.0
24017,6836483.0
24018,6941173.0
24019,2954086.0
24020,4888774.0
24021,6412623.0
24022,4651866.0
24023,6313221.0
24024,3447890.0
24025,7592272.0
24026,1756069.0
24027,2344689.0
24028,6412623.0
24029,1756069.0
24030,3807496.0
24031,3004429.0
24032,3982767.0
24033,6941173.0
24034,2525375.0
24035,4052733.0
24036,4467728.0
24037,2390534.0
24038,2383840.0
24039,3727364.0
24040,1149870.0
24041,1999097.0
24042,3753720.0
24043,7217634.0
24044,5444227.0
24045,3956086.0
24046,1756069.0
24047,2018785.0
24048,1756069.0
24049,1270499.0
24050,1999097.0
24051,1149870.0
24052,2018785.0
24053,5525735.0
24054,3351383.0
24055,2021934.0
24056,6412623.0
24057,2792031.0
24058,3347767.0
24059,4250553.0
24060,2018785.0
24061,2018785.0
24062,2267425.0
24063,1734634.0
24064,2675511.0
24065,2544857.0
24066,2267425.0
24067,3780019.0
24068,2097022.0
24069,1904842.0
24070,3347767.0
24071,4286645.0
24072,2544857.0
24073,5161370.0
24074,7201784.0
24075,2544857.0
24076,2740687.0
24077,2267425.0
24078,3445076.0
24079,1756069.0
24080,4590423.0
24081,2097022.0
24082,3347767.0
24083,4807746.0
24084,2021934.0
24085,1847826.0
24086,2792031.0
24087,1847826.0
24088,3426169.0
24089,6363241.0
24090,2993069.0
24091,1270499.0
24092,6313221.0
24093,4882985.0
24094,3351383.0
24095,2390534.0
24096,4491607.0
24097,5595267.0
24098,4705945.0
24099,2544857.0
24100,7865428.0
24101,3351383.0
24102,2025297.0
24103,1847826.0
24104,1847826.0
24105,2954086.0
24106,4467728.0
24107,2732645.0
24108,3199619.0
24109,1999097.0
24110,9262754.0
24111,4467728.0
24112,4052733.0
24113,4316715.0
24114,1999097.0
24115,6313221.0
24116,2738052.0
24117,3780019.0
24118,2021934.0
24119,5595267.0
24120,3447890.0
24121,4316715.0
24122,1999097.0
24123,2021934.0
24124,7201784.0
24125,4554237.0
24126,4467728.0
24127,2344689.0
24128,2390534.0
24129,4015749.0
24130,3426169.0
24131,3745135.0
24132,3004429.0
24133,3939804.0
24134,4067566.0
24135,5595267.0
24136,2344689.0
24137,2055379.0
24138,1756069.0
24139,2344689.0
24140,2738052.0
24141,2055379.0
24142,2058644.0
24143,3410878.0
24144,2993069.0
24145,2055379.0
24146,3351383.0
24147,5017319.0
24148,4015749.0
24149,1619683.0
24150,3410878.0
24151,2156098.0
24152,4780607.0
24153,3836721.0
24154,4015749.0
24155,3982767.0
24156,7495092.0
24157,5166635.0
24158,1882131.0
24159,4491607.0
24160,2675511.0
24161,4052733.0
24162,1149870.0
24163,4467728.0
24164,3447890.0
24165,1904842.0
24166,3347767.0
24167,2371202.0
24168,3982767.0
24169,3004429.0
24170,6694797.0
24171,2058644.0
24172,3410878.0
24173,4052733.0
24174,2544857.0
24175,1756069.0
24176,4263629.0
24177,3778621.0
24178,1999097.0
24179,2018785.0
24180,3939804.0
24181,2390534.0
24182,4554237.0
24183,2058644.0
24184,4250758.0
24185,1756069.0
24186,2371202.0
24187,1149870.0
24188,3600467.0
24189,2021934.0
24190,1149870.0
24191,9262754.0
24192,3164972.0
24193,5787594.0
24194,1270499.0
24195,2344689.0
24196,1999097.0
24197,3752885.0
24198,6941173.0
24199,2018785.0
24200,3982767.0
24201,3351383.0
24202,3199619.0
24203,3903884.0
24204,2738052.0
24205,6412623.0
24206,5461700.0
24207,3004429.0
24208,7592272.0
24209,3351383.0
24210,3410878.0
24211,2344689.0
24212,3810007.0
24213,6836483.0
24214,8213524.0
24215,3004429.0
24216,2383840.0
24217,4491607.0
24218,2954086.0
24219,1270499.0
24220,1270499.0
24221,6836483.0
24222,4952255.0
24223,2738052.0
24224,2740687.0
24225,4250553.0
24226,3445076.0
24227,2021934.0
24228,3351383.0
24229,2525375.0
24230,5595267.0
24231,2344689.0
24232,3600467.0
24233,7592272.0
24234,4705945.0
24235,3004429.0
24236,3745135.0
24237,1270499.0
24238,7592272.0
24239,1847826.0
24240,5595267.0
24241,1149870.0
24242,3410878.0
24243,1619683.0
24244,4155435.0
24245,5017319.0
24246,3410878.0
24247,2344689.0
24248,3807496.0
24249,3199619.0
24250,4491607.0
24251,4491607.0
24252,2344689.0
24253,3199619.0
24254,1270499.0
24255,1149870.0
24256,3347767.0
24257,3426169.0
24258,6941173.0
24259,6313221.0
24260,3600467.0
24261,9652350.0
24262,4052733.0
24263,6363241.0
24264,6363241.0
24265,2025297.0
24266,5435276.0
24267,3347767.0
24268,1149870.0
24269,3028267.0
24270,3836721.0
24271,2344689.0
24272,3752885.0
24273,4952255.0
24274,2525375.0
24275,3426169.0
24276,3410878.0
24277,4067566.0
24278,2021934.0
24279,4491607.0
24280,3273041.0
24281,3410878.0
24282,3807496.0
24283,1619683.0
24284,4467728.0
24285,2344689.0
24286,4952255.0
24287,7592272.0
24288,1756069.0
24289,3745135.0
24290,1847826.0
24291,6363241.0
24292,4250553.0
24293,3004429.0
24294,4952255.0
24295,6941173.0
24296,2058644.0
24297,3347767.0
24298,2021934.0
24299,3028267.0
24300,5595267.0
24301,3903884.0
24302,2792031.0
24303,3778621.0
24304,3780019.0
24305,7592272.0
24306,6694797.0
24307,3004429.0
24308,2267425.0
24309,2675511.0
24310,3004429.0
24311,2738052.0
24312,6412623.0
24313,3956086.0
24314,2371202.0
24315,3939804.0
24316,2364478.0
24317,3347767.0
24318,7217634.0
24319,3956086.0
24320,5525735.0
24321,3376145.0
24322,6694797.0
24323,6836483.0
24324,3447890.0
24325,4350573.0
24326,2544857.0
24327,3004429.0
24328,3004429.0
24329,2344689.0
24330,3753720.0
24331,2021934.0
24332,1847826.0
24333,2993069.0
24334,4705945.0
24335,3982767.0
24336,5286212.0
24337,3426169.0
24338,6412623.0
24339,4952255.0
24340,2525375.0
24341,4100886.0
24342,3982767.0
24343,3600467.0
24344,3008199.0
24345,1149870.0
24346,4052733.0
24347,3600467.0
24348,2021934.0
24349,4219263.0
24350,6363241.0
24351,2025297.0
24352,3745135.0
24353,5525735.0
24354,4067566.0
24355,1763231.0
24356,2383840.0
24357,4952255.0
24358,1270499.0
24359,4554237.0
24360,2993069.0
24361,9262754.0
24362,6694797.0
24363,3752885.0
24364,2267425.0
24365,4491607.0
24366,1270499.0
24367,1999097.0
24368,3447890.0
24369,2551252.0
24370,1149870.0
24371,2097022.0
24372,3347767.0
24373,4066618.0
24374,2021934.0
24375,1149870.0
24376,1882131.0
24377,4467728.0
24378,4015749.0
24379,3752885.0
24380,2371202.0
24381,7865428.0
24382,3745135.0
24383,1756069.0
24384,5017319.0
24385,5595267.0
24386,2055379.0
24387,4263629.0
24388,1149870.0
24389,4264176.0
24390,2156098.0
24391,2025297.0
24392,3028267.0
24393,2390534.0
24394,2055379.0
24395,2097022.0
24396,2344689.0
24397,8213524.0
24398,3248660.0
24399,2371202.0
24400,1904842.0
24401,4250758.0
24402,6313221.0
24403,1904842.0
24404,3004429.0
24405,2021934.0
24406,5444227.0
24407,3426169.0
24408,3248660.0
24409,5525735.0
24410,5787594.0
24411,3600467.0
24412,3982767.0
24413,4316715.0
24414,1149870.0
24415,2525375.0
24416,1270499.0
24417,2383840.0
24418,1734634.0
24419,6363241.0
24420,2267425.0
24421,3347767.0
24422,4250553.0
24423,3410878.0
24424,7201784.0
24425,1270499.0
24426,3347767.0
24427,2344689.0
24428,3261924.0
24429,2738052.0
24430,4052733.0
24431,3273041.0
24432,3778621.0
24433,2675511.0
24434,4250553.0
24435,2097022.0
24436,5161370.0
24437,3164972.0
24438,1270499.0
24439,7495092.0
24440,4250553.0
24441,3351383.0
24442,1619683.0
24443,2021934.0
24444,2097022.0
24445,2344689.0
24446,4467728.0
24447,4554237.0
24448,2999068.0
24449,6363241.0
24450,6412623.0
24451,3248660.0
24452,9262754.0
24453,2792031.0
24454,7592272.0
24455,3939804.0
24456,1999097.0
24457,2267425.0
24458,1270499.0
24459,1763231.0
24460,4219263.0
24461,2021934.0
24462,2097022.0
24463,8213524.0
24464,3956086.0
24465,2525375.0
24466,4250758.0
24467,2058644.0
24468,4952255.0
24469,4491607.0
24470,1149870.0
24471,7592272.0
24472,6313221.0
24473,9262754.0
24474,2267425.0
24475,2675511.0
24476,6313221.0
24477,2792031.0
24478,1847826.0
24479,2097022.0
24480,7865428.0
24481,4491607.0
24482,6313221.0
24483,2954086.0
24484,3351383.0
24485,5906596.0
24486,1882131.0
24487,1882131.0
24488,4066618.0
24489,2025297.0
24490,2267425.0
24491,4780607.0
24492,2390534.0
24493,1756069.0
24494,3982767.0
24495,2058644.0
24496,7592272.0
24497,3258837.0
24498,6313221.0
24499,5595267.0
24500,1882131.0
24501,2344689.0
24502,6363241.0
24503,3004429.0
24504,2383840.0
24505,4052733.0
24506,4590423.0
24507,2732645.0
24508,3780019.0
24509,2371202.0
24510,5595267.0
24511,4052733.0
24512,6313221.0
24513,2390534.0
24514,3982767.0
24515,2344689.0
24516,1999097.0
24517,3164972.0
24518,7592272.0
24519,3445076.0
24520,3982767.0
24521,3982767.0
24522,3939804.0
24523,2544857.0
24524,2738052.0
24525,3836721.0
24526,2993069.0
24527,4316715.0
24528,4952255.0
24529,4491607.0
24530,1756069.0
24531,6313221.0
24532,1882131.0
24533,4554237.0
24534,3752885.0
24535,3199619.0
24536,2344689.0
24537,3410878.0
24538,3347767.0
24539,7592272.0
24540,4250553.0
24541,3426169.0
24542,3956086.0
24543,1149870.0
24544,4491607.0
24545,4015749.0
24546,1756069.0
24547,2344689.0
24548,2544857.0
24549,4705945.0
24550,2021934.0
24551,3752885.0
24552,7592272.0
24553,1882131.0
24554,4250758.0
24555,2018785.0
24556,2390534.0
24557,2993069.0
24558,4100886.0
24559,3445076.0
24560,2544857.0
24561,2097022.0
24562,4250553.0
24563,4250553.0
24564,2738052.0
24565,2018785.0
24566,3028267.0
24567,3028267.0
24568,5337526.0
24569,2018785.0
24570,2025297.0
24571,6313221.0
24572,2097022.0
24573,4952255.0
24574,1847826.0
24575,3347767.0
24576,3982767.0
24577,2344689.0
24578,4590423.0
24579,8894598.0
24580,2083447.0
24581,4250758.0
24582,4705945.0
24583,2021934.0
24584,2732645.0
24585,2999068.0
24586,6941173.0
24587,2364478.0
24588,5787594.0
24589,2371202.0
24590,5435276.0
24591,3008199.0
24592,3347767.0
24593,2344689.0
24594,2058644.0
24595,3807496.0
24596,2058644.0
24597,4807746.0
24598,3752885.0
24599,7865428.0
24600,3410878.0
24601,3218918.0
24602,2344689.0
24603,6412623.0
24604,3347767.0
24605,1999097.0
24606,3347767.0
24607,6694797.0
24608,1763231.0
24609,4136425.0
24610,5525735.0
24611,5595267.0
24612,1270499.0
24613,4705945.0
24614,1999097.0
24615,6836483.0
24616,5435276.0
24617,2344689.0
24618,3261924.0
24619,5444227.0
24620,2021934.0
24621,3727364.0
24622,3351383.0
24623,5166635.0
24624,2097022.0
24625,4015749.0
24626,4705945.0
24627,3410878.0
24628,2083447.0
24629,2525375.0
24630,5653753.0
24631,3727364.0
24632,1149870.0
24633,6941173.0
24634,1270499.0
24635,1904842.0
24636,4467728.0
24637,4100886.0
24638,4052733.0
24639,3199619.0
24640,3807496.0
24641,2792031.0
24642,5595267.0
24643,3376145.0
24644,1756069.0
24645,1904842.0
24646,6412623.0
24647,2383840.0
24648,1756069.0
24649,1619683.0
24650,3028267.0
24651,4250553.0
24652,8213524.0
24653,1149870.0
24654,2021934.0
24655,2993069.0
24656,2954086.0
24657,3351383.0
24658,16549064.0
24659,1619683.0
24660,3982767.0
24661,4100886.0
24662,3982767.0
24663,4491607.0
24664,4554237.0
24665,3745135.0
24666,3351383.0
24667,2058644.0
24668,4015749.0
24669,5906596.0
24670,6694797.0
24671,3982767.0
24672,2792031.0
24673,7201784.0
24674,1734634.0
24675,2083447.0
24676,1270499.0
24677,2344689.0
24678,3982767.0
24679,1149870.0
24680,6412623.0
24681,3982767.0
24682,3410878.0
24683,3447890.0
24684,4250553.0
24685,1847826.0
24686,4491607.0
24687,3903884.0
24688,2097022.0
24689,2390534.0
24690,2058644.0
24691,1149870.0
24692,7495092.0
24693,1999097.0
24694,2055379.0
24695,4052733.0
24696,2018785.0
24697,1619683.0
24698,2344689.0
24699,4250553.0
24700,3410878.0
24701,5595267.0
24702,4590423.0
24703,3903884.0
24704,3426169.0
24705,4705945.0
24706,2018785.0
24707,3410878.0
24708,3273041.0
24709,3004429.0
24710,2344689.0
24711,3351383.0
24712,4264176.0
24713,6923131.0
24714,2021934.0
24715,7592272.0
24716,4467728.0
24717,8213524.0
24718,4888774.0
24719,3347767.0
24720,3956086.0
24721,4952255.0
24722,3218918.0
24723,2344689.0
24724,6694797.0
24725,1149870.0
24726,4052733.0
24727,4264176.0
24728,3347767.0
24729,1734634.0
24730,3903884.0
24731,2551252.0
24732,2544857.0
24733,1734634.0
24734,3745135.0
24735,4015749.0
24736,3347767.0
24737,4264176.0
24738,6412623.0
24739,2344689.0
24740,2551252.0
24741,2097022.0
24742,4250758.0
24743,4952255.0
24744,4067566.0
24745,2544857.0
24746,4590423.0
24747,3956086.0
24748,4100886.0
24749,2097022.0
24750,3351383.0
24751,5461700.0
24752,4888774.0
24753,1756069.0
24754,3778621.0
24755,1756069.0
24756,3347767.0
24757,1619683.0
24758,3351383.0
24759,3780019.0
24760,4052733.0
24761,3351383.0
24762,2675511.0
24763,1904842.0
24764,2097022.0
24765,5286212.0
24766,3261924.0
24767,2551252.0
24768,2058644.0
24769,2021934.0
24770,6941173.0
24771,1847826.0
24772,2267425.0
24773,1756069.0
24774,4807746.0
24775,2675511.0
24776,1882131.0
24777,1999097.0
24778,4316715.0
24779,4952255.0
24780,6412623.0
24781,2675511.0
24782,2383840.0
24783,3347767.0
24784,3273041.0
24785,6923131.0
24786,2025297.0
24787,8213524.0
24788,2058644.0
24789,4316715.0
24790,3807496.0
24791,4350573.0
24792,1270499.0
24793,3248660.0
24794,5500818.0
24795,3600467.0
24796,4888774.0
24797,1999097.0
24798,7592272.0
24799,3258837.0
24800,2675511.0
24801,3004429.0
24802,2097022.0
24803,7201784.0
24804,5906596.0
24805,3258837.0
24806,2021934.0
24807,4155435.0
24808,6941173.0
24809,2993069.0
24810,1270499.0
24811,5161370.0
24812,1270499.0
24813,7592272.0
24814,2058644.0
24815,6694797.0
24816,2097022.0
24817,5435276.0
24818,2025297.0
24819,2993069.0
24820,4052733.0
24821,6941173.0
24822,7865428.0
24823,4888774.0
24824,2018785.0
24825,3347767.0
24826,7592272.0
24827,1619683.0
24828,2544857.0
24829,3727364.0
24830,1756069.0
24831,4780607.0
24832,3004429.0
24833,1734634.0
24834,3004429.0
24835,4067566.0
24836,3218918.0
24837,4250553.0
24838,2732645.0
24839,5595267.0
24840,3982767.0
24841,3727364.0
24842,7201784.0
24843,4286645.0
24844,2344689.0
24845,3836721.0
24846,4780607.0
24847,1847826.0
24848,2999068.0
24849,1734634.0
24850,2058644.0
24851,4952255.0
24852,2344689.0
24853,3347767.0
24854,2732645.0
24855,3784230.0
24856,4467728.0
24857,2344689.0
24858,5166635.0
24859,4807746.0
24860,1999097.0
24861,3745135.0
24862,1149870.0
24863,2018785.0
24864,5595267.0
24865,5500818.0
24866,2551252.0
24867,1847826.0
24868,3778621.0
24869,4155435.0
24870,5435276.0
24871,4590423.0
24872,3410878.0
24873,8904084.0
24874,1270499.0
24875,2525375.0
24876,2390534.0
24877,4952255.0
24878,3447890.0
24879,7217634.0
24880,3939804.0
24881,4952255.0
24882,3745135.0
24883,1149870.0
24884,3445076.0
24885,2525375.0
24886,1882131.0
24887,2025297.0
24888,2018785.0
24889,3410878.0
24890,3956086.0
24891,4250553.0
24892,2344689.0
24893,3871344.0
24894,3351383.0
24895,1270499.0
24896,3939804.0
24897,8213524.0
24898,7592272.0
24899,5500818.0
24900,2018785.0
24901,2675511.0
24902,1847826.0
24903,3004429.0
24904,2025297.0
24905,2025297.0
24906,1756069.0
24907,1619683.0
24908,2025297.0
24909,2018785.0
24910,4264176.0
24911,2021934.0
24912,3410878.0
24913,3347767.0
24914,4264176.0
24915,2390534.0
24916,3004429.0
24917,3347767.0
24918,3982767.0
24919,1847826.0
24920,3752885.0
24921,1756069.0
24922,2058644.0
24923,3727364.0
24924,1756069.0
24925,7592272.0
24926,4219263.0
24927,2021934.0
24928,2058644.0
24929,3258837.0
24930,3199619.0
24931,6923131.0
24932,2344689.0
24933,3261924.0
24934,2525375.0
24935,5444227.0
24936,3745135.0
24937,1847826.0
24938,5525735.0
24939,3248660.0
24940,3008199.0
24941,4350573.0
24942,4467728.0
24943,4250553.0
24944,6313221.0
24945,3982767.0
24946,4491607.0
24947,1882131.0
24948,2097022.0
24949,1763231.0
24950,3600467.0
24951,4952255.0
24952,4015749.0
24953,1734634.0
24954,3410878.0
24955,1149870.0
24956,2058644.0
24957,3836721.0
24958,1756069.0
24959,3410878.0
24960,1999097.0
24961,8213524.0
24962,3347767.0
24963,3004429.0
24964,2675511.0
24965,2021934.0
24966,4491607.0
24967,4590423.0
24968,4263629.0
24969,7592272.0
24970,2021934.0
24971,2018785.0
24972,3351383.0
24973,3600467.0
24974,7865428.0
24975,8213524.0
24976,3452382.0
24977,1882131.0
24978,3807496.0
24979,1882131.0
24980,5595267.0
24981,2344689.0
24982,1882131.0
24983,3426169.0
24984,9262754.0
24985,5906596.0
24986,1999097.0
24987,4219263.0
24988,2390534.0
24989,2058644.0
24990,2021934.0
24991,2267425.0
24992,4219263.0
24993,2058644.0
24994,2993069.0
24995,8213524.0
24996,4136425.0
24997,1756069.0
24998,6412623.0
24999,8630682.0
25000,2544857.0
25001,2021934.0
25002,3939804.0
25003,8213524.0
25004,5595267.0
25005,5461700.0
25006,3745135.0
25007,2551252.0
25008,2083447.0
25009,7495092.0
25010,2156098.0
25011,7592272.0
25012,4263629.0
25013,4066618.0
25014,7592272.0
25015,3600467.0
25016,6694797.0
25017,1270499.0
25018,5653753.0
25019,1904842.0
25020,4067566.0
25021,2344689.0
25022,8213524.0
25023,5595267.0
25024,3347767.0
25025,4219263.0
25026,3447890.0
25027,8213524.0
25028,3376145.0
25029,2551252.0
25030,1904842.0
25031,4780607.0
25032,9262754.0
25033,1847826.0
25034,8213524.0
25035,8213524.0
25036,4882985.0
25037,4067566.0
25038,1270499.0
25039,3836721.0
25040,6923131.0
25041,2156098.0
25042,2018785.0
25043,2364478.0
25044,2544857.0
25045,2097022.0
25046,1763231.0
25047,1619683.0
25048,2344689.0
25049,2018785.0
25050,8213524.0
25051,3347767.0
25052,2551252.0
25053,2525375.0
25054,3351383.0
25055,3164972.0
25056,1763231.0
25057,8213524.0
25058,6363241.0
25059,6782425.0
25060,8894598.0
25061,4882985.0
25062,6412623.0
25063,2267425.0
25064,4250758.0
25065,3778621.0
25066,5595267.0
25067,7495092.0
25068,4350573.0
25069,3780019.0
25070,2021934.0
25071,2390534.0
25072,3982767.0
25073,2732645.0
25074,1756069.0
25075,4491607.0
25076,2267425.0
25077,2344689.0
25078,3982767.0
25079,4015749.0
25080,1999097.0
25081,2390534.0
25082,1734634.0
25083,3982767.0
25084,2156098.0
25085,4491607.0
25086,7217634.0
25087,3347767.0
25088,3600467.0
25089,2018785.0
25090,2344689.0
25091,1999097.0
25092,2390534.0
25093,2732645.0
25094,5286212.0
25095,7217634.0
25096,1999097.0
25097,3982767.0
25098,2021934.0
25099,2055379.0
25100,4052733.0
25101,4052733.0
25102,6782425.0
25103,1847826.0
25104,3004429.0
25105,6941173.0
25106,4316715.0
25107,1999097.0
25108,4467728.0
25109,3004429.0
25110,4067566.0
25111,2021934.0
25112,4888774.0
25113,3273041.0
25114,6363241.0
25115,3778621.0
25116,5017319.0
25117,2058644.0
25118,2344689.0
25119,2390534.0
25120,5337526.0
25121,3600467.0
25122,4316715.0
25123,6923131.0
25124,1270499.0
25125,3199619.0
25126,4316715.0
25127,1619683.0
25128,3836721.0
25129,2792031.0
25130,6412623.0
25131,2097022.0
25132,3600467.0
25133,1619683.0
25134,4467728.0
25135,6836483.0
25136,3836721.0
25137,3745135.0
25138,3982767.0
25139,3727364.0
25140,1149870.0
25141,2551252.0
25142,3004429.0
25143,2021934.0
25144,2371202.0
25145,2018785.0
25146,2021934.0
25147,3745135.0
25148,3004429.0
25149,2021934.0
25150,2954086.0
25151,4067566.0
25152,5787594.0
25153,6363241.0
25154,3410878.0
25155,3426169.0
25156,4100886.0
25157,2364478.0
25158,1999097.0
25159,1149870.0
25160,1756069.0
25161,2544857.0
25162,1882131.0
25163,7592272.0
25164,2383840.0
25165,4067566.0
25166,4052733.0
25167,2390534.0
25168,3745135.0
25169,2344689.0
25170,3982767.0
25171,3261924.0
25172,2025297.0
25173,4491607.0
25174,2018785.0
25175,3273041.0
25176,2344689.0
25177,2267425.0
25178,3745135.0
25179,3956086.0
25180,3752885.0
25181,3028267.0
25182,3410878.0
25183,1270499.0
25184,2055379.0
25185,7865428.0
25186,8894598.0
25187,4052733.0
25188,8213524.0
25189,2058644.0
25190,2344689.0
25191,4952255.0
25192,4467728.0
25193,3600467.0
25194,4651866.0
25195,2058644.0
25196,3426169.0
25197,4250553.0
25198,1619683.0
25199,3351383.0
25200,1149870.0
25201,7865428.0
25202,4705945.0
25203,3347767.0
25204,3939804.0
25205,3347767.0
25206,3982767.0
25207,5435276.0
25208,1756069.0
25209,3600467.0
25210,5595267.0
25211,7201784.0
25212,3753720.0
25213,7865428.0
25214,3745135.0
25215,5653753.0
25216,4264176.0
25217,6412623.0
25218,1999097.0
25219,6941173.0
25220,3939804.0
25221,6941173.0
25222,2097022.0
25223,4491607.0
25224,2390534.0
25225,13575224.0
25226,4250553.0
25227,4264176.0
25228,2344689.0
25229,4067566.0
25230,4705945.0
25231,3004429.0
25232,3727364.0
25233,3939804.0
25234,6923131.0
25235,2344689.0
25236,3745135.0
25237,1270499.0
25238,2055379.0
25239,7495092.0
25240,6363241.0
25241,7592272.0
25242,1756069.0
25243,2993069.0
25244,3982767.0
25245,2738052.0
25246,3982767.0
25247,1847826.0
25248,1756069.0
25249,3745135.0
25250,1756069.0
25251,4015749.0
25252,2738052.0
25253,1756069.0
25254,2018785.0
25255,7217634.0
25256,1904842.0
25257,1756069.0
25258,3426169.0
25259,1270499.0
25260,2097022.0
25261,3410878.0
25262,3600467.0
25263,4015749.0
25264,4467728.0
25265,3351383.0
25266,5500818.0
25267,4491607.0
25268,3347767.0
25269,5595267.0
25270,3347767.0
25271,2156098.0
25272,3410878.0
25273,6836483.0
25274,5435276.0
25275,3982767.0
25276,3939804.0
25277,6694797.0
25278,1270499.0
25279,2675511.0
25280,2525375.0
25281,3258837.0
25282,2097022.0
25283,2018785.0
25284,2390534.0
25285,3778621.0
25286,2058644.0
25287,4807746.0
25288,2018785.0
25289,2025297.0
25290,2544857.0
25291,4350573.0
25292,1882131.0
25293,3778621.0
25294,2018785.0
25295,4882985.0
25296,3376145.0
25297,3753720.0
25298,2344689.0
25299,5595267.0
25300,1619683.0
25301,1999097.0
25302,1756069.0
25303,3780019.0
25304,3780019.0
25305,6363241.0
25306,4316715.0
25307,4100886.0
25308,4952255.0
25309,2738052.0
25310,3218918.0
25311,4467728.0
25312,2097022.0
25313,5906596.0
25314,4590423.0
25315,3982767.0
25316,2083447.0
25317,4952255.0
25318,4250553.0
25319,1763231.0
25320,2738052.0
25321,3004429.0
25322,6313221.0
25323,1270499.0
25324,4100886.0
25325,2390534.0
25326,2021934.0
25327,6694797.0
25328,2097022.0
25329,9652350.0
25330,1270499.0
25331,1763231.0
25332,2018785.0
25333,5166635.0
25334,1999097.0
25335,1999097.0
25336,4952255.0
25337,4100886.0
25338,2018785.0
25339,2021934.0
25340,3351383.0
25341,2097022.0
25342,3778621.0
25343,4316715.0
25344,3447890.0
25345,4250553.0
25346,3982767.0
25347,3351383.0
25348,2021934.0
25349,3028267.0
25350,3752885.0
25351,6363241.0
25352,1270499.0
25353,3903884.0
25354,5787594.0
25355,1619683.0
25356,4316715.0
25357,4316715.0
25358,6923131.0
25359,1882131.0
25360,3780019.0
25361,3261924.0
25362,2083447.0
25363,2732645.0
25364,5525735.0
25365,2058644.0
25366,1999097.0
25367,2675511.0
25368,2021934.0
25369,3273041.0
25370,8213524.0
25371,1999097.0
25372,3426169.0
25373,1734634.0
25374,3982767.0
25375,3600467.0
25376,4250553.0
25377,6412623.0
25378,1619683.0
25379,2344689.0
25380,2993069.0
25381,1904842.0
25382,6412623.0
25383,5461700.0
25384,5595267.0
25385,2732645.0
25386,4264176.0
25387,4554237.0
25388,2344689.0
25389,2156098.0
25390,2097022.0
25391,2371202.0
25392,2097022.0
25393,1619683.0
25394,3982767.0
25395,1882131.0
25396,5286212.0
25397,3752885.0
25398,3351383.0
25399,2058644.0
25400,7495092.0
25401,5906596.0
25402,2058644.0
25403,5017319.0
25404,3780019.0
25405,2021934.0
25406,3351383.0
25407,3780019.0
25408,2383840.0
25409,6313221.0
25410,4015749.0
25411,5500818.0
25412,2525375.0
25413,2097022.0
25414,4250553.0
25415,2390534.0
25416,7592272.0
25417,4067566.0
25418,1999097.0
25419,3004429.0
25420,3410878.0
25421,1882131.0
25422,5525735.0
25423,6923131.0
25424,1847826.0
25425,2344689.0
25426,1763231.0
25427,2025297.0
25428,2344689.0
25429,4263629.0
25430,4780607.0
25431,3028267.0
25432,4952255.0
25433,5595267.0
25434,4590423.0
25435,2156098.0
25436,3376145.0
25437,4491607.0
25438,3956086.0
25439,3982767.0
25440,2551252.0
25441,2738052.0
25442,3004429.0
25443,4467728.0
25444,2097022.0
25445,2675511.0
25446,2021934.0
25447,3807496.0
25448,1882131.0
25449,8213524.0
25450,1882131.0
25451,2018785.0
25452,4100886.0
25453,3248660.0
25454,8630682.0
25455,4316715.0
25456,2018785.0
25457,7495092.0
25458,2058644.0
25459,3753720.0
25460,3982767.0
25461,4250553.0
25462,2058644.0
25463,5595267.0
25464,2058644.0
25465,2083447.0
25466,3810007.0
25467,4952255.0
25468,5435276.0
25469,2018785.0
25470,3028267.0
25471,4554237.0
25472,1270499.0
25473,3600467.0
25474,5461700.0
25475,2097022.0
25476,3248660.0
25477,2344689.0
25478,3351383.0
25479,8213524.0
25480,1270499.0
25481,3028267.0
25482,4250758.0
25483,3351383.0
25484,2025297.0
25485,3261924.0
25486,2344689.0
25487,7217634.0
25488,5161370.0
25489,3351383.0
25490,3199619.0
25491,1756069.0
25492,4467728.0
25493,3982767.0
25494,1619683.0
25495,2371202.0
25496,1756069.0
25497,4952255.0
25498,3956086.0
25499,2156098.0
25500,1756069.0
25501,2344689.0
25502,3939804.0
25503,3248660.0
25504,4590423.0
25505,3982767.0
25506,3778621.0
25507,2097022.0
25508,2344689.0
25509,1149870.0
25510,5435276.0
25511,2544857.0
25512,2993069.0
25513,2390534.0
25514,3982767.0
25515,5435276.0
25516,2083447.0
25517,3447890.0
25518,3410878.0
25519,3410878.0
25520,4952255.0
25521,3982767.0
25522,4100886.0
25523,1756069.0
25524,2083447.0
25525,2018785.0
25526,2021934.0
25527,1756069.0
25528,2525375.0
25529,2018785.0
25530,3028267.0
25531,3426169.0
25532,2058644.0
25533,3248660.0
25534,2021934.0
25535,3376145.0
25536,3982767.0
25537,6412623.0
25538,3347767.0
25539,3347767.0
25540,1270499.0
25541,1763231.0
25542,2390534.0
25543,4952255.0
25544,2097022.0
25545,4250553.0
25546,7865428.0
25547,1999097.0
25548,2344689.0
25549,2097022.0
25550,2792031.0
25551,4052733.0
25552,4780607.0
25553,4350573.0
25554,3004429.0
25555,2954086.0
25556,2025297.0
25557,3410878.0
25558,5595267.0
25559,4066618.0
25560,3004429.0
25561,2021934.0
25562,3248660.0
25563,6313221.0
25564,4882985.0
25565,4015749.0
25566,1999097.0
25567,4316715.0
25568,3836721.0
25569,5444227.0
25570,3351383.0
25571,1270499.0
25572,4316715.0
25573,3410878.0
25574,2525375.0
25575,3447890.0
25576,4067566.0
25577,6694797.0
25578,2738052.0
25579,2055379.0
25580,3273041.0
25581,2058644.0
25582,1270499.0
25583,4590423.0
25584,4491607.0
25585,1149870.0
25586,1999097.0
25587,2525375.0
25588,4491607.0
25589,5161370.0
25590,5595267.0
25591,13575224.0
25592,3982767.0
25593,1999097.0
25594,6313221.0
25595,2993069.0
25596,1904842.0
25597,3600467.0
25598,2371202.0
25599,4316715.0
25600,4554237.0
25601,2018785.0
25602,2954086.0
25603,3410878.0
25604,2738052.0
25605,3347767.0
25606,5017319.0
25607,4052733.0
25608,7495092.0
25609,2525375.0
25610,9262754.0
25611,2156098.0
25612,2055379.0
25613,2792031.0
25614,3347767.0
25615,2344689.0
25616,4705945.0
25617,3426169.0
25618,2018785.0
25619,8213524.0
25620,4264176.0
25621,3347767.0
25622,2097022.0
25623,7865428.0
25624,7217634.0
25625,1619683.0
25626,5444227.0
25627,6782425.0
25628,1734634.0
25629,3258837.0
25630,3939804.0
25631,2732645.0
25632,3807496.0
25633,2792031.0
25634,2675511.0
25635,1619683.0
25636,6412623.0
25637,1999097.0
25638,2738052.0
25639,1847826.0
25640,2371202.0
25641,2390534.0
25642,3982767.0
25643,3218918.0
25644,2021934.0
25645,3028267.0
25646,8213524.0
25647,3351383.0
25648,4780607.0
25649,3004429.0
25650,3447890.0
25651,3004429.0
25652,1149870.0
25653,3600467.0
25654,2058644.0
25655,3426169.0
25656,3347767.0
25657,8213524.0
25658,6836483.0
25659,8213524.0
25660,3347767.0
25661,2544857.0
25662,5161370.0
25663,4264176.0
25664,3600467.0
25665,2025297.0
25666,4250553.0
25667,2993069.0
25668,3426169.0
25669,2364478.0
25670,6363241.0
25671,3004429.0
25672,2544857.0
25673,2390534.0
25674,3004429.0
25675,3347767.0
25676,1882131.0
25677,3939804.0
25678,3753720.0
25679,4467728.0
25680,2344689.0
25681,2344689.0
25682,3248660.0
25683,1756069.0
25684,6313221.0
25685,2156098.0
25686,16549064.0
25687,1619683.0
25688,3600467.0
25689,2544857.0
25690,1847826.0
25691,3784230.0
25692,3982767.0
25693,6363241.0
25694,4250758.0
25695,2544857.0
25696,2097022.0
25697,2018785.0
25698,3376145.0
25699,4807746.0
25700,2792031.0
25701,7592272.0
25702,3258837.0
25703,1270499.0
25704,1847826.0
25705,7217634.0
25706,2390534.0
25707,1619683.0
25708,2097022.0
25709,2390534.0
25710,3410878.0
25711,4263629.0
25712,4590423.0
25713,3004429.0
25714,2058644.0
25715,9262754.0
25716,1619683.0
25717,4467728.0
25718,2738052.0
25719,3903884.0
25720,4015749.0
25721,3410878.0
25722,6313221.0
25723,7592272.0
25724,4250553.0
25725,3347767.0
25726,4250758.0
25727,2525375.0
25728,2993069.0
25729,5966193.0
25730,3807496.0
25731,4952255.0
25732,3028267.0
25733,2055379.0
25734,3351383.0
25735,3199619.0
25736,3258837.0
25737,4219263.0
25738,4316715.0
25739,4052733.0
25740,7592272.0
25741,2732645.0
25742,1847826.0
25743,5525735.0
25744,2021934.0
25745,6313221.0
25746,2267425.0
25747,2732645.0
25748,3982767.0
25749,3351383.0
25750,4015749.0
25751,2055379.0
25752,2021934.0
25753,2344689.0
25754,9262754.0
25755,3410878.0
25756,4316715.0
25757,1619683.0
25758,3347767.0
25759,3273041.0
25760,2344689.0
25761,2344689.0
25762,4286645.0
25763,3351383.0
25764,3807496.0
25765,4705945.0
25766,3447890.0
25767,3982767.0
25768,2025297.0
25769,3004429.0
25770,2021934.0
25771,3807496.0
25772,3982767.0
25773,2025297.0
25774,3273041.0
25775,1619683.0
25776,5166635.0
25777,5595267.0
25778,1619683.0
25779,1756069.0
25780,1999097.0
25781,1904842.0
25782,3218918.0
25783,3939804.0
25784,1149870.0
25785,1619683.0
25786,3410878.0
25787,6412623.0
25788,1882131.0
25789,2525375.0
25790,2344689.0
25791,4952255.0
25792,1999097.0
25793,3752885.0
25794,1756069.0
25795,4100886.0
25796,4952255.0
25797,4590423.0
25798,2097022.0
25799,2097022.0
25800,3807496.0
25801,3836721.0
25802,4780607.0
25803,2083447.0
25804,2675511.0
25805,4316715.0
25806,2675511.0
25807,4651866.0
25808,4250758.0
25809,3347767.0
25810,2732645.0
25811,6836483.0
25812,2364478.0
25813,3745135.0
25814,3347767.0
25815,2344689.0
25816,3447890.0
25817,4015749.0
25818,5500818.0
25819,2021934.0
25820,4554237.0
25821,3836721.0
25822,3004429.0
25823,1270499.0
25824,2732645.0
25825,1904842.0
25826,5595267.0
25827,2018785.0
25828,4100886.0
25829,2525375.0
25830,1756069.0
25831,8213524.0
25832,4590423.0
25833,2156098.0
25834,5017319.0
25835,3410878.0
25836,3982767.0
25837,2371202.0
25838,1734634.0
25839,1734634.0
25840,3028267.0
25841,3836721.0
25842,5525735.0
25843,1999097.0
25844,3376145.0
25845,5017319.0
25846,2344689.0
25847,4286645.0
25848,1149870.0
25849,4350573.0
25850,4429512.0
25851,5787594.0
25852,3410878.0
25853,8213524.0
25854,2344689.0
25855,4467728.0
25856,1756069.0
25857,2792031.0
25858,4015749.0
25859,5017319.0
25860,1619683.0
25861,2018785.0
25862,2371202.0
25863,1734634.0
25864,1149870.0
25865,3004429.0
25866,5653753.0
25867,6941173.0
25868,1999097.0
25869,3600467.0
25870,2018785.0
25871,4015749.0
25872,4780607.0
25873,8213524.0
25874,3982767.0
25875,3410878.0
25876,3028267.0
25877,1619683.0
25878,3778621.0
25879,2371202.0
25880,1847826.0
25881,3939804.0
25882,4705945.0
25883,3982767.0
25884,5595267.0
25885,2021934.0
25886,1882131.0
25887,4067566.0
25888,4052733.0
25889,2156098.0
25890,2058644.0
25891,4780607.0
25892,8213524.0
25893,2544857.0
25894,3982767.0
25895,2267425.0
25896,5500818.0
25897,4952255.0
25898,5337526.0
25899,4491607.0
25900,6941173.0
25901,1756069.0
25902,1619683.0
25903,1149870.0
25904,3347767.0
25905,5595267.0
25906,4052733.0
25907,2344689.0
25908,3939804.0
25909,2544857.0
25910,4491607.0
25911,2390534.0
25912,7592272.0
25913,2732645.0
25914,4263629.0
25915,2267425.0
25916,1270499.0
25917,3258837.0
25918,2364478.0
25919,3426169.0
25920,6363241.0
25921,1756069.0
25922,2083447.0
25923,4491607.0
25924,6412623.0
25925,3780019.0
25926,1270499.0
25927,2993069.0
25928,3956086.0
25929,6941173.0
25930,4264176.0
25931,4807746.0
25932,5525735.0
25933,2058644.0
25934,5653753.0
25935,4250553.0
25936,4554237.0
25937,3248660.0
25938,5166635.0
25939,1734634.0
25940,3351383.0
25941,2018785.0
25942,8213524.0
25943,2021934.0
25944,2792031.0
25945,5595267.0
25946,2097022.0
25947,2025297.0
25948,2390534.0
25949,3600467.0
25950,2058644.0
25951,2344689.0
25952,3745135.0
25953,2021934.0
25954,3248660.0
25955,3248660.0
25956,2018785.0
25957,2390534.0
25958,1756069.0
25959,7592272.0
25960,4705945.0
25961,6941173.0
25962,1756069.0
25963,3004429.0
25964,5595267.0
25965,2390534.0
25966,5787594.0
25967,3028267.0
25968,4491607.0
25969,1904842.0
25970,2025297.0
25971,1270499.0
25972,7592272.0
25973,1619683.0
25974,2018785.0
25975,4952255.0
25976,4705945.0
25977,2018785.0
25978,1882131.0
25979,1904842.0
25980,1847826.0
25981,3426169.0
25982,1999097.0
25983,2344689.0
25984,2999068.0
25985,2993069.0
25986,4052733.0
25987,2018785.0
25988,7865428.0
25989,2364478.0
25990,7201784.0
25991,2544857.0
25992,1904842.0
25993,3258837.0
25994,7592272.0
25995,2551252.0
25996,3028267.0
25997,3745135.0
25998,2058644.0
25999,3745135.0
26000,3447890.0
26001,1847826.0
26002,2738052.0
26003,2058644.0
26004,7592272.0
26005,4015749.0
26006,1904842.0
26007,4807746.0
26008,4052733.0
26009,2390534.0
26010,3447890.0
26011,1999097.0
26012,4467728.0
26013,7495092.0
26014,7592272.0
26015,2267425.0
26016,2025297.0
26017,8213524.0
26018,3745135.0
26019,6412623.0
26020,3351383.0
26021,2021934.0
26022,6313221.0
26023,2525375.0
26024,2390534.0
26025,4067566.0
26026,1847826.0
26027,4264176.0
26028,5017319.0
26029,2021934.0
26030,3410878.0
26031,3410878.0
26032,4554237.0
26033,4467728.0
26034,3745135.0
26035,1270499.0
26036,3351383.0
26037,3261924.0
26038,3956086.0
26039,3376145.0
26040,3004429.0
26041,1882131.0
26042,4467728.0
26043,1999097.0
26044,3376145.0
26045,2021934.0
26046,2018785.0
26047,2058644.0
26048,4705945.0
26049,2021934.0
26050,4066618.0
26051,3004429.0
26052,2390534.0
26053,5525735.0
26054,6694797.0
26055,3410878.0
26056,8213524.0
26057,6412623.0
26058,3727364.0
26059,7592272.0
26060,1904842.0
26061,3351383.0
26062,4554237.0
26063,1756069.0
26064,1999097.0
26065,2551252.0
26066,7865428.0
26067,2390534.0
26068,3752885.0
26069,5787594.0
26070,2383840.0
26071,4554237.0
26072,6836483.0
26073,3426169.0
26074,3248660.0
26075,7865428.0
26076,3376145.0
26077,1149870.0
26078,1270499.0
26079,1999097.0
26080,5595267.0
26081,4136425.0
26082,7592272.0
26083,1270499.0
26084,2344689.0
26085,1847826.0
26086,3982767.0
26087,6941173.0
26088,1999097.0
26089,1734634.0
26090,2732645.0
26091,4705945.0
26092,2156098.0
26093,2055379.0
26094,6313221.0
26095,9262754.0
26096,5595267.0
26097,4250553.0
26098,4264176.0
26099,6923131.0
26100,2675511.0
26101,2792031.0
26102,3778621.0
26103,4952255.0
26104,2058644.0
26105,2055379.0
26106,6313221.0
26107,4264176.0
26108,7217634.0
26109,5525735.0
26110,1270499.0
26111,3836721.0
26112,3347767.0
26113,4136425.0
26114,2021934.0
26115,2021934.0
26116,4350573.0
26117,2732645.0
26118,3752885.0
26119,7865428.0
26120,5500818.0
26121,1847826.0
26122,7495092.0
26123,3903884.0
26124,1270499.0
26125,2544857.0
26126,3939804.0
26127,3982767.0
26128,3745135.0
26129,1882131.0
26130,3600467.0
26131,4350573.0
26132,2097022.0
26133,3752885.0
26134,3600467.0
26135,1756069.0
26136,1270499.0
26137,3351383.0
26138,3351383.0
26139,3410878.0
26140,3778621.0
26141,2551252.0
26142,1999097.0
26143,1619683.0
26144,4491607.0
26145,3780019.0
26146,2018785.0
26147,2018785.0
26148,6941173.0
26149,3752885.0
26150,2344689.0
26151,1149870.0
26152,3745135.0
26153,1756069.0
26154,1270499.0
26155,3818055.0
26156,2018785.0
26157,1999097.0
26158,3351383.0
26159,3351383.0
26160,4263629.0
26161,1149870.0
26162,2344689.0
26163,3004429.0
26164,4316715.0
26165,2021934.0
26166,1619683.0
26167,3939804.0
26168,3273041.0
26169,3600467.0
26170,7592272.0
26171,3956086.0
26172,4705945.0
26173,4067566.0
26174,6363241.0
26175,4100886.0
26176,8213524.0
26177,1734634.0
26178,5461700.0
26179,2344689.0
26180,2675511.0
26181,3426169.0
26182,1619683.0
26183,5017319.0
26184,2544857.0
26185,3727364.0
26186,4888774.0
26187,1882131.0
26188,2025297.0
26189,4952255.0
26190,1847826.0
26191,5525735.0
26192,7201784.0
26193,2058644.0
26194,3727364.0
26195,2344689.0
26196,5166635.0
26197,3004429.0
26198,3410878.0
26199,5461700.0
26200,3351383.0
26201,2732645.0
26202,2390534.0
26203,2058644.0
26204,1270499.0
26205,5525735.0
26206,1270499.0
26207,3351383.0
26208,2058644.0
26209,1882131.0
26210,1734634.0
26211,1619683.0
26212,1999097.0
26213,2018785.0
26214,2371202.0
26215,1882131.0
26216,3752885.0
26217,4705945.0
26218,3410878.0
26219,1756069.0
26220,2018785.0
26221,3004429.0
26222,6782425.0
26223,4467728.0
26224,3004429.0
26225,1763231.0
26226,2025297.0
26227,1904842.0
26228,4052733.0
26229,1619683.0
26230,3248660.0
26231,3982767.0
26232,2544857.0
26233,1619683.0
26234,4015749.0
26235,2021934.0
26236,1763231.0
26237,2018785.0
26238,3780019.0
26239,3752885.0
26240,2156098.0
26241,2021934.0
26242,3248660.0
26243,3836721.0
26244,2267425.0
26245,3982767.0
26246,1763231.0
26247,1149870.0
26248,1999097.0
26249,2021934.0
26250,13575224.0
26251,1882131.0
26252,1847826.0
26253,4250553.0
26254,4052733.0
26255,1619683.0
26256,4705945.0
26257,2018785.0
26258,3410878.0
26259,1756069.0
26260,4952255.0
26261,3939804.0
26262,3273041.0
26263,2018785.0
26264,1270499.0
26265,1847826.0
26266,2344689.0
26267,1999097.0
26268,2993069.0
26269,3982767.0
26270,3004429.0
26271,1270499.0
26272,2267425.0
26273,3752885.0
26274,3836721.0
26275,3745135.0
26276,2738052.0
26277,3199619.0
26278,3752885.0
26279,3836721.0
26280,6782425.0
26281,3004429.0
26282,4250553.0
26283,1756069.0
26284,7592272.0
26285,4467728.0
26286,1149870.0
26287,2525375.0
26288,1882131.0
26289,3982767.0
26290,4066618.0
26291,4136425.0
26292,2344689.0
26293,6694797.0
26294,5966193.0
26295,3351383.0
26296,2097022.0
26297,4952255.0
26298,2954086.0
26299,8213524.0
26300,3600467.0
26301,4590423.0
26302,5595267.0
26303,7495092.0
26304,4807746.0
26305,4250758.0
26306,2551252.0
26307,3351383.0
26308,1763231.0
26309,6836483.0
26310,9262754.0
26311,9652350.0
26312,6923131.0
26313,3008199.0
26314,2738052.0
26315,2021934.0
26316,1882131.0
26317,6363241.0
26318,6941173.0
26319,9262754.0
26320,3410878.0
26321,6941173.0
26322,5435276.0
26323,2021934.0
26324,1734634.0
26325,1619683.0
26326,7495092.0
26327,2058644.0
26328,2371202.0
26329,9262754.0
26330,3982767.0
26331,3004429.0
26332,2021934.0
26333,4350573.0
26334,4780607.0
26335,1270499.0
26336,4554237.0
26337,6941173.0
26338,2025297.0
26339,7495092.0
26340,4491607.0
26341,5787594.0
26342,4888774.0
26343,3410878.0
26344,2993069.0
26345,3447890.0
26346,7201784.0
26347,3347767.0
26348,2025297.0
26349,3410878.0
26350,3836721.0
26351,1847826.0
26352,8213524.0
26353,1149870.0
26354,3600467.0
26355,5017319.0
26356,4491607.0
26357,2021934.0
26358,1756069.0
26359,2018785.0
26360,3004429.0
26361,2371202.0
26362,3273041.0
26363,1149870.0
26364,2058644.0
26365,3727364.0
26366,2018785.0
26367,3273041.0
26368,2018785.0
26369,2551252.0
26370,1270499.0
26371,1847826.0
26372,3727364.0
26373,4067566.0
26374,1270499.0
26375,3600467.0
26376,1904842.0
26377,3410878.0
26378,1999097.0
26379,2021934.0
26380,3410878.0
26381,6694797.0
26382,3982767.0
26383,4705945.0
26384,4067566.0
26385,2371202.0
26386,3004429.0
26387,3028267.0
26388,6412623.0
26389,3447890.0
26390,3426169.0
26391,3248660.0
26392,3347767.0
26393,1882131.0
26394,3258837.0
26395,7592272.0
26396,1999097.0
26397,2058644.0
26398,3727364.0
26399,3004429.0
26400,7592272.0
26401,3982767.0
26402,3939804.0
26403,1734634.0
26404,3447890.0
26405,2344689.0
26406,3600467.0
26407,5500818.0
26408,4491607.0
26409,2344689.0
26410,4467728.0
26411,8213524.0
26412,1149870.0
26413,3447890.0
26414,3982767.0
26415,3347767.0
26416,7495092.0
26417,2732645.0
26418,9652350.0
26419,2021934.0
26420,3410878.0
26421,3273041.0
26422,2058644.0
26423,1619683.0
26424,1270499.0
26425,2675511.0
26426,3410878.0
26427,2675511.0
26428,3836721.0
26429,1756069.0
26430,3426169.0
26431,6782425.0
26432,3745135.0
26433,3347767.0
26434,5500818.0
26435,3956086.0
26436,3818055.0
26437,2383840.0
26438,6313221.0
26439,2021934.0
26440,4219263.0
26441,3982767.0
26442,3939804.0
26443,1999097.0
26444,3426169.0
26445,5337526.0
26446,2525375.0
26447,2021934.0
26448,2525375.0
26449,6941173.0
26450,3939804.0
26451,4316715.0
26452,4491607.0
26453,3351383.0
26454,4067566.0
26455,5017319.0
26456,6836483.0
26457,2097022.0
26458,1734634.0
26459,2364478.0
26460,3347767.0
26461,1270499.0
26462,3982767.0
26463,3410878.0
26464,2675511.0
26465,4263629.0
26466,4264176.0
26467,4491607.0
26468,3727364.0
26469,7495092.0
26470,3199619.0
26471,1763231.0
26472,4350573.0
26473,3410878.0
26474,2344689.0
26475,3410878.0
26476,2732645.0
26477,3807496.0
26478,9652350.0
26479,1882131.0
26480,2344689.0
26481,4015749.0
26482,2792031.0
26483,4286645.0
26484,1149870.0
26485,2097022.0
26486,3600467.0
26487,5017319.0
26488,1999097.0
26489,6412623.0
26490,1847826.0
26491,4780607.0
26492,4491607.0
26493,4015749.0
26494,6941173.0
26495,6313221.0
26496,1999097.0
26497,2371202.0
26498,4316715.0
26499,5017319.0
26500,3836721.0
26501,2344689.0
26502,3004429.0
26503,4491607.0
26504,2993069.0
26505,4888774.0
26506,1270499.0
26507,2018785.0
26508,2390534.0
26509,3347767.0
26510,2097022.0
26511,3600467.0
26512,2993069.0
26513,1149870.0
26514,4651866.0
26515,3447890.0
26516,3752885.0
26517,5595267.0
26518,4705945.0
26519,2344689.0
26520,3600467.0
26521,3028267.0
26522,8213524.0
26523,2021934.0
26524,3903884.0
26525,2025297.0
26526,3982767.0
26527,1999097.0
26528,3351383.0
26529,5595267.0
26530,2083447.0
26531,6923131.0
26532,2058644.0
26533,1149870.0
26534,3780019.0
26535,2083447.0
26536,2058644.0
26537,3836721.0
26538,7592272.0
26539,2021934.0
26540,7217634.0
26541,3351383.0
26542,4316715.0
26543,3347767.0
26544,6941173.0
26545,2544857.0
26546,2344689.0
26547,3752885.0
26548,7865428.0
26549,3273041.0
26550,1882131.0
26551,4705945.0
26552,7592272.0
26553,2675511.0
26554,3939804.0
26555,5017319.0
26556,4467728.0
26557,7495092.0
26558,3982767.0
26559,4491607.0
26560,1882131.0
26561,3347767.0
26562,4250553.0
26563,3727364.0
26564,1270499.0
26565,2025297.0
26566,3745135.0
26567,3780019.0
26568,1149870.0
26569,2097022.0
26570,1756069.0
26571,3903884.0
26572,6836483.0
26573,3939804.0
26574,2018785.0
26575,4882985.0
26576,2018785.0
26577,2097022.0
26578,2544857.0
26579,2021934.0
26580,2792031.0
26581,2058644.0
26582,2083447.0
26583,4350573.0
26584,1999097.0
26585,3982767.0
26586,8213524.0
26587,3008199.0
26588,2738052.0
26589,3903884.0
26590,2954086.0
26591,1999097.0
26592,2058644.0
26593,3347767.0
26594,4066618.0
26595,8213524.0
26596,7592272.0
26597,3727364.0
26598,7201784.0
26599,2732645.0
26600,7865428.0
26601,1882131.0
26602,2267425.0
26603,3778621.0
26604,4952255.0
26605,1904842.0
26606,4952255.0
26607,3248660.0
26608,7201784.0
26609,4264176.0
26610,3745135.0
26611,3351383.0
26612,2156098.0
26613,4590423.0
26614,1763231.0
26615,4554237.0
26616,3199619.0
26617,6363241.0
26618,4015749.0
26619,3347767.0
26620,2993069.0
26621,4316715.0
26622,2344689.0
26623,2525375.0
26624,3347767.0
26625,1847826.0
26626,2738052.0
26627,3351383.0
26628,2675511.0
26629,2390534.0
26630,2675511.0
26631,2021934.0
26632,3784230.0
26633,2344689.0
26634,7592272.0
26635,1763231.0
26636,3982767.0
26637,2058644.0
26638,4219263.0
26639,7217634.0
26640,7592272.0
26641,4350573.0
26642,4066618.0
26643,7495092.0
26644,1999097.0
26645,1999097.0
26646,7217634.0
26647,3004429.0
26648,4888774.0
26649,4250758.0
26650,4250553.0
26651,7201784.0
26652,6941173.0
26653,2097022.0
26654,2344689.0
26655,4066618.0
26656,2792031.0
26657,2525375.0
26658,4888774.0
26659,2993069.0
26660,1149870.0
26661,6923131.0
26662,5595267.0
26663,3376145.0
26664,3028267.0
26665,4651866.0
26666,2018785.0
26667,2675511.0
26668,3982767.0
26669,3351383.0
26670,7592272.0
26671,1999097.0
26672,2021934.0
26673,3745135.0
26674,6941173.0
26675,2544857.0
26676,3752885.0
26677,2021934.0
26678,4467728.0
26679,2344689.0
26680,2390534.0
26681,4705945.0
26682,3752885.0
26683,1756069.0
26684,2018785.0
26685,2097022.0
26686,2083447.0
26687,1270499.0
26688,3347767.0
26689,3347767.0
26690,4491607.0
26691,2058644.0
26692,7201784.0
26693,3939804.0
26694,2993069.0
26695,2738052.0
26696,6836483.0
26697,3836721.0
26698,2018785.0
26699,3248660.0
26700,3347767.0
26701,2364478.0
26702,5166635.0
26703,9652350.0
26704,7217634.0
26705,3939804.0
26706,2792031.0
26707,2021934.0
26708,3410878.0
26709,4705945.0
26710,3347767.0
26711,4491607.0
26712,5906596.0
26713,5435276.0
26714,4067566.0
26715,2525375.0
26716,3410878.0
26717,1756069.0
26718,9262754.0
26719,4554237.0
26720,3745135.0
26721,4015749.0
26722,2390534.0
26723,2058644.0
26724,2371202.0
26725,4015749.0
26726,2371202.0
26727,3445076.0
26728,6836483.0
26729,2267425.0
26730,5166635.0
26731,2544857.0
26732,4250553.0
26733,2097022.0
26734,5653753.0
26735,3939804.0
26736,6412623.0
26737,3410878.0
26738,4705945.0
26739,4015749.0
26740,5787594.0
26741,4066618.0
26742,5435276.0
26743,5500818.0
26744,4015749.0
26745,2344689.0
26746,4554237.0
26747,5500818.0
26748,3376145.0
26749,2018785.0
26750,5444227.0
26751,3982767.0
26752,5166635.0
26753,1270499.0
26754,6313221.0
26755,3727364.0
26756,1999097.0
26757,4888774.0
26758,4250553.0
26759,3028267.0
26760,4250553.0
26761,2097022.0
26762,7495092.0
26763,4554237.0
26764,4350573.0
26765,3818055.0
26766,4316715.0
26767,4590423.0
26768,3410878.0
26769,9652350.0
26770,4705945.0
26771,2156098.0
26772,4052733.0
26773,5525735.0
26774,7592272.0
26775,4264176.0
26776,5017319.0
26777,3982767.0
26778,7201784.0
26779,4590423.0
26780,2055379.0
26781,4467728.0
26782,3347767.0
26783,6923131.0
26784,9262754.0
26785,2344689.0
26786,2738052.0
26787,1756069.0
26788,2055379.0
26789,2344689.0
26790,6313221.0
26791,3004429.0
26792,1149870.0
26793,3778621.0
26794,5595267.0
26795,1904842.0
26796,4067566.0
26797,2525375.0
26798,5525735.0
26799,6412623.0
26800,2390534.0
26801,1619683.0
26802,2344689.0
26803,2792031.0
26804,3753720.0
26805,3410878.0
26806,6412623.0
26807,3956086.0
26808,5337526.0
26809,3410878.0
26810,4136425.0
26811,8894598.0
26812,7201784.0
26813,6782425.0
26814,6412623.0
26815,2021934.0
26816,4491607.0
26817,2097022.0
26818,4219263.0
26819,2083447.0
26820,3727364.0
26821,5337526.0
26822,8213524.0
26823,4467728.0
26824,5595267.0
26825,2021934.0
26826,5787594.0
26827,3410878.0
26828,3376145.0
26829,3351383.0
26830,4705945.0
26831,3445076.0
26832,2344689.0
26833,1756069.0
26834,4250553.0
26835,4491607.0
26836,3600467.0
26837,7592272.0
26838,4066618.0
26839,3410878.0
26840,1999097.0
26841,4467728.0
26842,3008199.0
26843,2390534.0
26844,3600467.0
26845,5595267.0
26846,3982767.0
26847,2344689.0
26848,1270499.0
26849,3939804.0
26850,2675511.0
26851,3956086.0
26852,3445076.0
26853,1756069.0
26854,2025297.0
26855,6941173.0
26856,1882131.0
26857,3351383.0
26858,3004429.0
26859,3426169.0
26860,6694797.0
26861,2058644.0
26862,3447890.0
26863,1270499.0
26864,2738052.0
26865,4015749.0
26866,2993069.0
26867,3347767.0
26868,3347767.0
26869,3199619.0
26870,3004429.0
26871,3004429.0
26872,2344689.0
26873,3956086.0
26874,2525375.0
26875,6782425.0
26876,3600467.0
26877,2675511.0
26878,4015749.0
26879,3939804.0
26880,1270499.0
26881,1904842.0
26882,5525735.0
26883,2083447.0
26884,2344689.0
26885,2058644.0
26886,3426169.0
26887,3004429.0
26888,2021934.0
26889,2025297.0
26890,4250553.0
26891,2156098.0
26892,3199619.0
26893,2390534.0
26894,3261924.0
26895,5337526.0
26896,2525375.0
26897,3982767.0
26898,3199619.0
26899,5435276.0
26900,3004429.0
26901,6941173.0
26902,1756069.0
26903,2018785.0
26904,6313221.0
26905,2267425.0
26906,9262754.0
26907,2675511.0
26908,1999097.0
26909,1756069.0
26910,6923131.0
26911,2021934.0
26912,3778621.0
26913,2738052.0
26914,4780607.0
26915,6694797.0
26916,8213524.0
26917,6694797.0
26918,7201784.0
26919,2792031.0
26920,8213524.0
26921,3982767.0
26922,3261924.0
26923,4807746.0
26924,4219263.0
26925,3939804.0
26926,3982767.0
26927,4015749.0
26928,1270499.0
26929,5500818.0
26930,1763231.0
26931,4316715.0
26932,1756069.0
26933,3273041.0
26934,7865428.0
26935,3426169.0
26936,1999097.0
26937,5461700.0
26938,1999097.0
26939,4350573.0
26940,5525735.0
26941,1999097.0
26942,2058644.0
26943,3778621.0
26944,3745135.0
26945,3008199.0
26946,3008199.0
26947,3982767.0
26948,2018785.0
26949,2021934.0
26950,3410878.0
26951,6412623.0
26952,2267425.0
26953,1847826.0
26954,2058644.0
26955,3004429.0
26956,5500818.0
26957,3447890.0
26958,4015749.0
26959,2021934.0
26960,3199619.0
26961,3004429.0
26962,2055379.0
26963,6836483.0
26964,4952255.0
26965,4263629.0
26966,1270499.0
26967,3164972.0
26968,3956086.0
26969,1734634.0
26970,3347767.0
26971,4052733.0
26972,1270499.0
26973,3956086.0
26974,1763231.0
26975,3445076.0
26976,3426169.0
26977,5906596.0
26978,4554237.0
26979,4491607.0
26980,2344689.0
26981,3410878.0
26982,5595267.0
26983,3600467.0
26984,3347767.0
26985,1270499.0
26986,4286645.0
26987,2058644.0
26988,4467728.0
26989,2156098.0
26990,3004429.0
26991,2371202.0
26992,3982767.0
26993,4067566.0
26994,3600467.0
26995,7592272.0
26996,5166635.0
26997,3351383.0
26998,5525735.0
26999,1904842.0
27000,3778621.0
27001,3347767.0
27002,3347767.0
27003,5444227.0
27004,3982767.0
27005,1756069.0
27006,4491607.0
27007,6923131.0
27008,6923131.0
27009,3351383.0
27010,2021934.0
27011,4888774.0
27012,4554237.0
27013,2675511.0
27014,5595267.0
27015,3028267.0
27016,4350573.0
27017,1756069.0
27018,4491607.0
27019,4467728.0
27020,2025297.0
27021,5595267.0
27022,2738052.0
27023,5435276.0
27024,3410878.0
27025,3410878.0
27026,7217634.0
27027,2097022.0
27028,2058644.0
27029,5595267.0
27030,3956086.0
27031,3410878.0
27032,2021934.0
27033,2738052.0
27034,6782425.0
27035,1847826.0
27036,2525375.0
27037,13575224.0
27038,4888774.0
27039,3600467.0
27040,2675511.0
27041,4015749.0
27042,3447890.0
27043,5461700.0
27044,3600467.0
27045,3351383.0
27046,3426169.0
27047,9262754.0
27048,2018785.0
27049,1734634.0
27050,3780019.0
27051,3248660.0
27052,6412623.0
27053,1270499.0
27054,1756069.0
27055,2344689.0
27056,1270499.0
27057,3982767.0
27058,3939804.0
27059,3426169.0
27060,6412623.0
27061,4705945.0
27062,2055379.0
27063,3347767.0
27064,2525375.0
27065,4250553.0
27066,2097022.0
27067,3745135.0
27068,3836721.0
27069,2732645.0
27070,6836483.0
27071,3982767.0
27072,5461700.0
27073,1149870.0
27074,1149870.0
27075,3351383.0
27076,1999097.0
27077,2732645.0
27078,2058644.0
27079,5595267.0
27080,2021934.0
27081,3261924.0
27082,2344689.0
27083,5500818.0
27084,2055379.0
27085,4052733.0
27086,8904084.0
27087,6313221.0
27088,3600467.0
27089,3780019.0
27090,3600467.0
27091,2055379.0
27092,2390534.0
27093,6694797.0
27094,2021934.0
27095,7495092.0
27096,2267425.0
27097,3727364.0
27098,3273041.0
27099,3004429.0
27100,1882131.0
27101,4100886.0
27102,8904084.0
27103,3939804.0
27104,1619683.0
27105,4316715.0
27106,9652350.0
27107,2993069.0
27108,3410878.0
27109,1756069.0
27110,2018785.0
27111,4491607.0
27112,3351383.0
27113,5017319.0
27114,3351383.0
27115,4052733.0
27116,4952255.0
27117,2993069.0
27118,2371202.0
27119,7201784.0
27120,1999097.0
27121,3351383.0
27122,6313221.0
27123,4888774.0
27124,3745135.0
27125,3982767.0
27126,1999097.0
27127,1270499.0
27128,3004429.0
27129,3727364.0
27130,1756069.0
27131,2058644.0
27132,2525375.0
27133,3376145.0
27134,1619683.0
27135,2544857.0
27136,3199619.0
27137,7865428.0
27138,2058644.0
27139,2344689.0
27140,2371202.0
27141,4264176.0
27142,7592272.0
27143,7495092.0
27144,4066618.0
27145,7201784.0
27146,2344689.0
27147,3426169.0
27148,6412623.0
27149,1149870.0
27150,1756069.0
27151,5653753.0
27152,3347767.0
27153,3982767.0
27154,3410878.0
27155,3004429.0
27156,2371202.0
27157,1149870.0
27158,2390534.0
27159,4952255.0
27160,1999097.0
27161,2551252.0
27162,3982767.0
27163,6694797.0
27164,3426169.0
27165,1619683.0
27166,1999097.0
27167,1904842.0
27168,1904842.0
27169,4350573.0
27170,2675511.0
27171,3199619.0
27172,5337526.0
27173,5017319.0
27174,1999097.0
27175,2551252.0
27176,3347767.0
27177,3445076.0
27178,3273041.0
27179,7592272.0
27180,2993069.0
27181,4952497.0
27182,1619683.0
27183,2738052.0
27184,4015749.0
27185,3410878.0
27186,7865428.0
27187,3351383.0
27188,1999097.0
27189,4491607.0
27190,7592272.0
27191,3752885.0
27192,1904842.0
27193,2018785.0
27194,2058644.0
27195,5595267.0
27196,1149870.0
27197,2058644.0
27198,4219263.0
27199,1756069.0
27200,2021934.0
27201,3004429.0
27202,4350573.0
27203,3600467.0
27204,7592272.0
27205,3376145.0
27206,4590423.0
27207,4264176.0
27208,4491607.0
27209,3956086.0
27210,1270499.0
27211,4554237.0
27212,2675511.0
27213,2018785.0
27214,2021934.0
27215,4705945.0
27216,4263629.0
27217,5500818.0
27218,1756069.0
27219,4554237.0
27220,6836483.0
27221,4554237.0
27222,2371202.0
27223,2156098.0
27224,1619683.0
27225,2675511.0
27226,1270499.0
27227,4705945.0
27228,5017319.0
27229,1734634.0
27230,3028267.0
27231,6412623.0
27232,4015749.0
27233,3752885.0
27234,1756069.0
27235,2018785.0
27236,3600467.0
27237,2732645.0
27238,3426169.0
27239,2390534.0
27240,4316715.0
27241,2021934.0
27242,6923131.0
27243,6941173.0
27244,1999097.0
27245,1734634.0
27246,4467728.0
27247,9262754.0
27248,6313221.0
27249,3261924.0
27250,1149870.0
27251,1149870.0
27252,4316715.0
27253,9262754.0
27254,9652350.0
27255,1149870.0
27256,1270499.0
27257,4066618.0
27258,3784230.0
27259,6363241.0
27260,6923131.0
27261,6836483.0
27262,2390534.0
27263,4219263.0
27264,4888774.0
27265,2364478.0
27266,5017319.0
27267,3347767.0
27268,1270499.0
27269,6941173.0
27270,2993069.0
27271,4052733.0
27272,5161370.0
27273,3410878.0
27274,4286645.0
27275,4705945.0
27276,4250553.0
27277,2097022.0
27278,6412623.0
27279,3939804.0
27280,5787594.0
27281,2993069.0
27282,1882131.0
27283,2344689.0
27284,4882985.0
27285,1847826.0
27286,2383840.0
27287,3426169.0
27288,2738052.0
27289,3273041.0
27290,2083447.0
27291,5161370.0
27292,5906596.0
27293,1619683.0
27294,3600467.0
27295,6412623.0
27296,2097022.0
27297,6694797.0
27298,1904842.0
27299,5161370.0
27300,4554237.0
27301,3982767.0
27302,4219263.0
27303,5525735.0
27304,5500818.0
27305,1270499.0
27306,3248660.0
27307,2344689.0
27308,9262754.0
27309,1999097.0
27310,3004429.0
27311,1882131.0
27312,8894598.0
27313,2525375.0
27314,3600467.0
27315,3004429.0
27316,4100886.0
27317,3600467.0
27318,3956086.0
27319,6363241.0
27320,2018785.0
27321,4052733.0
27322,6782425.0
27323,4705945.0
27324,3452382.0
27325,2544857.0
27326,7217634.0
27327,1619683.0
27328,3347767.0
27329,4316715.0
27330,3347767.0
27331,4491607.0
27332,2544857.0
27333,2021934.0
27334,4888774.0
27335,8213524.0
27336,5461700.0
27337,6313221.0
27338,2058644.0
27339,2732645.0
27340,2544857.0
27341,4491607.0
27342,6836483.0
27343,3347767.0
27344,6363241.0
27345,4554237.0
27346,7201784.0
27347,3410878.0
27348,2025297.0
27349,4491607.0
27350,3982767.0
27351,1763231.0
27352,3426169.0
27353,4350573.0
27354,1270499.0
27355,7201784.0
27356,1882131.0
27357,3982767.0
27358,6694797.0
27359,9652350.0
27360,2055379.0
27361,3903884.0
27362,3004429.0
27363,3028267.0
27364,3956086.0
27365,7865428.0
27366,4015749.0
27367,3351383.0
27368,4052733.0
27369,4350573.0
27370,4491607.0
27371,4316715.0
27372,2740687.0
27373,4780607.0
27374,4263629.0
27375,7592272.0
27376,4952255.0
27377,4952255.0
27378,1999097.0
27379,3600467.0
27380,4263629.0
27381,3600467.0
27382,3004429.0
27383,2055379.0
27384,2097022.0
27385,1882131.0
27386,1756069.0
27387,5500818.0
27388,2993069.0
27389,2364478.0
27390,1999097.0
27391,3780019.0
27392,5166635.0
27393,5017319.0
27394,3351383.0
27395,2097022.0
27396,2390534.0
27397,2792031.0
27398,4882985.0
27399,4067566.0
27400,1847826.0
27401,1999097.0
27402,3410878.0
27403,4467728.0
27404,2058644.0
27405,3376145.0
27406,2740687.0
27407,2525375.0
27408,3600467.0
27409,2344689.0
27410,4067566.0
27411,1149870.0
27412,4155435.0
27413,5906596.0
27414,8213524.0
27415,3028267.0
27416,3745135.0
27417,3752885.0
27418,3426169.0
27419,5525735.0
27420,6412623.0
27421,3982767.0
27422,1904842.0
27423,4705945.0
27424,1847826.0
27425,3351383.0
27426,5595267.0
27427,4015749.0
27428,2344689.0
27429,3445076.0
27430,2792031.0
27431,4316715.0
27432,4350573.0
27433,7201784.0
27434,1734634.0
27435,5461700.0
27436,5906596.0
27437,8213524.0
27438,7217634.0
27439,4952255.0
27440,2025297.0
27441,9652350.0
27442,2058644.0
27443,1904842.0
27444,6313221.0
27445,2390534.0
27446,5595267.0
27447,2058644.0
27448,3784230.0
27449,4250553.0
27450,1149870.0
27451,3426169.0
27452,3778621.0
27453,2525375.0
27454,3745135.0
27455,2097022.0
27456,4705945.0
27457,1149870.0
27458,3199619.0
27459,2021934.0
27460,6694797.0
27461,1149870.0
27462,3410878.0
27463,2344689.0
27464,6923131.0
27465,1756069.0
27466,1999097.0
27467,1756069.0
27468,2021934.0
27469,6694797.0
27470,5525735.0
27471,2055379.0
27472,4705945.0
27473,6313221.0
27474,2021934.0
27475,2021934.0
27476,2954086.0
27477,2525375.0
27478,1763231.0
27479,2344689.0
27480,6836483.0
27481,3956086.0
27482,6313221.0
27483,4350573.0
27484,2544857.0
27485,3780019.0
27486,3004429.0
27487,3780019.0
27488,8213524.0
27489,2344689.0
27490,8213524.0
27491,3347767.0
27492,1270499.0
27493,5525735.0
27494,3199619.0
27495,2993069.0
27496,3410878.0
27497,1999097.0
27498,3347767.0
27499,4705945.0
27500,3347767.0
27501,3351383.0
27502,2156098.0
27503,1847826.0
27504,2364478.0
27505,4015749.0
27506,6412623.0
27507,3982767.0
27508,3028267.0
27509,3939804.0
27510,1756069.0
27511,1270499.0
27512,8213524.0
27513,2058644.0
27514,2021934.0
27515,4250758.0
27516,3956086.0
27517,2021934.0
27518,2525375.0
27519,3351383.0
27520,1882131.0
27521,5444227.0
27522,4952255.0
27523,3745135.0
27524,3376145.0
27525,1904842.0
27526,4015749.0
27527,1999097.0
27528,1999097.0
27529,1734634.0
27530,3600467.0
27531,3745135.0
27532,3982767.0
27533,2344689.0
27534,1756069.0
27535,2267425.0
27536,2544857.0
27537,6412623.0
27538,2058644.0
27539,6923131.0
27540,5435276.0
27541,1619683.0
27542,2740687.0
27543,6313221.0
27544,2344689.0
27545,4554237.0
27546,3410878.0
27547,1756069.0
27548,4067566.0
27549,3351383.0
27550,3600467.0
27551,3752885.0
27552,3028267.0
27553,3727364.0
27554,2025297.0
27555,2738052.0
27556,1756069.0
27557,3727364.0
27558,3410878.0
27559,1756069.0
27560,4316715.0
27561,4316715.0
27562,5595267.0
27563,2267425.0
27564,2364478.0
27565,3351383.0
27566,1619683.0
27567,3445076.0
27568,1270499.0
27569,1270499.0
27570,2097022.0
27571,7592272.0
27572,7201784.0
27573,2390534.0
27574,2371202.0
27575,2058644.0
27576,4807746.0
27577,7495092.0
27578,2993069.0
27579,1734634.0
27580,3351383.0
27581,7217634.0
27582,6412623.0
27583,2097022.0
27584,7217634.0
27585,13575224.0
27586,3982767.0
27587,2390534.0
27588,3956086.0
27589,3004429.0
27590,7217634.0
27591,2097022.0
27592,3199619.0
27593,3752885.0
27594,2021934.0
27595,2390534.0
27596,1149870.0
27597,2344689.0
27598,3426169.0
27599,2675511.0
27600,2058644.0
27601,2055379.0
27602,3836721.0
27603,1904842.0
27604,3347767.0
27605,1763231.0
27606,3248660.0
27607,5906596.0
27608,3752885.0
27609,4250553.0
27610,2364478.0
27611,3351383.0
27612,3447890.0
27613,6941173.0
27614,4250758.0
27615,2021934.0
27616,4705945.0
27617,2267425.0
27618,4067566.0
27619,8904084.0
27620,9262754.0
27621,2732645.0
27622,1999097.0
27623,6694797.0
27624,3376145.0
27625,4316715.0
27626,6941173.0
27627,2097022.0
27628,6836483.0
27629,1756069.0
27630,3008199.0
27631,2021934.0
27632,2021934.0
27633,4780607.0
27634,3347767.0
27635,3727364.0
27636,1149870.0
27637,4052733.0
27638,4250553.0
27639,3347767.0
27640,1847826.0
27641,2058644.0
27642,3351383.0
27643,4316715.0
27644,2097022.0
27645,3004429.0
27646,5500818.0
27647,4888774.0
27648,2097022.0
27649,2267425.0
27650,3410878.0
27651,2344689.0
27652,1734634.0
27653,2055379.0
27654,3261924.0
27655,9262754.0
27656,2344689.0
27657,4350573.0
27658,2025297.0
27659,1904842.0
27660,1619683.0
27661,1149870.0
27662,3753720.0
27663,4807746.0
27664,1882131.0
27665,5017319.0
27666,2390534.0
27667,1999097.0
27668,2732645.0
27669,6313221.0
27670,3347767.0
27671,5444227.0
27672,5595267.0
27673,7592272.0
27674,7592272.0
27675,1999097.0
27676,2156098.0
27677,2344689.0
27678,5906596.0
27679,4705945.0
27680,1999097.0
27681,2993069.0
27682,4554237.0
27683,6941173.0
27684,4952255.0
27685,2058644.0
27686,2525375.0
27687,2083447.0
27688,2344689.0
27689,2371202.0
27690,2018785.0
27691,8213524.0
27692,3600467.0
27693,2525375.0
27694,4350573.0
27695,1882131.0
27696,4554237.0
27697,1270499.0
27698,2525375.0
27699,4100886.0
27700,3445076.0
27701,7592272.0
27702,4250553.0
27703,5166635.0
27704,2097022.0
27705,8894598.0
27706,4952255.0
27707,9652350.0
27708,3351383.0
27709,5444227.0
27710,5595267.0
27711,4250553.0
27712,3982767.0
27713,1999097.0
27714,5595267.0
27715,3780019.0
27716,7495092.0
27717,6941173.0
27718,5435276.0
27719,2267425.0
27720,2021934.0
27721,6923131.0
27722,3452382.0
27723,2018785.0
27724,2993069.0
27725,6836483.0
27726,6412623.0
27727,3004429.0
27728,3426169.0
27729,2675511.0
27730,2021934.0
27731,3258837.0
27732,3982767.0
27733,3351383.0
27734,2525375.0
27735,2675511.0
27736,1619683.0
27737,3982767.0
27738,2738052.0
27739,8213524.0
27740,6941173.0
27741,2021934.0
27742,5461700.0
27743,5906596.0
27744,8213524.0
27745,4263629.0
27746,5500818.0
27747,4491607.0
27748,4100886.0
27749,4952255.0
27750,2021934.0
27751,1999097.0
27752,4491607.0
27753,3727364.0
27754,1999097.0
27755,2058644.0
27756,4350573.0
27757,2083447.0
27758,2675511.0
27759,4952255.0
27760,1270499.0
27761,1619683.0
27762,8894598.0
27763,4491607.0
27764,2993069.0
27765,4807746.0
27766,8213524.0
27767,1619683.0
27768,1270499.0
27769,9262754.0
27770,8213524.0
27771,3351383.0
27772,4491607.0
27773,1270499.0
27774,3028267.0
27775,2055379.0
27776,4491607.0
27777,3351383.0
27778,3351383.0
27779,3956086.0
27780,3248660.0
27781,3939804.0
27782,4882985.0
27783,2021934.0
27784,1756069.0
27785,1619683.0
27786,3778621.0
27787,6836483.0
27788,3351383.0
27789,3376145.0
27790,1847826.0
27791,3600467.0
27792,4316715.0
27793,1619683.0
27794,3745135.0
27795,3410878.0
27796,4264176.0
27797,3351383.0
27798,1999097.0
27799,7865428.0
27800,3004429.0
27801,2055379.0
27802,3956086.0
27803,2058644.0
27804,3727364.0
27805,1756069.0
27806,2732645.0
27807,2954086.0
27808,4491607.0
27809,3410878.0
27810,3807496.0
27811,1756069.0
27812,4067566.0
27813,6836483.0
27814,2267425.0
27815,5435276.0
27816,5435276.0
27817,4015749.0
27818,1847826.0
27819,8894598.0
27820,6836483.0
27821,2025297.0
27822,1734634.0
27823,2993069.0
27824,7201784.0
27825,2021934.0
27826,1847826.0
27827,4467728.0
27828,1999097.0
27829,2055379.0
27830,4067566.0
27831,2055379.0
27832,2993069.0
27833,5444227.0
27834,3836721.0
27835,3347767.0
27836,2383840.0
27837,3347767.0
27838,6313221.0
27839,3753720.0
27840,1756069.0
27841,1756069.0
27842,3939804.0
27843,3600467.0
27844,1619683.0
27845,4250758.0
27846,3447890.0
27847,1999097.0
27848,3273041.0
27849,2344689.0
27850,1270499.0
27851,3426169.0
27852,3273041.0
27853,2738052.0
27854,2021934.0
27855,7495092.0
27856,2097022.0
27857,1270499.0
27858,3600467.0
27859,4590423.0
27860,4250553.0
27861,6923131.0
27862,7495092.0
27863,3004429.0
27864,2344689.0
27865,3028267.0
27866,2058644.0
27867,3982767.0
27868,3351383.0
27869,2792031.0
27870,3600467.0
27871,2390534.0
27872,1999097.0
27873,3351383.0
27874,9652350.0
27875,1882131.0
27876,1763231.0
27877,2732645.0
27878,1756069.0
27879,3410878.0
27880,2544857.0
27881,3818055.0
27882,2390534.0
27883,3727364.0
27884,2525375.0
27885,2344689.0
27886,2551252.0
27887,8213524.0
27888,4100886.0
27889,1763231.0
27890,1270499.0
27891,4554237.0
27892,3784230.0
27893,3347767.0
27894,3836721.0
27895,5906596.0
27896,3410878.0
27897,7592272.0
27898,3871344.0
27899,5017319.0
27900,2018785.0
27901,2544857.0
27902,2267425.0
27903,6412623.0
27904,6941173.0
27905,3164972.0
27906,3780019.0
27907,2058644.0
27908,4250553.0
27909,2058644.0
27910,3752885.0
27911,4015749.0
27912,3445076.0
27913,1149870.0
27914,4250553.0
27915,3351383.0
27916,5525735.0
27917,5444227.0
27918,1619683.0
27919,1756069.0
27920,3028267.0
27921,2156098.0
27922,5787594.0
27923,3410878.0
27924,4705945.0
27925,6412623.0
27926,3028267.0
27927,2390534.0
27928,4952255.0
27929,2021934.0
27930,2551252.0
27931,5461700.0
27932,3028267.0
27933,2544857.0
27934,3004429.0
27935,2993069.0
27936,5161370.0
27937,3982767.0
27938,3410878.0
27939,3410878.0
27940,4590423.0
27941,2058644.0
27942,5595267.0
27943,2058644.0
27944,7217634.0
27945,2999068.0
27946,2390534.0
27947,2058644.0
27948,5595267.0
27949,2544857.0
27950,4015749.0
27951,2344689.0
27952,4100886.0
27953,1734634.0
27954,1619683.0
27955,4952255.0
27956,3410878.0
27957,2058644.0
27958,3836721.0
27959,3778621.0
27960,3426169.0
27961,6412623.0
27962,2344689.0
27963,4067566.0
27964,3410878.0
27965,2267425.0
27966,5525735.0
27967,4491607.0
27968,2021934.0
27969,1999097.0
27970,1763231.0
27971,2390534.0
27972,2954086.0
27973,4491607.0
27974,4952255.0
27975,3028267.0
27976,2058644.0
27977,6941173.0
27978,2738052.0
27979,3570392.0
27980,3426169.0
27981,4052733.0
27982,4219263.0
27983,1756069.0
27984,3836721.0
27985,2021934.0
27986,3004429.0
27987,4888774.0
27988,2097022.0
27989,8894598.0
27990,2156098.0
27991,2025297.0
27992,3780019.0
27993,5906596.0
27994,8213524.0
27995,3261924.0
27996,1149870.0
27997,3410878.0
27998,2344689.0
27999,3939804.0
28000,3248660.0
28001,2344689.0
28002,1149870.0
28003,4052733.0
28004,2551252.0
28005,3004429.0
28006,3939804.0
28007,4888774.0
28008,4015749.0
28009,2097022.0
28010,2738052.0
28011,9262754.0
28012,2371202.0
28013,4219263.0
28014,3347767.0
28015,7495092.0
28016,2055379.0
28017,3376145.0
28018,5525735.0
28019,3347767.0
28020,3351383.0
28021,2018785.0
28022,1999097.0
28023,2055379.0
28024,4350573.0
28025,2058644.0
28026,3982767.0
28027,3376145.0
28028,3600467.0
28029,3426169.0
28030,4136425.0
28031,3600467.0
28032,6941173.0
28033,3347767.0
28034,2344689.0
28035,2732645.0
28036,6782425.0
28037,2018785.0
28038,1619683.0
28039,1619683.0
28040,3447890.0
28041,3410878.0
28042,2344689.0
28043,2018785.0
28044,3939804.0
28045,5017319.0
28046,5966193.0
28047,4015749.0
28048,1882131.0
28049,2018785.0
28050,4554237.0
28051,8213524.0
28052,2018785.0
28053,4888774.0
28054,1756069.0
28055,1999097.0
28056,5337526.0
28057,3956086.0
28058,2344689.0
28059,1734634.0
28060,3445076.0
28061,2021934.0
28062,7495092.0
28063,6836483.0
28064,3410878.0
28065,2021934.0
28066,4467728.0
28067,2025297.0
28068,2390534.0
28069,3600467.0
28070,1999097.0
28071,3447890.0
28072,1756069.0
28073,1270499.0
28074,2018785.0
28075,7592272.0
28076,6313221.0
28077,3956086.0
28078,4067566.0
28079,8213524.0
28080,2364478.0
28081,2390534.0
28082,1734634.0
28083,2544857.0
28084,2390534.0
28085,3410878.0
28086,4350573.0
28087,2058644.0
28088,2021934.0
28089,4136425.0
28090,3004429.0
28091,1763231.0
28092,4219263.0
28093,1619683.0
28094,16549064.0
28095,4286645.0
28096,3727364.0
28097,3780019.0
28098,2058644.0
28099,2344689.0
28100,2525375.0
28101,4491607.0
28102,4429512.0
28103,1999097.0
28104,4590423.0
28105,1270499.0
28106,1149870.0
28107,4554237.0
28108,2792031.0
28109,1149870.0
28110,5017319.0
28111,5595267.0
28112,3982767.0
28113,1904842.0
28114,3956086.0
28115,1882131.0
28116,7865428.0
28117,2544857.0
28118,5595267.0
28119,2525375.0
28120,3447890.0
28121,8904084.0
28122,2344689.0
28123,4250758.0
28124,6313221.0
28125,4250758.0
28126,1882131.0
28127,4952255.0
28128,1619683.0
28129,5525735.0
28130,1619683.0
28131,2267425.0
28132,2097022.0
28133,3752885.0
28134,3752885.0
28135,1619683.0
28136,3447890.0
28137,1619683.0
28138,3376145.0
28139,4015749.0
28140,2344689.0
28141,4554237.0
28142,3258837.0
28143,2156098.0
28144,6313221.0
28145,3410878.0
28146,3982767.0
28147,1882131.0
28148,4467728.0
28149,2544857.0
28150,3780019.0
28151,5653753.0
28152,3426169.0
28153,4705945.0
28154,6412623.0
28155,5435276.0
28156,4491607.0
28157,7201784.0
28158,1149870.0
28159,3780019.0
28160,1999097.0
28161,8213524.0
28162,5017319.0
28163,3447890.0
28164,4250553.0
28165,7592272.0
28166,1270499.0
28167,1756069.0
28168,1847826.0
28169,3347767.0
28170,7217634.0
28171,3600467.0
28172,3778621.0
28173,3939804.0
28174,3410878.0
28175,3836721.0
28176,5595267.0
28177,1149870.0
28178,3752885.0
28179,4350573.0
28180,3004429.0
28181,3248660.0
28182,6363241.0
28183,1999097.0
28184,4100886.0
28185,6941173.0
28186,1619683.0
28187,4316715.0
28188,2021934.0
28189,2993069.0
28190,3351383.0
28191,4888774.0
28192,5595267.0
28193,5787594.0
28194,3261924.0
28195,3199619.0
28196,2738052.0
28197,4780607.0
28198,4554237.0
28199,6694797.0
28200,4705945.0
28201,5906596.0
28202,3600467.0
28203,2544857.0
28204,2551252.0
28205,1882131.0
28206,3939804.0
28207,4952255.0
28208,1619683.0
28209,3347767.0
28210,2390534.0
28211,2551252.0
28212,1270499.0
28213,3351383.0
28214,2732645.0
28215,6313221.0
28216,1882131.0
28217,8213524.0
28218,6694797.0
28219,3956086.0
28220,3600467.0
28221,4316715.0
28222,1763231.0
28223,2390534.0
28224,7201784.0
28225,1847826.0
28226,2156098.0
28227,3347767.0
28228,4263629.0
28229,3199619.0
28230,2792031.0
28231,4250758.0
28232,3982767.0
28233,4554237.0
28234,4705945.0
28235,3410878.0
28236,3426169.0
28237,3836721.0
28238,7217634.0
28239,3347767.0
28240,3004429.0
28241,3410878.0
28242,2083447.0
28243,5595267.0
28244,2344689.0
28245,6313221.0
28246,2371202.0
28247,1270499.0
28248,5017319.0
28249,6836483.0
28250,3982767.0
28251,6313221.0
28252,2738052.0
28253,2021934.0
28254,4705945.0
28255,3447890.0
28256,4250553.0
28257,2675511.0
28258,1149870.0
28259,1756069.0
28260,3410878.0
28261,7865428.0
28262,2993069.0
28263,2058644.0
28264,3351383.0
28265,3426169.0
28266,3982767.0
28267,1999097.0
28268,4052733.0
28269,4491607.0
28270,3004429.0
28271,2525375.0
28272,3836721.0
28273,2344689.0
28274,3258837.0
28275,4067566.0
28276,4554237.0
28277,3939804.0
28278,1270499.0
28279,4807746.0
28280,3004429.0
28281,2021934.0
28282,3745135.0
28283,2097022.0
28284,2675511.0
28285,4316715.0
28286,2344689.0
28287,1619683.0
28288,2097022.0
28289,2551252.0
28290,3351383.0
28291,6782425.0
28292,1734634.0
28293,2675511.0
28294,1999097.0
28295,1999097.0
28296,7592272.0
28297,1756069.0
28298,6941173.0
28299,3452382.0
28300,1882131.0
28301,3273041.0
28302,3745135.0
28303,2525375.0
28304,2025297.0
28305,1999097.0
28306,2344689.0
28307,1904842.0
28308,6694797.0
28309,3447890.0
28310,4250758.0
28311,2544857.0
28312,4491607.0
28313,3347767.0
28314,3956086.0
28315,3752885.0
28316,3351383.0
28317,5906596.0
28318,2993069.0
28319,3164972.0
28320,3982767.0
28321,1756069.0
28322,5595267.0
28323,3004429.0
28324,3939804.0
28325,3447890.0
28326,2018785.0
28327,2390534.0
28328,1847826.0
28329,1149870.0
28330,2097022.0
28331,7865428.0
28332,2544857.0
28333,3410878.0
28334,3778621.0
28335,7201784.0
28336,2018785.0
28337,2021934.0
28338,3258837.0
28339,2364478.0
28340,6941173.0
28341,3347767.0
28342,4264176.0
28343,3426169.0
28344,3982767.0
28345,4015749.0
28346,2675511.0
28347,3956086.0
28348,8213524.0
28349,4952255.0
28350,1270499.0
28351,7592272.0
28352,5461700.0
28353,5906596.0
28354,1999097.0
28355,5525735.0
28356,2021934.0
28357,2021934.0
28358,8904084.0
28359,6412623.0
28360,1847826.0
28361,2018785.0
28362,7217634.0
28363,4015749.0
28364,3778621.0
28365,3447890.0
28366,3008199.0
28367,4491607.0
28368,2344689.0
28369,3752885.0
28370,3570392.0
28371,3410878.0
28372,1756069.0
28373,5166635.0
28374,4286645.0
28375,9652350.0
28376,8213524.0
28377,3982767.0
28378,3410878.0
28379,6313221.0
28380,1270499.0
28381,1763231.0
28382,1149870.0
28383,2344689.0
28384,3752885.0
28385,4052733.0
28386,2993069.0
28387,2055379.0
28388,5906596.0
28389,3836721.0
28390,3778621.0
28391,6923131.0
28392,3410878.0
28393,3004429.0
28394,1999097.0
28395,6363241.0
28396,3410878.0
28397,2544857.0
28398,3745135.0
28399,2267425.0
28400,2058644.0
28401,6941173.0
28402,2021934.0
28403,2525375.0
28404,5337526.0
28405,4264176.0
28406,3218918.0
28407,6923131.0
28408,4316715.0
28409,7201784.0
28410,7201784.0
28411,3218918.0
28412,6313221.0
28413,1270499.0
28414,2792031.0
28415,2097022.0
28416,7865428.0
28417,2390534.0
28418,7495092.0
28419,2544857.0
28420,2371202.0
28421,6941173.0
28422,5595267.0
28423,9262754.0
28424,3248660.0
28425,2525375.0
28426,1904842.0
28427,2021934.0
28428,3008199.0
28429,3752885.0
28430,3258837.0
28431,3410878.0
28432,5595267.0
28433,2083447.0
28434,1149870.0
28435,4952255.0
28436,2390534.0
28437,5595267.0
28438,3410878.0
28439,2344689.0
28440,1270499.0
28441,2383840.0
28442,4264176.0
28443,3426169.0
28444,4350573.0
28445,7201784.0
28446,3351383.0
28447,1999097.0
28448,1999097.0
28449,4250553.0
28450,2058644.0
28451,3982767.0
28452,6313221.0
28453,5161370.0
28454,3745135.0
28455,3956086.0
28456,4491607.0
28457,9262754.0
28458,2371202.0
28459,2097022.0
28460,3982767.0
28461,5787594.0
28462,3753720.0
28463,4952255.0
28464,3351383.0
28465,2058644.0
28466,1619683.0
28467,9652350.0
28468,4554237.0
28469,3004429.0
28470,1149870.0
28471,1847826.0
28472,3258837.0
28473,5444227.0
28474,2083447.0
28475,1756069.0
28476,1999097.0
28477,3004429.0
28478,3753720.0
28479,5286212.0
28480,8213524.0
28481,4491607.0
28482,6313221.0
28483,5787594.0
28484,2097022.0
28485,4316715.0
28486,3273041.0
28487,4316715.0
28488,3745135.0
28489,3347767.0
28490,2792031.0
28491,2267425.0
28492,3028267.0
28493,3028267.0
28494,3752885.0
28495,4286645.0
28496,2544857.0
28497,4067566.0
28498,3982767.0
28499,3164972.0
28500,3376145.0
28501,4316715.0
28502,3426169.0
28503,5166635.0
28504,3004429.0
28505,2999068.0
28506,6313221.0
28507,2738052.0
28508,3004429.0
28509,4807746.0
28510,3780019.0
28511,2344689.0
28512,6941173.0
28513,3778621.0
28514,2993069.0
28515,4250553.0
28516,9262754.0
28517,3008199.0
28518,3752885.0
28519,2156098.0
28520,8213524.0
28521,1734634.0
28522,6363241.0
28523,3028267.0
28524,1999097.0
28525,3004429.0
28526,2344689.0
28527,3004429.0
28528,1904842.0
28529,3600467.0
28530,3745135.0
28531,3600467.0
28532,4052733.0
28533,3956086.0
28534,4052733.0
28535,6836483.0
28536,5595267.0
28537,2544857.0
28538,4705945.0
28539,2544857.0
28540,6923131.0
28541,3780019.0
28542,2058644.0
28543,2021934.0
28544,1619683.0
28545,2058644.0
28546,1756069.0
28547,1847826.0
28548,3410878.0
28549,3273041.0
28550,2267425.0
28551,2738052.0
28552,2993069.0
28553,2551252.0
28554,5595267.0
28555,3004429.0
28556,3447890.0
28557,3028267.0
28558,7592272.0
28559,3939804.0
28560,3351383.0
28561,3836721.0
28562,4264176.0
28563,1882131.0
28564,1619683.0
28565,1619683.0
28566,3004429.0
28567,2018785.0
28568,3445076.0
28569,5500818.0
28570,4250758.0
28571,5787594.0
28572,4264176.0
28573,1882131.0
28574,8213524.0
28575,4491607.0
28576,2058644.0
28577,3347767.0
28578,6941173.0
28579,3376145.0
28580,3376145.0
28581,2018785.0
28582,4590423.0
28583,2551252.0
28584,3218918.0
28585,1149870.0
28586,4316715.0
28587,4554237.0
28588,5966193.0
28589,6923131.0
28590,4264176.0
28591,3347767.0
28592,4705945.0
28593,6941173.0
28594,3410878.0
28595,3351383.0
28596,1734634.0
28597,1999097.0
28598,3727364.0
28599,1999097.0
28600,2390534.0
28601,3982767.0
28602,9262754.0
28603,2738052.0
28604,1149870.0
28605,1999097.0
28606,2018785.0
28607,1904842.0
28608,4250553.0
28609,4882985.0
28610,3347767.0
28611,1999097.0
28612,5525735.0
28613,2267425.0
28614,4491607.0
28615,3939804.0
28616,2156098.0
28617,13575224.0
28618,3028267.0
28619,2021934.0
28620,4052733.0
28621,2954086.0
28622,8213524.0
28623,2993069.0
28624,4066618.0
28625,2993069.0
28626,3745135.0
28627,3727364.0
28628,9262754.0
28629,3753720.0
28630,3600467.0
28631,3347767.0
28632,3447890.0
28633,7865428.0
28634,13575224.0
28635,1756069.0
28636,1882131.0
28637,4554237.0
28638,1999097.0
28639,2267425.0
28640,3410878.0
28641,6412623.0
28642,2525375.0
28643,5595267.0
28644,1999097.0
28645,2018785.0
28646,4067566.0
28647,5906596.0
28648,6694797.0
28649,3004429.0
28650,4316715.0
28651,2018785.0
28652,3600467.0
28653,8213524.0
28654,1999097.0
28655,4780607.0
28656,3351383.0
28657,2058644.0
28658,3258837.0
28659,1847826.0
28660,4015749.0
28661,3982767.0
28662,2097022.0
28663,2156098.0
28664,2344689.0
28665,2993069.0
28666,3784230.0
28667,2675511.0
28668,3164972.0
28669,4467728.0
28670,9262754.0
28671,1734634.0
28672,5435276.0
28673,1882131.0
28674,3410878.0
28675,3447890.0
28676,6941173.0
28677,6313221.0
28678,4888774.0
28679,3982767.0
28680,5595267.0
28681,4015749.0
28682,4590423.0
28683,8213524.0
28684,3982767.0
28685,3982767.0
28686,2551252.0
28687,4250553.0
28688,2018785.0
28689,3347767.0
28690,2058644.0
28691,2390534.0
28692,4554237.0
28693,4705945.0
28694,8904084.0
28695,3745135.0
28696,4705945.0
28697,2018785.0
28698,3600467.0
28699,2732645.0
28700,4350573.0
28701,4651866.0
28702,4590423.0
28703,2018785.0
28704,2732645.0
28705,3570392.0
28706,1999097.0
28707,3351383.0
28708,2390534.0
28709,3426169.0
28710,7592272.0
28711,2390534.0
28712,3982767.0
28713,2738052.0
28714,3447890.0
28715,8213524.0
28716,2371202.0
28717,3600467.0
28718,2390534.0
28719,4467728.0
28720,9262754.0
28721,2156098.0
28722,4888774.0
28723,3258837.0
28724,4590423.0
28725,1270499.0
28726,4264176.0
28727,5595267.0
28728,3745135.0
28729,6694797.0
28730,3745135.0
28731,6412623.0
28732,1270499.0
28733,4067566.0
28734,2993069.0
28735,2267425.0
28736,2267425.0
28737,3347767.0
28738,4015749.0
28739,1904842.0
28740,1882131.0
28741,16549064.0
28742,4250758.0
28743,6363241.0
28744,2025297.0
28745,1619683.0
28746,4067566.0
28747,2097022.0
28748,3982767.0
28749,3004429.0
28750,3410878.0
28751,1270499.0
28752,4250553.0
28753,2390534.0
28754,1847826.0
28755,3410878.0
28756,2097022.0
28757,2999068.0
28758,1847826.0
28759,8904084.0
28760,1847826.0
28761,7217634.0
28762,2993069.0
28763,4554237.0
28764,2021934.0
28765,3745135.0
28766,3028267.0
28767,2738052.0
28768,6694797.0
28769,4316715.0
28770,2097022.0
28771,4052733.0
28772,3752885.0
28773,2675511.0
28774,3982767.0
28775,1882131.0
28776,1619683.0
28777,4491607.0
28778,3600467.0
28779,2344689.0
28780,2999068.0
28781,3956086.0
28782,2021934.0
28783,4052733.0
28784,4155435.0
28785,8213524.0
28786,2156098.0
28787,1756069.0
28788,1619683.0
28789,3956086.0
28790,3351383.0
28791,2058644.0
28792,6694797.0
28793,4491607.0
28794,1847826.0
28795,3351383.0
28796,1904842.0
28797,2021934.0
28798,3447890.0
28799,4350573.0
28800,3727364.0
28801,3351383.0
28802,4350573.0
28803,1999097.0
28804,3351383.0
28805,4015749.0
28806,3600467.0
28807,2732645.0
28808,1270499.0
28809,7865428.0
28810,1149870.0
28811,3426169.0
28812,6941173.0
28813,2083447.0
28814,5966193.0
28815,4651866.0
28816,3028267.0
28817,3447890.0
28818,6694797.0
28819,1619683.0
28820,3410878.0
28821,3410878.0
28822,2058644.0
28823,1763231.0
28824,8213524.0
28825,4219263.0
28826,2097022.0
28827,2792031.0
28828,3752885.0
28829,4590423.0
28830,2058644.0
28831,1270499.0
28832,3410878.0
28833,5906596.0
28834,4554237.0
28835,2021934.0
28836,2383840.0
28837,2344689.0
28838,2390534.0
28839,2058644.0
28840,1149870.0
28841,4705945.0
28842,8213524.0
28843,3426169.0
28844,3273041.0
28845,4780607.0
28846,4067566.0
28847,3410878.0
28848,5595267.0
28849,2156098.0
28850,2390534.0
28851,4554237.0
28852,1619683.0
28853,5787594.0
28854,2390534.0
28855,2344689.0
28856,6412623.0
28857,3351383.0
28858,3752885.0
28859,3447890.0
28860,8213524.0
28861,3745135.0
28862,3447890.0
28863,7217634.0
28864,3447890.0
28865,1619683.0
28866,3939804.0
28867,4052733.0
28868,8213524.0
28869,3745135.0
28870,3956086.0
28871,2544857.0
28872,3836721.0
28873,3351383.0
28874,2021934.0
28875,4350573.0
28876,2267425.0
28877,5525735.0
28878,3351383.0
28879,3753720.0
28880,3410878.0
28881,3004429.0
28882,3778621.0
28883,3410878.0
28884,1619683.0
28885,3410878.0
28886,2058644.0
28887,2732645.0
28888,2018785.0
28889,3982767.0
28890,3004429.0
28891,7201784.0
28892,3727364.0
28893,1270499.0
28894,1999097.0
28895,2021934.0
28896,6836483.0
28897,1270499.0
28898,4250553.0
28899,2344689.0
28900,3004429.0
28901,3982767.0
28902,2025297.0
28903,3956086.0
28904,4705945.0
28905,2055379.0
28906,8213524.0
28907,2344689.0
28908,3600467.0
28909,4491607.0
28910,2344689.0
28911,3778621.0
28912,2792031.0
28913,6363241.0
28914,3347767.0
28915,4052733.0
28916,4067566.0
28917,1756069.0
28918,3273041.0
28919,1619683.0
28920,3600467.0
28921,1149870.0
28922,3347767.0
28923,3727364.0
28924,5906596.0
28925,2551252.0
28926,4705945.0
28927,7201784.0
28928,4250553.0
28929,2675511.0
28930,3004429.0
28931,3351383.0
28932,7592272.0
28933,2055379.0
28934,3028267.0
28935,2018785.0
28936,2390534.0
28937,2954086.0
28938,3351383.0
28939,1999097.0
28940,1270499.0
28941,2021934.0
28942,3939804.0
28943,2021934.0
28944,2018785.0
28945,2021934.0
28946,6694797.0
28947,2055379.0
28948,1756069.0
28949,3426169.0
28950,5444227.0
28951,3410878.0
28952,3445076.0
28953,3939804.0
28954,1619683.0
28955,1734634.0
28956,1619683.0
28957,3004429.0
28958,5525735.0
28959,8213524.0
28960,2344689.0
28961,1882131.0
28962,3780019.0
28963,5161370.0
28964,1847826.0
28965,1734634.0
28966,3903884.0
28967,1270499.0
28968,2544857.0
28969,3248660.0
28970,1756069.0
28971,4491607.0
28972,2018785.0
28973,5017319.0
28974,4136425.0
28975,1999097.0
28976,2344689.0
28977,4807746.0
28978,2018785.0
28979,3347767.0
28980,3410878.0
28981,8213524.0
28982,1999097.0
28983,5166635.0
28984,3778621.0
28985,4067566.0
28986,2156098.0
28987,3939804.0
28988,4807746.0
28989,1847826.0
28990,7865428.0
28991,3376145.0
28992,3028267.0
28993,1847826.0
28994,1619683.0
28995,6313221.0
28996,2021934.0
28997,1882131.0
28998,8213524.0
28999,3426169.0
29000,4052733.0
29001,2525375.0
29002,3939804.0
29003,1999097.0
29004,2551252.0
29005,3258837.0
29006,6313221.0
29007,3351383.0
29008,3778621.0
29009,9262754.0
29010,5435276.0
29011,4250553.0
29012,3028267.0
29013,3903884.0
29014,4015749.0
29015,8904084.0
29016,2390534.0
29017,3258837.0
29018,2097022.0
29019,3982767.0
29020,3351383.0
29021,3410878.0
29022,2544857.0
29023,1847826.0
29024,3347767.0
29025,1756069.0
29026,3745135.0
29027,3939804.0
29028,1882131.0
29029,2058644.0
29030,1756069.0
29031,1270499.0
29032,2344689.0
29033,3410878.0
29034,6694797.0
29035,3347767.0
29036,3447890.0
29037,3426169.0
29038,3199619.0
29039,3351383.0
29040,2344689.0
29041,4590423.0
29042,3778621.0
29043,4590423.0
29044,4067566.0
29045,1756069.0
29046,2025297.0
29047,4467728.0
29048,4350573.0
29049,4052733.0
29050,7201784.0
29051,3600467.0
29052,2058644.0
29053,3410878.0
29054,7865428.0
29055,3836721.0
29056,1999097.0
29057,3939804.0
29058,3347767.0
29059,4066618.0
29060,3982767.0
29061,1882131.0
29062,2383840.0
29063,3351383.0
29064,1270499.0
29065,4807746.0
29066,4015749.0
29067,5444227.0
29068,5525735.0
29069,1882131.0
29070,3273041.0
29071,1619683.0
29072,19696939.0
29073,2344689.0
29074,1999097.0
29075,4052733.0
29076,4219263.0
29077,4250553.0
29078,2058644.0
29079,1999097.0
29080,3376145.0
29081,3745135.0
29082,2364478.0
29083,3745135.0
29084,3410878.0
29085,4780607.0
29086,1999097.0
29087,2344689.0
29088,2993069.0
29089,2344689.0
29090,6836483.0
29091,3004429.0
29092,2156098.0
29093,1270499.0
29094,3939804.0
29095,8213524.0
29096,2390534.0
29097,2675511.0
29098,3351383.0
29099,4263629.0
29100,2021934.0
29101,1756069.0
29102,4491607.0
29103,2055379.0
29104,4067566.0
29105,3347767.0
29106,2058644.0
29107,3351383.0
29108,2058644.0
29109,3199619.0
29110,4100886.0
29111,3004429.0
29112,2675511.0
29113,4100886.0
29114,1999097.0
29115,3410878.0
29116,2344689.0
29117,2267425.0
29118,3903884.0
29119,1756069.0
29120,1999097.0
29121,2021934.0
29122,4554237.0
29123,2156098.0
29124,2156098.0
29125,4250553.0
29126,2525375.0
29127,3258837.0
29128,4467728.0
29129,2551252.0
29130,3600467.0
29131,3836721.0
29132,5787594.0
29133,1756069.0
29134,3939804.0
29135,2390534.0
29136,2525375.0
29137,5966193.0
29138,1847826.0
29139,4491607.0
29140,1756069.0
29141,1999097.0
29142,2390534.0
29143,2055379.0
29144,1882131.0
29145,2999068.0
29146,4250553.0
29147,2018785.0
29148,2097022.0
29149,2021934.0
29150,2058644.0
29151,6694797.0
29152,1619683.0
29153,3600467.0
29154,6941173.0
29155,2551252.0
29156,8213524.0
29157,2018785.0
29158,2390534.0
29159,6923131.0
29160,3780019.0
29161,2390534.0
29162,1999097.0
29163,3347767.0
29164,3410878.0
29165,4952255.0
29166,3004429.0
29167,6412623.0
29168,3807496.0
29169,1619683.0
29170,4052733.0
29171,7592272.0
29172,3753720.0
29173,2021934.0
29174,8213524.0
29175,3600467.0
29176,4250553.0
29177,4350573.0
29178,6363241.0
29179,3004429.0
29180,6694797.0
29181,3745135.0
29182,5595267.0
29183,3261924.0
29184,3745135.0
29185,1149870.0
29186,2018785.0
29187,4219263.0
29188,2390534.0
29189,3727364.0
29190,2371202.0
29191,6923131.0
29192,3939804.0
29193,8213524.0
29194,1763231.0
29195,4554237.0
29196,1619683.0
29197,1999097.0
29198,5595267.0
29199,3939804.0
29200,3982767.0
29201,3939804.0
29202,1756069.0
29203,5337526.0
29204,2954086.0
29205,3351383.0
29206,8904084.0
29207,2993069.0
29208,6313221.0
29209,6412623.0
29210,2364478.0
29211,4250758.0
29212,2097022.0
29213,4100886.0
29214,3004429.0
29215,5787594.0
29216,2390534.0
29217,2675511.0
29218,1882131.0
29219,3982767.0
29220,4467728.0
29221,3261924.0
29222,2544857.0
29223,4052733.0
29224,1999097.0
29225,5525735.0
29226,8213524.0
29227,3982767.0
29228,1619683.0
29229,3810007.0
29230,4350573.0
29231,7865428.0
29232,5595267.0
29233,2954086.0
29234,3600467.0
29235,1149870.0
29236,3600467.0
29237,2732645.0
29238,4491607.0
29239,1763231.0
29240,7201784.0
29241,9262754.0
29242,2058644.0
29243,5595267.0
29244,3836721.0
29245,3780019.0
29246,3376145.0
29247,3784230.0
29248,2344689.0
29249,3727364.0
29250,3347767.0
29251,6923131.0
29252,5444227.0
29253,2551252.0
29254,3248660.0
29255,6941173.0
29256,3248660.0
29257,3780019.0
29258,6694797.0
29259,3982767.0
29260,4491607.0
29261,3347767.0
29262,6836483.0
29263,2792031.0
29264,1270499.0
29265,8213524.0
29266,3600467.0
29267,4952255.0
29268,2344689.0
29269,4100886.0
29270,3410878.0
29271,3376145.0
29272,3351383.0
29273,2551252.0
29274,1847826.0
29275,2021934.0
29276,5595267.0
29277,3347767.0
29278,2097022.0
29279,7592272.0
29280,2390534.0
29281,2097022.0
29282,2018785.0
29283,3426169.0
29284,3982767.0
29285,2021934.0
29286,4952255.0
29287,6694797.0
29288,4350573.0
29289,3836721.0
29290,2058644.0
29291,3347767.0
29292,7201784.0
29293,2058644.0
29294,3218918.0
29295,4015749.0
29296,3836721.0
29297,5595267.0
29298,7201784.0
29299,3258837.0
29300,2021934.0
29301,4350573.0
29302,4250553.0
29303,2738052.0
29304,2156098.0
29305,5286212.0
29306,1999097.0
29307,3982767.0
29308,1149870.0
29309,2993069.0
29310,6941173.0
29311,4491607.0
29312,2738052.0
29313,4554237.0
29314,1999097.0
29315,3351383.0
29316,2544857.0
29317,3939804.0
29318,1756069.0
29319,2018785.0
29320,4066618.0
29321,3982767.0
29322,3258837.0
29323,3410878.0
29324,4952255.0
29325,7592272.0
29326,1149870.0
29327,2993069.0
29328,2021934.0
29329,1847826.0
29330,1882131.0
29331,2371202.0
29332,3351383.0
29333,8213524.0
29334,1882131.0
29335,1619683.0
29336,2055379.0
29337,5461700.0
29338,3426169.0
29339,2954086.0
29340,4554237.0
29341,3939804.0
29342,2344689.0
29343,3351383.0
29344,4067566.0
29345,3248660.0
29346,3982767.0
29347,4491607.0
29348,2344689.0
29349,1882131.0
29350,3570392.0
29351,4952255.0
29352,3836721.0
29353,2344689.0
29354,6313221.0
29355,3727364.0
29356,1149870.0
29357,4467728.0
29358,1999097.0
29359,3004429.0
29360,7201784.0
29361,2021934.0
29362,1149870.0
29363,5787594.0
29364,1734634.0
29365,3347767.0
29366,4467728.0
29367,1619683.0
29368,2993069.0
29369,2018785.0
29370,13575224.0
29371,1149870.0
29372,1882131.0
29373,4100886.0
29374,3447890.0
29375,2738052.0
29376,3004429.0
29377,3028267.0
29378,6412623.0
29379,4015749.0
29380,2156098.0
29381,4250758.0
29382,4250553.0
29383,2344689.0
29384,9652350.0
29385,3273041.0
29386,3261924.0
29387,8213524.0
29388,4286645.0
29389,4250553.0
29390,2267425.0
29391,5461700.0
29392,4067566.0
29393,2383840.0
29394,2371202.0
29395,3570392.0
29396,6694797.0
29397,1734634.0
29398,3745135.0
29399,2390534.0
29400,3778621.0
29401,2792031.0
29402,3982767.0
29403,3426169.0
29404,3028267.0
29405,3347767.0
29406,1763231.0
29407,1847826.0
29408,5435276.0
29409,6694797.0
29410,3426169.0
29411,7201784.0
29412,3410878.0
29413,3447890.0
29414,1270499.0
29415,3745135.0
29416,2390534.0
29417,1149870.0
29418,1999097.0
29419,8904084.0
29420,2738052.0
29421,4491607.0
29422,5500818.0
29423,3752885.0
29424,7217634.0
29425,4250553.0
29426,4316715.0
29427,3982767.0
29428,3836721.0
29429,4350573.0
29430,1270499.0
29431,4590423.0
29432,4316715.0
29433,3376145.0
29434,6363241.0
29435,2675511.0
29436,1847826.0
29437,2954086.0
29438,3745135.0
29439,1999097.0
29440,6941173.0
29441,6313221.0
29442,2371202.0
29443,4554237.0
29444,5525735.0
29445,2344689.0
29446,1149870.0
29447,1149870.0
29448,2390534.0
29449,2344689.0
29450,8904084.0
29451,4780607.0
29452,3410878.0
29453,2993069.0
29454,2021934.0
29455,2993069.0
29456,3445076.0
29457,1619683.0
29458,3982767.0
29459,5906596.0
29460,7865428.0
29461,2021934.0
29462,5653753.0
29463,3004429.0
29464,1270499.0
29465,1270499.0
29466,1734634.0
29467,7217634.0
29468,4491607.0
29469,2344689.0
29470,7865428.0
29471,1756069.0
29472,4467728.0
29473,2954086.0
29474,2993069.0
29475,2993069.0
29476,3939804.0
29477,2792031.0
29478,6941173.0
29479,3410878.0
29480,3727364.0
29481,2544857.0
29482,4015749.0
29483,1149870.0
29484,2097022.0
29485,2738052.0
29486,3780019.0
29487,3258837.0
29488,4250758.0
29489,1270499.0
29490,1270499.0
29491,2021934.0
29492,4100886.0
29493,2055379.0
29494,8213524.0
29495,6836483.0
29496,4705945.0
29497,3570392.0
29498,3347767.0
29499,3410878.0
29500,7592272.0
29501,2993069.0
29502,2954086.0
29503,3347767.0
29504,4286645.0
29505,5017319.0
29506,4554237.0
29507,2018785.0
29508,2055379.0
29509,3982767.0
29510,3351383.0
29511,1270499.0
29512,4015749.0
29513,2993069.0
29514,3248660.0
29515,4015749.0
29516,5435276.0
29517,1149870.0
29518,2738052.0
29519,2390534.0
29520,3351383.0
29521,7217634.0
29522,1882131.0
29523,5435276.0
29524,4491607.0
29525,1149870.0
29526,2544857.0
29527,2371202.0
29528,3351383.0
29529,2792031.0
29530,2344689.0
29531,1904842.0
29532,2083447.0
29533,4286645.0
29534,3745135.0
29535,3261924.0
29536,4264176.0
29537,6313221.0
29538,1270499.0
29539,1756069.0
29540,1270499.0
29541,5500818.0
29542,3445076.0
29543,3752885.0
29544,2058644.0
29545,2371202.0
29546,2058644.0
29547,4705945.0
29548,6923131.0
29549,1756069.0
29550,2021934.0
29551,8904084.0
29552,3258837.0
29553,3410878.0
29554,3410878.0
29555,6836483.0
29556,6782425.0
29557,2344689.0
29558,1619683.0
29559,3956086.0
29560,4467728.0
29561,2551252.0
29562,3600467.0
29563,2344689.0
29564,1149870.0
29565,2058644.0
29566,8904084.0
29567,2097022.0
29568,4015749.0
29569,4491607.0
29570,4467728.0
29571,1904842.0
29572,7217634.0
29573,2058644.0
29574,4250553.0
29575,5525735.0
29576,2021934.0
29577,2021934.0
29578,1270499.0
29579,3447890.0
29580,1270499.0
29581,1756069.0
29582,5525735.0
29583,3261924.0
29584,1882131.0
29585,3871344.0
29586,5286212.0
29587,6363241.0
29588,1756069.0
29589,2732645.0
29590,3351383.0
29591,3376145.0
29592,2267425.0
29593,4052733.0
29594,2738052.0
29595,3939804.0
29596,2544857.0
29597,5017319.0
29598,4350573.0
29599,3727364.0
29600,2525375.0
29601,6836483.0
29602,4590423.0
29603,4015749.0
29604,4780607.0
29605,2738052.0
29606,4067566.0
29607,2544857.0
29608,3956086.0
29609,3939804.0
29610,2344689.0
29611,3836721.0
29612,3745135.0
29613,2097022.0
29614,3982767.0
29615,2058644.0
29616,5500818.0
29617,2267425.0
29618,2097022.0
29619,1763231.0
29620,2058644.0
29621,4952255.0
29622,4250758.0
29623,2058644.0
29624,2018785.0
29625,2390534.0
29626,6836483.0
29627,2390534.0
29628,3410878.0
29629,3903884.0
29630,4491607.0
29631,1270499.0
29632,4250553.0
29633,3956086.0
29634,3347767.0
29635,4807746.0
29636,3004429.0
29637,2058644.0
29638,1270499.0
29639,2544857.0
29640,4491607.0
29641,2371202.0
29642,2018785.0
29643,3745135.0
29644,5595267.0
29645,7201784.0
29646,6923131.0
29647,3727364.0
29648,7495092.0
29649,3199619.0
29650,4250553.0
29651,2675511.0
29652,1847826.0
29653,6941173.0
29654,3836721.0
29655,3982767.0
29656,1756069.0
29657,2058644.0
29658,2097022.0
29659,4467728.0
29660,3752885.0
29661,1149870.0
29662,2058644.0
29663,3261924.0
29664,6836483.0
29665,6941173.0
29666,1882131.0
29667,3199619.0
29668,1756069.0
29669,1270499.0
29670,2025297.0
29671,1999097.0
29672,3778621.0
29673,6941173.0
29674,2058644.0
29675,4780607.0
29676,8213524.0
29677,5017319.0
29678,2738052.0
29679,6412623.0
29680,4263629.0
29681,2267425.0
29682,3745135.0
29683,1756069.0
29684,2058644.0
29685,2525375.0
29686,2344689.0
29687,4429512.0
29688,1847826.0
29689,3351383.0
29690,2738052.0
29691,2021934.0
29692,2055379.0
29693,1619683.0
29694,2544857.0
29695,4491607.0
29696,2018785.0
29697,5444227.0
29698,2097022.0
29699,6363241.0
29700,3008199.0
29701,2364478.0
29702,3004429.0
29703,2021934.0
29704,1734634.0
29705,3410878.0
29706,2738052.0
29707,2954086.0
29708,2551252.0
29709,3982767.0
29710,2544857.0
29711,2021934.0
29712,3939804.0
29713,3447890.0
29714,1763231.0
29715,4250758.0
29716,1999097.0
29717,2792031.0
29718,4052733.0
29719,2097022.0
29720,2551252.0
29721,4554237.0
29722,2018785.0
29723,4491607.0
29724,4219263.0
29725,3410878.0
29726,2344689.0
29727,6313221.0
29728,2344689.0
29729,2058644.0
29730,3600467.0
29731,8213524.0
29732,7865428.0
29733,3982767.0
29734,2738052.0
29735,3347767.0
29736,2097022.0
29737,4590423.0
29738,1619683.0
29739,7592272.0
29740,4052733.0
29741,3004429.0
29742,1756069.0
29743,2544857.0
29744,2156098.0
29745,5017319.0
29746,4491607.0
29747,2018785.0
29748,3410878.0
29749,2055379.0
29750,3600467.0
29751,3273041.0
29752,2544857.0
29753,4491607.0
29754,3745135.0
29755,4705945.0
29756,2156098.0
29757,5906596.0
29758,4705945.0
29759,1149870.0
29760,2364478.0
29761,3351383.0
29762,4952255.0
29763,3004429.0
29764,1149870.0
29765,6782425.0
29766,1270499.0
29767,3818055.0
29768,1734634.0
29769,5435276.0
29770,2390534.0
29771,1756069.0
29772,4952255.0
29773,3600467.0
29774,3727364.0
29775,3248660.0
29776,2344689.0
29777,3351383.0
29778,2732645.0
29779,1763231.0
29780,1904842.0
29781,3939804.0
29782,9652350.0
29783,2021934.0
29784,1882131.0
29785,3903884.0
29786,1756069.0
29787,4066618.0
29788,3351383.0
29789,1270499.0
29790,5166635.0
29791,2021934.0
29792,5500818.0
29793,2267425.0
29794,5337526.0
29795,3258837.0
29796,1847826.0
29797,1270499.0
29798,2344689.0
29799,2738052.0
29800,3028267.0
29801,2097022.0
29802,1756069.0
29803,4316715.0
29804,2021934.0
29805,5435276.0
29806,2021934.0
29807,5286212.0
29808,2344689.0
29809,2344689.0
29810,4067566.0
29811,4491607.0
29812,1999097.0
29813,2097022.0
29814,3452382.0
29815,2097022.0
29816,2018785.0
29817,2383840.0
29818,3752885.0
29819,3939804.0
29820,4350573.0
29821,7495092.0
29822,4015749.0
29823,2021934.0
29824,3982767.0
29825,3956086.0
29826,1270499.0
29827,2021934.0
29828,3447890.0
29829,4250553.0
29830,3836721.0
29831,2732645.0
29832,1904842.0
29833,4882985.0
29834,2097022.0
29835,1619683.0
29836,3982767.0
29837,6782425.0
29838,4554237.0
29839,3903884.0
29840,3347767.0
29841,2344689.0
29842,5595267.0
29843,2021934.0
29844,1882131.0
29845,3778621.0
29846,2058644.0
29847,4250553.0
29848,6836483.0
29849,2021934.0
29850,5595267.0
29851,1999097.0
29852,2732645.0
29853,3600467.0
29854,2344689.0
29855,1999097.0
29856,5906596.0
29857,5787594.0
29858,2058644.0
29859,3004429.0
29860,8213524.0
29861,1847826.0
29862,2058644.0
29863,2097022.0
29864,2025297.0
29865,3810007.0
29866,7592272.0
29867,3248660.0
29868,1999097.0
29869,3745135.0
29870,3727364.0
29871,3426169.0
29872,5461700.0
29873,4705945.0
29874,3258837.0
29875,3351383.0
29876,3752885.0
29877,3347767.0
29878,2055379.0
29879,3745135.0
29880,6836483.0
29881,2544857.0
29882,3410878.0
29883,2021934.0
29884,1734634.0
29885,3351383.0
29886,2267425.0
29887,1619683.0
29888,3447890.0
29889,16549064.0
29890,1619683.0
29891,3752885.0
29892,2738052.0
29893,3780019.0
29894,9262754.0
29895,2551252.0
29896,3347767.0
29897,2021934.0
29898,1999097.0
29899,2732645.0
29900,1999097.0
29901,2993069.0
29902,3004429.0
29903,4052733.0
29904,3426169.0
29905,2058644.0
29906,4888774.0
29907,2055379.0
29908,4316715.0
29909,7201784.0
29910,2544857.0
29911,3004429.0
29912,5017319.0
29913,2390534.0
29914,6694797.0
29915,1619683.0
29916,2999068.0
29917,2021934.0
29918,2021934.0
29919,7495092.0
29920,2058644.0
29921,8213524.0
29922,7495092.0
29923,4705945.0
29924,1270499.0
29925,3261924.0
29926,2390534.0
29927,4491607.0
29928,4264176.0
29929,1882131.0
29930,4705945.0
29931,7592272.0
29932,3780019.0
29933,3982767.0
29934,3004429.0
29935,4491607.0
29936,3982767.0
29937,1756069.0
29938,1619683.0
29939,4316715.0
29940,3752885.0
29941,3903884.0
29942,4429512.0
29943,7495092.0
29944,4264176.0
29945,1847826.0
29946,5525735.0
29947,2018785.0
29948,7495092.0
29949,1999097.0
29950,5337526.0
29951,4316715.0
29952,3410878.0
29953,1756069.0
29954,1756069.0
29955,4052733.0
29956,2364478.0
29957,2058644.0
29958,7217634.0
29959,2058644.0
29960,3004429.0
29961,1270499.0
29962,4888774.0
29963,3780019.0
29964,2055379.0
29965,2058644.0
29966,4705945.0
29967,2993069.0
29968,4491607.0
29969,4100886.0
29970,3753720.0
29971,1619683.0
29972,6313221.0
29973,1904842.0
29974,3982767.0
29975,2344689.0
29976,8213524.0
29977,9652350.0
29978,3410878.0
29979,7495092.0
29980,7201784.0
29981,6836483.0
29982,3199619.0
29983,3004429.0
29984,1756069.0
29985,7495092.0
29986,3376145.0
29987,3982767.0
29988,3956086.0
29989,3004429.0
29990,4263629.0
29991,4264176.0
29992,1847826.0
29993,4250553.0
29994,1619683.0
29995,1882131.0
29996,2993069.0
29997,1882131.0
29998,1270499.0
29999,3982767.0
30000,2018785.0
30001,6782425.0
30002,3445076.0
30003,3410878.0
30004,3778621.0
30005,2732645.0
30006,7865428.0
30007,1619683.0
30008,3028267.0
30009,5906596.0
30010,2344689.0
30011,2055379.0
30012,3008199.0
30013,3004429.0
30014,8213524.0
30015,3351383.0
30016,4350573.0
30017,3028267.0
30018,3248660.0
30019,1904842.0
30020,6694797.0
30021,2792031.0
30022,1756069.0
30023,7592272.0
30024,3351383.0
30025,2344689.0
30026,4067566.0
30027,4952255.0
30028,6412623.0
30029,2383840.0
30030,8213524.0
30031,6694797.0
30032,1756069.0
30033,2732645.0
30034,3347767.0
30035,6941173.0
30036,4491607.0
30037,1149870.0
30038,5435276.0
30039,4136425.0
30040,4350573.0
30041,7217634.0
30042,1999097.0
30043,1756069.0
30044,3410878.0
30045,2999068.0
30046,4015749.0
30047,3258837.0
30048,2344689.0
30049,2344689.0
30050,2993069.0
30051,2058644.0
30052,4067566.0
30053,3727364.0
30054,2344689.0
30055,2390534.0
30056,1999097.0
30057,1619683.0
30058,2156098.0
30059,3982767.0
30060,4264176.0
30061,3347767.0
30062,2344689.0
30063,1847826.0
30064,2525375.0
30065,6941173.0
30066,2021934.0
30067,8213524.0
30068,4952255.0
30069,6412623.0
30070,3600467.0
30071,5787594.0
30072,2097022.0
30073,4705945.0
30074,8213524.0
30075,5525735.0
30076,3261924.0
30077,7865428.0
30078,3351383.0
30079,4888774.0
30080,5500818.0
30081,3376145.0
30082,8213524.0
30083,5787594.0
30084,4705945.0
30085,5525735.0
30086,2097022.0
30087,2058644.0
30088,4015749.0
30089,2344689.0
30090,2025297.0
30091,1149870.0
30092,2058644.0
30093,2544857.0
30094,1149870.0
30095,3600467.0
30096,1999097.0
30097,4590423.0
30098,8213524.0
30099,9262754.0
30100,4705945.0
30101,3351383.0
30102,3939804.0
30103,5500818.0
30104,2018785.0
30105,8213524.0
30106,5166635.0
30107,2097022.0
30108,3982767.0
30109,2097022.0
30110,2097022.0
30111,3752885.0
30112,5017319.0
30113,2018785.0
30114,3600467.0
30115,4052733.0
30116,4590423.0
30117,3347767.0
30118,2097022.0
30119,3004429.0
30120,2390534.0
30121,7865428.0
30122,4888774.0
30123,3028267.0
30124,1756069.0
30125,2525375.0
30126,2021934.0
30127,2021934.0
30128,3258837.0
30129,4491607.0
30130,1904842.0
30131,4467728.0
30132,4467728.0
30133,1149870.0
30134,5595267.0
30135,1149870.0
30136,5595267.0
30137,6313221.0
30138,6313221.0
30139,3956086.0
30140,1149870.0
30141,2021934.0
30142,1619683.0
30143,2097022.0
30144,2954086.0
30145,1882131.0
30146,1619683.0
30147,3218918.0
30148,3351383.0
30149,4066618.0
30150,4467728.0
30151,3004429.0
30152,2390534.0
30153,5525735.0
30154,1999097.0
30155,2097022.0
30156,3939804.0
30157,3753720.0
30158,3410878.0
30159,7865428.0
30160,3261924.0
30161,2738052.0
30162,3410878.0
30163,3347767.0
30164,2058644.0
30165,3807496.0
30166,3004429.0
30167,6412623.0
30168,5595267.0
30169,1619683.0
30170,2551252.0
30171,7217634.0
30172,4219263.0
30173,3982767.0
30174,1756069.0
30175,2058644.0
30176,2021934.0
30177,3836721.0
30178,1619683.0
30179,2993069.0
30180,2018785.0
30181,3600467.0
30182,1619683.0
30183,3982767.0
30184,6941173.0
30185,2792031.0
30186,2021934.0
30187,7495092.0
30188,7865428.0
30189,4491607.0
30190,3004429.0
30191,6923131.0
30192,3347767.0
30193,3600467.0
30194,1149870.0
30195,3028267.0
30196,3570392.0
30197,2267425.0
30198,2954086.0
30199,3727364.0
30200,3376145.0
30201,3727364.0
30202,3778621.0
30203,4067566.0
30204,5435276.0
30205,6412623.0
30206,2156098.0
30207,4286645.0
30208,4491607.0
30209,2055379.0
30210,2371202.0
30211,7592272.0
30212,3745135.0
30213,6923131.0
30214,3939804.0
30215,2018785.0
30216,3745135.0
30217,3956086.0
30218,1756069.0
30219,4015749.0
30220,4067566.0
30221,5787594.0
30222,3248660.0
30223,2544857.0
30224,1756069.0
30225,2544857.0
30226,4350573.0
30227,3752885.0
30228,9262754.0
30229,2097022.0
30230,6363241.0
30231,4491607.0
30232,3347767.0
30233,3347767.0
30234,1734634.0
30235,4155435.0
30236,2344689.0
30237,3410878.0
30238,4952255.0
30239,2021934.0
30240,2025297.0
30241,9262754.0
30242,6313221.0
30243,4429512.0
30244,2344689.0
30245,1999097.0
30246,7865428.0
30247,2021934.0
30248,7217634.0
30249,6941173.0
30250,3347767.0
30251,1270499.0
30252,3600467.0
30253,3258837.0
30254,2993069.0
30255,8213524.0
30256,1756069.0
30257,3745135.0
30258,2544857.0
30259,2544857.0
30260,2993069.0
30261,8213524.0
30262,4286645.0
30263,2267425.0
30264,4015749.0
30265,3248660.0
30266,1270499.0
30267,4316715.0
30268,1999097.0
30269,2993069.0
30270,2544857.0
30271,3727364.0
30272,4250553.0
30273,1882131.0
30274,6836483.0
30275,1882131.0
30276,1270499.0
30277,3600467.0
30278,3347767.0
30279,1270499.0
30280,2344689.0
30281,2344689.0
30282,4705945.0
30283,1734634.0
30284,2344689.0
30285,4491607.0
30286,2055379.0
30287,1882131.0
30288,4882985.0
30289,3410878.0
30290,3745135.0
30291,5500818.0
30292,5595267.0
30293,3410878.0
30294,4263629.0
30295,3004429.0
30296,1999097.0
30297,3028267.0
30298,3347767.0
30299,3447890.0
30300,3903884.0
30301,2371202.0
30302,1270499.0
30303,2267425.0
30304,1270499.0
30305,2021934.0
30306,2025297.0
30307,2344689.0
30308,2021934.0
30309,2025297.0
30310,4250553.0
30311,3347767.0
30312,3258837.0
30313,4052733.0
30314,4705945.0
30315,3778621.0
30316,1763231.0
30317,3410878.0
30318,4491607.0
30319,2021934.0
30320,7217634.0
30321,7217634.0
30322,6941173.0
30323,3903884.0
30324,2021934.0
30325,5166635.0
30326,1999097.0
30327,2097022.0
30328,3447890.0
30329,7592272.0
30330,5500818.0
30331,4952255.0
30332,1999097.0
30333,8213524.0
30334,1734634.0
30335,1149870.0
30336,3780019.0
30337,6363241.0
30338,2267425.0
30339,4219263.0
30340,2993069.0
30341,4780607.0
30342,3351383.0
30343,3982767.0
30344,3982767.0
30345,2025297.0
30346,4467728.0
30347,2055379.0
30348,8213524.0
30349,2525375.0
30350,2732645.0
30351,5166635.0
30352,1619683.0
30353,4952255.0
30354,3410878.0
30355,3447890.0
30356,4250758.0
30357,2097022.0
30358,3258837.0
30359,2732645.0
30360,5017319.0
30361,2344689.0
30362,3836721.0
30363,2390534.0
30364,5461700.0
30365,4491607.0
30366,3199619.0
30367,3600467.0
30368,3745135.0
30369,3727364.0
30370,3780019.0
30371,4052733.0
30372,3347767.0
30373,4100886.0
30374,4052733.0
30375,4350573.0
30376,3600467.0
30377,2544857.0
30378,3426169.0
30379,2371202.0
30380,2738052.0
30381,5166635.0
30382,3199619.0
30383,2371202.0
30384,1904842.0
30385,3745135.0
30386,1904842.0
30387,3410878.0
30388,1999097.0
30389,6363241.0
30390,4100886.0
30391,7217634.0
30392,3982767.0
30393,3028267.0
30394,3347767.0
30395,3956086.0
30396,3752885.0
30397,3004429.0
30398,2156098.0
30399,4263629.0
30400,4052733.0
30401,1149870.0
30402,4491607.0
30403,6836483.0
30404,3258837.0
30405,2021934.0
30406,3836721.0
30407,5787594.0
30408,2732645.0
30409,2021934.0
30410,2058644.0
30411,3956086.0
30412,3600467.0
30413,4052733.0
30414,4807746.0
30415,4952255.0
30416,3982767.0
30417,3248660.0
30418,1149870.0
30419,2058644.0
30420,4015749.0
30421,2344689.0
30422,1999097.0
30423,3956086.0
30424,3600467.0
30425,3199619.0
30426,6941173.0
30427,4705945.0
30428,3248660.0
30429,9262754.0
30430,5500818.0
30431,4052733.0
30432,4952255.0
30433,4067566.0
30434,6923131.0
30435,3447890.0
30436,6412623.0
30437,1734634.0
30438,5906596.0
30439,4263629.0
30440,3939804.0
30441,5500818.0
30442,4052733.0
30443,1270499.0
30444,8894598.0
30445,4780607.0
30446,1270499.0
30447,2344689.0
30448,3939804.0
30449,5595267.0
30450,3445076.0
30451,1904842.0
30452,2021934.0
30453,1149870.0
30454,2344689.0
30455,3218918.0
30456,3600467.0
30457,4219263.0
30458,2675511.0
30459,1882131.0
30460,3780019.0
30461,2344689.0
30462,3600467.0
30463,3452382.0
30464,3261924.0
30465,3939804.0
30466,4067566.0
30467,1882131.0
30468,2344689.0
30469,2025297.0
30470,6363241.0
30471,2675511.0
30472,3004429.0
30473,4467728.0
30474,3199619.0
30475,1756069.0
30476,7865428.0
30477,3939804.0
30478,4554237.0
30479,2021934.0
30480,3727364.0
30481,5653753.0
30482,3939804.0
30483,3939804.0
30484,1756069.0
30485,3028267.0
30486,7201784.0
30487,1270499.0
30488,2675511.0
30489,3347767.0
30490,3347767.0
30491,3410878.0
30492,1756069.0
30493,5787594.0
30494,3218918.0
30495,3004429.0
30496,2738052.0
30497,6313221.0
30498,4286645.0
30499,4316715.0
30500,1756069.0
30501,3218918.0
30502,2021934.0
30503,7217634.0
30504,3410878.0
30505,3600467.0
30506,2058644.0
30507,3600467.0
30508,2993069.0
30509,3199619.0
30510,1270499.0
30511,3807496.0
30512,7592272.0
30513,3807496.0
30514,3351383.0
30515,3956086.0
30516,2344689.0
30517,1999097.0
30518,3273041.0
30519,1999097.0
30520,5906596.0
30521,8213524.0
30522,7592272.0
30523,4705945.0
30524,2390534.0
30525,5017319.0
30526,4807746.0
30527,5787594.0
30528,1619683.0
30529,4491607.0
30530,3004429.0
30531,5595267.0
30532,3347767.0
30533,1847826.0
30534,2954086.0
30535,4263629.0
30536,1763231.0
30537,1999097.0
30538,1847826.0
30539,3956086.0
30540,3982767.0
30541,3871344.0
30542,6941173.0
30543,2083447.0
30544,8213524.0
30545,3347767.0
30546,4651866.0
30547,3410878.0
30548,2344689.0
30549,5906596.0
30550,2732645.0
30551,3447890.0
30552,4100886.0
30553,3570392.0
30554,2732645.0
30555,3982767.0
30556,2390534.0
30557,3004429.0
30558,4250553.0
30559,1999097.0
30560,3004429.0
30561,2344689.0
30562,3004429.0
30563,1734634.0
30564,2055379.0
30565,1882131.0
30566,3351383.0
30567,4067566.0
30568,1763231.0
30569,1904842.0
30570,4219263.0
30571,1270499.0
30572,4467728.0
30573,1756069.0
30574,4250553.0
30575,3939804.0
30576,6836483.0
30577,5161370.0
30578,3199619.0
30579,4100886.0
30580,7592272.0
30581,2738052.0
30582,3248660.0
30583,2021934.0
30584,3410878.0
30585,3351383.0
30586,8213524.0
30587,4554237.0
30588,4491607.0
30589,3351383.0
30590,1270499.0
30591,4052733.0
30592,6363241.0
30593,6412623.0
30594,3807496.0
30595,1999097.0
30596,3745135.0
30597,5166635.0
30598,6836483.0
30599,2344689.0
30600,3347767.0
30601,6694797.0
30602,2055379.0
30603,2058644.0
30604,1149870.0
30605,2344689.0
30606,5906596.0
30607,3347767.0
30608,6412623.0
30609,4155435.0
30610,6923131.0
30611,2732645.0
30612,1149870.0
30613,4467728.0
30614,5595267.0
30615,1619683.0
30616,2021934.0
30617,3600467.0
30618,3752885.0
30619,1847826.0
30620,3727364.0
30621,4651866.0
30622,2055379.0
30623,3939804.0
30624,3347767.0
30625,4015749.0
30626,5595267.0
30627,2018785.0
30628,2344689.0
30629,3351383.0
30630,3028267.0
30631,3004429.0
30632,2544857.0
30633,1270499.0
30634,3447890.0
30635,3982767.0
30636,3745135.0
30637,3807496.0
30638,6694797.0
30639,4952255.0
30640,3248660.0
30641,8213524.0
30642,1619683.0
30643,4350573.0
30644,2018785.0
30645,2390534.0
30646,9262754.0
30647,6941173.0
30648,3956086.0
30649,8213524.0
30650,3939804.0
30651,1904842.0
30652,3347767.0
30653,2267425.0
30654,2025297.0
30655,5500818.0
30656,4888774.0
30657,2364478.0
30658,3752885.0
30659,4590423.0
30660,2344689.0
30661,3004429.0
30662,3273041.0
30663,6313221.0
30664,3351383.0
30665,3376145.0
30666,2390534.0
30667,1270499.0
30668,1847826.0
30669,3261924.0
30670,6836483.0
30671,2058644.0
30672,6694797.0
30673,3028267.0
30674,2267425.0
30675,5595267.0
30676,3836721.0
30677,1882131.0
30678,7201784.0
30679,2083447.0
30680,2675511.0
30681,4316715.0
30682,3447890.0
30683,2021934.0
30684,1999097.0
30685,4467728.0
30686,2097022.0
30687,5435276.0
30688,3347767.0
30689,3351383.0
30690,2055379.0
30691,1756069.0
30692,1619683.0
30693,3028267.0
30694,1882131.0
30695,4264176.0
30696,4590423.0
30697,2732645.0
30698,3410878.0
30699,2544857.0
30700,1619683.0
30701,7592272.0
30702,3351383.0
30703,8213524.0
30704,3410878.0
30705,3351383.0
30706,2551252.0
30707,4250758.0
30708,4952255.0
30709,6313221.0
30710,3248660.0
30711,2344689.0
30712,2058644.0
30713,4136425.0
30714,8213524.0
30715,9262754.0
30716,3982767.0
30717,3410878.0
30718,4952255.0
30719,2097022.0
30720,3982767.0
30721,3351383.0
30722,3447890.0
30723,5461700.0
30724,3727364.0
30725,4888774.0
30726,4264176.0
30727,3903884.0
30728,1882131.0
30729,5435276.0
30730,2267425.0
30731,2544857.0
30732,3248660.0
30733,4590423.0
30734,4590423.0
30735,2018785.0
30736,2525375.0
30737,3273041.0
30738,7201784.0
30739,8213524.0
30740,1756069.0
30741,2156098.0
30742,6941173.0
30743,2058644.0
30744,3351383.0
30745,5595267.0
30746,3004429.0
30747,8213524.0
30748,1149870.0
30749,4067566.0
30750,3745135.0
30751,3004429.0
30752,2544857.0
30753,4250553.0
30754,4467728.0
30755,4705945.0
30756,1999097.0
30757,3004429.0
30758,4882985.0
30759,2954086.0
30760,8904084.0
30761,1149870.0
30762,4052733.0
30763,3351383.0
30764,3753720.0
30765,3347767.0
30766,3956086.0
30767,1734634.0
30768,6923131.0
30769,5435276.0
30770,8904084.0
30771,2344689.0
30772,2055379.0
30773,2525375.0
30774,4491607.0
30775,1882131.0
30776,3351383.0
30777,2267425.0
30778,3028267.0
30779,5595267.0
30780,2993069.0
30781,3347767.0
30782,3939804.0
30783,9652350.0
30784,4316715.0
30785,13575224.0
30786,2055379.0
30787,2792031.0
30788,3347767.0
30789,3410878.0
30790,3008199.0
30791,4052733.0
30792,4952255.0
30793,3745135.0
30794,2792031.0
30795,3939804.0
30796,3347767.0
30797,3780019.0
30798,1882131.0
30799,3778621.0
30800,3727364.0
30801,2525375.0
30802,2018785.0
30803,4052733.0
30804,3778621.0
30805,3939804.0
30806,3745135.0
30807,5500818.0
30808,3004429.0
30809,1270499.0
30810,4807746.0
30811,13575224.0
30812,1756069.0
30813,3273041.0
30814,1270499.0
30815,2344689.0
30816,4264176.0
30817,4066618.0
30818,4316715.0
30819,3903884.0
30820,2371202.0
30821,2083447.0
30822,4250553.0
30823,2344689.0
30824,1270499.0
30825,4590423.0
30826,1756069.0
30827,3939804.0
30828,8904084.0
30829,4491607.0
30830,3570392.0
30831,3164972.0
30832,4554237.0
30833,5017319.0
30834,2954086.0
30835,3982767.0
30836,3982767.0
30837,3004429.0
30838,4155435.0
30839,2097022.0
30840,2390534.0
30841,3982767.0
30842,3600467.0
30843,2390534.0
30844,1999097.0
30845,1756069.0
30846,3752885.0
30847,6412623.0
30848,5595267.0
30849,9262754.0
30850,2267425.0
30851,6313221.0
30852,3410878.0
30853,4015749.0
30854,1882131.0
30855,9262754.0
30856,2390534.0
30857,2156098.0
30858,6363241.0
30859,8213524.0
30860,5435276.0
30861,2018785.0
30862,2792031.0
30863,2267425.0
30864,8213524.0
30865,7217634.0
30866,5337526.0
30867,3570392.0
30868,6941173.0
30869,2156098.0
30870,2083447.0
30871,3351383.0
30872,3261924.0
30873,1847826.0
30874,1847826.0
30875,4705945.0
30876,3447890.0
30877,3982767.0
30878,5017319.0
30879,3199619.0
30880,7201784.0
30881,3004429.0
30882,5166635.0
30883,8213524.0
30884,2371202.0
30885,1149870.0
30886,3410878.0
30887,2097022.0
30888,3939804.0
30889,2383840.0
30890,3956086.0
30891,2018785.0
30892,3410878.0
30893,1149870.0
30894,1999097.0
30895,3982767.0
30896,2344689.0
30897,4350573.0
30898,2097022.0
30899,2544857.0
30900,1734634.0
30901,2097022.0
30902,1904842.0
30903,8213524.0
30904,3939804.0
30905,6412623.0
30906,2018785.0
30907,5337526.0
30908,4052733.0
30909,3351383.0
30910,2344689.0
30911,5337526.0
30912,5595267.0
30913,1756069.0
30914,6836483.0
30915,1756069.0
30916,1270499.0
30917,4155435.0
30918,2344689.0
30919,2267425.0
30920,7865428.0
30921,2058644.0
30922,3939804.0
30923,3982767.0
30924,4350573.0
30925,3982767.0
30926,5595267.0
30927,2525375.0
30928,3982767.0
30929,4554237.0
30930,3258837.0
30931,1149870.0
30932,1999097.0
30933,9652350.0
30934,3351383.0
30935,2551252.0
30936,1999097.0
30937,2383840.0
30938,1756069.0
30939,3982767.0
30940,3410878.0
30941,2732645.0
30942,2083447.0
30943,2738052.0
30944,1756069.0
30945,3351383.0
30946,4316715.0
30947,4316715.0
30948,1619683.0
30949,4052733.0
30950,2344689.0
30951,6923131.0
30952,1149870.0
30953,2732645.0
30954,1847826.0
30955,2018785.0
30956,2675511.0
30957,1619683.0
30958,2058644.0
30959,1149870.0
30960,7592272.0
30961,6694797.0
30962,5435276.0
30963,7201784.0
30964,8213524.0
30965,1847826.0
30966,4067566.0
30967,3939804.0
30968,3939804.0
30969,1270499.0
30970,4015749.0
30971,3956086.0
30972,2058644.0
30973,1999097.0
30974,2097022.0
30975,2371202.0
30976,2097022.0
30977,2344689.0
30978,3004429.0
30979,1999097.0
30980,7217634.0
30981,3410878.0
30982,4100886.0
30983,2018785.0
30984,4705945.0
30985,2993069.0
30986,2025297.0
30987,4219263.0
30988,4467728.0
30989,3982767.0
30990,2021934.0
30991,3004429.0
30992,4100886.0
30993,8904084.0
30994,6412623.0
30995,1999097.0
30996,3600467.0
30997,1999097.0
30998,6412623.0
30999,3752885.0
31000,2390534.0
31001,4155435.0
31002,5337526.0
31003,3727364.0
31004,3778621.0
31005,4554237.0
31006,2383840.0
31007,3939804.0
31008,3376145.0
31009,3982767.0
31010,3028267.0
31011,2371202.0
31012,4264176.0
31013,5595267.0
31014,3426169.0
31015,3028267.0
31016,3351383.0
31017,1847826.0
31018,3351383.0
31019,3778621.0
31020,1882131.0
31021,3199619.0
31022,6412623.0
31023,3028267.0
31024,1882131.0
31025,1270499.0
31026,4590423.0
31027,2021934.0
31028,3351383.0
31029,2097022.0
31030,2058644.0
31031,3939804.0
31032,4705945.0
31033,2018785.0
31034,2058644.0
31035,1619683.0
31036,2999068.0
31037,1756069.0
31038,1756069.0
31039,2732645.0
31040,1904842.0
31041,1999097.0
31042,5595267.0
31043,7201784.0
31044,3410878.0
31045,2544857.0
31046,2544857.0
31047,2954086.0
31048,6313221.0
31049,1847826.0
31050,2058644.0
31051,3778621.0
31052,4136425.0
31053,3410878.0
31054,6836483.0
31055,3347767.0
31056,4316715.0
31057,6836483.0
31058,3004429.0
31059,1882131.0
31060,2025297.0
31061,2097022.0
31062,2551252.0
31063,3028267.0
31064,2055379.0
31065,3351383.0
31066,3982767.0
31067,1904842.0
31068,3600467.0
31069,8213524.0
31070,4250553.0
31071,2738052.0
31072,4316715.0
31073,4136425.0
31074,3410878.0
31075,1270499.0
31076,7201784.0
31077,6363241.0
31078,5337526.0
31079,1149870.0
31080,5017319.0
31081,3351383.0
31082,2058644.0
31083,3410878.0
31084,5595267.0
31085,1619683.0
31086,6941173.0
31087,2344689.0
31088,4264176.0
31089,3004429.0
31090,5166635.0
31091,8213524.0
31092,7495092.0
31093,4067566.0
31094,3745135.0
31095,2344689.0
31096,2675511.0
31097,3982767.0
31098,2344689.0
31099,4067566.0
31100,4250758.0
31101,3347767.0
31102,2344689.0
31103,1882131.0
31104,3410878.0
31105,5906596.0
31106,1756069.0
31107,7592272.0
31108,1999097.0
31109,1270499.0
31110,7201784.0
31111,2732645.0
31112,1882131.0
31113,1756069.0
31114,6782425.0
31115,3351383.0
31116,1619683.0
31117,3347767.0
31118,3778621.0
31119,1904842.0
31120,2021934.0
31121,4052733.0
31122,1847826.0
31123,3745135.0
31124,3261924.0
31125,2021934.0
31126,1734634.0
31127,3939804.0
31128,1734634.0
31129,2390534.0
31130,3351383.0
31131,1882131.0
31132,3447890.0
31133,1756069.0
31134,4316715.0
31135,4491607.0
31136,2018785.0
31137,4882985.0
31138,3410878.0
31139,4467728.0
31140,2018785.0
31141,2999068.0
31142,3600467.0
31143,2018785.0
31144,5595267.0
31145,1756069.0
31146,3261924.0
31147,3447890.0
31148,4100886.0
31149,4316715.0
31150,3982767.0
31151,1882131.0
31152,4554237.0
31153,3028267.0
31154,7495092.0
31155,3745135.0
31156,3351383.0
31157,3939804.0
31158,1999097.0
31159,6694797.0
31160,4067566.0
31161,2097022.0
31162,1904842.0
31163,4554237.0
31164,1619683.0
31165,8213524.0
31166,4780607.0
31167,3818055.0
31168,3410878.0
31169,6836483.0
31170,4015749.0
31171,1270499.0
31172,4250553.0
31173,3347767.0
31174,3351383.0
31175,3727364.0
31176,2097022.0
31177,3982767.0
31178,4015749.0
31179,1756069.0
31180,7592272.0
31181,3410878.0
31182,3752885.0
31183,4316715.0
31184,3351383.0
31185,3347767.0
31186,2097022.0
31187,3745135.0
31188,4015749.0
31189,1149870.0
31190,6923131.0
31191,2021934.0
31192,2058644.0
31193,2390534.0
31194,8894598.0
31195,8894598.0
31196,1149870.0
31197,3982767.0
31198,3351383.0
31199,6941173.0
31200,3780019.0
31201,2025297.0
31202,16549064.0
31203,3752885.0
31204,1619683.0
31205,1999097.0
31206,5525735.0
31207,6363241.0
31208,4250553.0
31209,1619683.0
31210,3600467.0
31211,3164972.0
31212,4015749.0
31213,7201784.0
31214,1270499.0
31215,4015749.0
31216,3004429.0
31217,4250553.0
31218,2993069.0
31219,2058644.0
31220,4491607.0
31221,3004429.0
31222,1847826.0
31223,2267425.0
31224,4015749.0
31225,3351383.0
31226,2021934.0
31227,2097022.0
31228,4467728.0
31229,3939804.0
31230,2021934.0
31231,5017319.0
31232,3600467.0
31233,2675511.0
31234,4807746.0
31235,3347767.0
31236,3347767.0
31237,3004429.0
31238,3727364.0
31239,5906596.0
31240,5017319.0
31241,1847826.0
31242,3004429.0
31243,2390534.0
31244,3347767.0
31245,2018785.0
31246,3447890.0
31247,1619683.0
31248,5595267.0
31249,6313221.0
31250,5595267.0
31251,6782425.0
31252,3778621.0
31253,2732645.0
31254,8213524.0
31255,3410878.0
31256,8213524.0
31257,4015749.0
31258,1756069.0
31259,1847826.0
31260,4286645.0
31261,3351383.0
31262,1847826.0
31263,3780019.0
31264,3982767.0
31265,2551252.0
31266,4952255.0
31267,3410878.0
31268,3004429.0
31269,2383840.0
31270,3956086.0
31271,2371202.0
31272,3351383.0
31273,7217634.0
31274,6836483.0
31275,8213524.0
31276,2738052.0
31277,2021934.0
31278,3956086.0
31279,3347767.0
31280,4264176.0
31281,3004429.0
31282,8213524.0
31283,3347767.0
31284,2738052.0
31285,2732645.0
31286,2021934.0
31287,1756069.0
31288,1270499.0
31289,3410878.0
31290,4491607.0
31291,4467728.0
31292,2525375.0
31293,1999097.0
31294,3447890.0
31295,2792031.0
31296,7217634.0
31297,5500818.0
31298,6694797.0
31299,6694797.0
31300,4491607.0
31301,2021934.0
31302,1270499.0
31303,3778621.0
31304,4316715.0
31305,2344689.0
31306,2993069.0
31307,4250553.0
31308,4554237.0
31309,3273041.0
31310,1149870.0
31311,1882131.0
31312,4286645.0
31313,3351383.0
31314,2097022.0
31315,2018785.0
31316,5787594.0
31317,9652350.0
31318,3600467.0
31319,2525375.0
31320,2021934.0
31321,2018785.0
31322,7592272.0
31323,3351383.0
31324,3410878.0
31325,1149870.0
31326,3004429.0
31327,8213524.0
31328,6694797.0
31329,3261924.0
31330,6941173.0
31331,4067566.0
31332,4316715.0
31333,2371202.0
31334,3261924.0
31335,4780607.0
31336,1734634.0
31337,4250553.0
31338,5161370.0
31339,2551252.0
31340,4052733.0
31341,2954086.0
31342,2058644.0
31343,3426169.0
31344,1999097.0
31345,2018785.0
31346,5966193.0
31347,1904842.0
31348,3780019.0
31349,4136425.0
31350,3248660.0
31351,2097022.0
31352,4952255.0
31353,3004429.0
31354,4350573.0
31355,2021934.0
31356,3600467.0
31357,7201784.0
31358,3004429.0
31359,4316715.0
31360,1756069.0
31361,5595267.0
31362,4264176.0
31363,3273041.0
31364,6313221.0
31365,2544857.0
31366,2018785.0
31367,2525375.0
31368,3426169.0
31369,2055379.0
31370,6836483.0
31371,1882131.0
31372,4052733.0
31373,3248660.0
31374,5017319.0
31375,5337526.0
31376,3248660.0
31377,2021934.0
31378,8213524.0
31379,1999097.0
31380,3426169.0
31381,3600467.0
31382,2344689.0
31383,3351383.0
31384,2525375.0
31385,3410878.0
31386,2058644.0
31387,3752885.0
31388,2999068.0
31389,2732645.0
31390,4807746.0
31391,5787594.0
31392,4554237.0
31393,2058644.0
31394,5161370.0
31395,2344689.0
31396,1619683.0
31397,3780019.0
31398,8213524.0
31399,4491607.0
31400,6923131.0
31401,2675511.0
31402,1270499.0
31403,2097022.0
31404,2021934.0
31405,3727364.0
31406,4350573.0
31407,2954086.0
31408,3982767.0
31409,2018785.0
31410,3273041.0
31411,3745135.0
31412,3273041.0
31413,7217634.0
31414,3410878.0
31415,5017319.0
31416,1270499.0
31417,4467728.0
31418,1619683.0
31419,1882131.0
31420,3956086.0
31421,6313221.0
31422,5435276.0
31423,2390534.0
31424,2371202.0
31425,2267425.0
31426,4952255.0
31427,3426169.0
31428,6313221.0
31429,8904084.0
31430,6363241.0
31431,1999097.0
31432,5500818.0
31433,5525735.0
31434,3778621.0
31435,4350573.0
31436,6363241.0
31437,3376145.0
31438,4491607.0
31439,4052733.0
31440,5435276.0
31441,6694797.0
31442,2055379.0
31443,3778621.0
31444,2383840.0
31445,1882131.0
31446,1619683.0
31447,2021934.0
31448,3028267.0
31449,3752885.0
31450,2954086.0
31451,3426169.0
31452,1619683.0
31453,2021934.0
31454,5161370.0
31455,3028267.0
31456,8213524.0
31457,4952255.0
31458,2058644.0
31459,1756069.0
31460,6412623.0
31461,1149870.0
31462,2544857.0
31463,6313221.0
31464,5017319.0
31465,4052733.0
31466,3410878.0
31467,6836483.0
31468,3426169.0
31469,3956086.0
31470,3600467.0
31471,3410878.0
31472,2954086.0
31473,2732645.0
31474,3351383.0
31475,5595267.0
31476,7217634.0
31477,3347767.0
31478,3347767.0
31479,2999068.0
31480,6923131.0
31481,1882131.0
31482,6412623.0
31483,3410878.0
31484,2097022.0
31485,2018785.0
31486,2058644.0
31487,2993069.0
31488,4590423.0
31489,1999097.0
31490,3351383.0
31491,4316715.0
31492,2018785.0
31493,5525735.0
31494,3600467.0
31495,1882131.0
31496,3807496.0
31497,1756069.0
31498,3903884.0
31499,7592272.0
31500,1882131.0
31501,2058644.0
31502,1756069.0
31503,2344689.0
31504,4350573.0
31505,2267425.0
31506,2525375.0
31507,5525735.0
31508,2544857.0
31509,4554237.0
31510,1619683.0
31511,2732645.0
31512,2525375.0
31513,3004429.0
31514,8904084.0
31515,2021934.0
31516,3600467.0
31517,2097022.0
31518,2390534.0
31519,3347767.0
31520,2021934.0
31521,4350573.0
31522,4491607.0
31523,5435276.0
31524,4429512.0
31525,2025297.0
31526,1270499.0
31527,5595267.0
31528,3410878.0
31529,2675511.0
31530,1882131.0
31531,1999097.0
31532,1999097.0
31533,2738052.0
31534,3836721.0
31535,2058644.0
31536,2267425.0
31537,4263629.0
31538,3956086.0
31539,1270499.0
31540,3351383.0
31541,3351383.0
31542,7592272.0
31543,1270499.0
31544,1999097.0
31545,5906596.0
31546,2675511.0
31547,4052733.0
31548,3347767.0
31549,7865428.0
31550,3347767.0
31551,6694797.0
31552,7495092.0
31553,9652350.0
31554,3004429.0
31555,2097022.0
31556,3351383.0
31557,5595267.0
31558,3347767.0
31559,3426169.0
31560,2675511.0
31561,3164972.0
31562,3004429.0
31563,1149870.0
31564,1619683.0
31565,5787594.0
31566,4015749.0
31567,2097022.0
31568,1763231.0
31569,2058644.0
31570,1999097.0
31571,3982767.0
31572,1270499.0
31573,3447890.0
31574,3218918.0
31575,3780019.0
31576,3410878.0
31577,6313221.0
31578,3351383.0
31579,5595267.0
31580,4705945.0
31581,3351383.0
31582,2738052.0
31583,2058644.0
31584,4052733.0
31585,4882985.0
31586,4250758.0
31587,4015749.0
31588,1149870.0
31589,1756069.0
31590,4491607.0
31591,4491607.0
31592,3778621.0
31593,7865428.0
31594,6836483.0
31595,6782425.0
31596,1999097.0
31597,4263629.0
31598,4100886.0
31599,3410878.0
31600,4250758.0
31601,3004429.0
31602,2021934.0
31603,4250553.0
31604,2156098.0
31605,3982767.0
31606,3727364.0
31607,3447890.0
31608,2544857.0
31609,3452382.0
31610,2267425.0
31611,1999097.0
31612,1847826.0
31613,2025297.0
31614,1847826.0
31615,2021934.0
31616,3347767.0
31617,2525375.0
31618,4350573.0
31619,3600467.0
31620,6941173.0
31621,3752885.0
31622,5435276.0
31623,3752885.0
31624,2097022.0
31625,3903884.0
31626,2097022.0
31627,4491607.0
31628,3347767.0
31629,3004429.0
31630,2018785.0
31631,3939804.0
31632,5525735.0
31633,2344689.0
31634,2058644.0
31635,4467728.0
31636,1270499.0
31637,5595267.0
31638,2344689.0
31639,3410878.0
31640,3248660.0
31641,2675511.0
31642,3939804.0
31643,2544857.0
31644,3351383.0
31645,5906596.0
31646,1619683.0
31647,2021934.0
31648,6412623.0
31649,3752885.0
31650,3727364.0
31651,1882131.0
31652,4780607.0
31653,3248660.0
31654,2058644.0
31655,8213524.0
31656,4264176.0
31657,3939804.0
31658,6313221.0
31659,2267425.0
31660,9262754.0
31661,3004429.0
31662,3810007.0
31663,2344689.0
31664,3445076.0
31665,4066618.0
31666,2544857.0
31667,1756069.0
31668,4015749.0
31669,6412623.0
31670,3410878.0
31671,5595267.0
31672,2954086.0
31673,2097022.0
31674,4590423.0
31675,4554237.0
31676,1619683.0
31677,4491607.0
31678,4882985.0
31679,6694797.0
31680,4100886.0
31681,1149870.0
31682,3164972.0
31683,7865428.0
31684,6363241.0
31685,3410878.0
31686,1149870.0
31687,1763231.0
31688,2390534.0
31689,4491607.0
31690,2738052.0
31691,6941173.0
31692,1270499.0
31693,3939804.0
31694,4467728.0
31695,2097022.0
31696,7592272.0
31697,1619683.0
31698,7201784.0
31699,2390534.0
31700,4491607.0
31701,4066618.0
31702,3347767.0
31703,4888774.0
31704,3347767.0
31705,4219263.0
31706,2156098.0
31707,4780607.0
31708,6363241.0
31709,5337526.0
31710,4467728.0
31711,2732645.0
31712,2732645.0
31713,5595267.0
31714,2097022.0
31715,1904842.0
31716,1149870.0
31717,5525735.0
31718,2390534.0
31719,2021934.0
31720,4052733.0
31721,2390534.0
31722,3004429.0
31723,5017319.0
31724,2344689.0
31725,4263629.0
31726,1847826.0
31727,2732645.0
31728,1149870.0
31729,4554237.0
31730,6313221.0
31731,4015749.0
31732,4491607.0
31733,3903884.0
31734,2058644.0
31735,3745135.0
31736,1999097.0
31737,5787594.0
31738,2018785.0
31739,2344689.0
31740,3199619.0
31741,3727364.0
31742,3248660.0
31743,2021934.0
31744,3939804.0
31745,9262754.0
31746,3410878.0
31747,8904084.0
31748,2267425.0
31749,3410878.0
31750,3982767.0
31751,3347767.0
31752,3410878.0
31753,1270499.0
31754,3600467.0
31755,1756069.0
31756,2551252.0
31757,3004429.0
31758,2097022.0
31759,3982767.0
31760,2544857.0
31761,3903884.0
31762,2058644.0
31763,6941173.0
31764,2993069.0
31765,1999097.0
31766,3351383.0
31767,9262754.0
31768,6412623.0
31769,3778621.0
31770,1619683.0
31771,1149870.0
31772,5595267.0
31773,4554237.0
31774,3982767.0
31775,2083447.0
31776,2018785.0
31777,5337526.0
31778,3347767.0
31779,3982767.0
31780,5435276.0
31781,6694797.0
31782,2025297.0
31783,3347767.0
31784,3347767.0
31785,3347767.0
31786,5595267.0
31787,3778621.0
31788,3447890.0
31789,2525375.0
31790,4952255.0
31791,5435276.0
31792,4429512.0
31793,1882131.0
31794,4882985.0
31795,2675511.0
31796,3818055.0
31797,3780019.0
31798,4052733.0
31799,6923131.0
31800,1270499.0
31801,4316715.0
31802,3939804.0
31803,3745135.0
31804,7592272.0
31805,2544857.0
31806,4554237.0
31807,1847826.0
31808,7592272.0
31809,2097022.0
31810,3258837.0
31811,1882131.0
31812,4350573.0
31813,5906596.0
31814,2058644.0
31815,2792031.0
31816,2390534.0
31817,2954086.0
31818,3410878.0
31819,6313221.0
31820,1904842.0
31821,1619683.0
31822,6694797.0
31823,2544857.0
31824,2364478.0
31825,4250553.0
31826,3410878.0
31827,1756069.0
31828,1149870.0
31829,3351383.0
31830,6941173.0
31831,1763231.0
31832,4250553.0
31833,1619683.0
31834,4250758.0
31835,3351383.0
31836,1904842.0
31837,9652350.0
31838,3600467.0
31839,1882131.0
31840,2018785.0
31841,2018785.0
31842,6412623.0
31843,4467728.0
31844,2371202.0
31845,8213524.0
31846,4250553.0
31847,3982767.0
31848,3447890.0
31849,5787594.0
31850,6923131.0
31851,2732645.0
31852,3939804.0
31853,4250553.0
31854,2018785.0
31855,4705945.0
31856,4705945.0
31857,4264176.0
31858,3351383.0
31859,6363241.0
31860,2371202.0
31861,1756069.0
31862,2344689.0
31863,4705945.0
31864,4015749.0
31865,6694797.0
31866,2055379.0
31867,4316715.0
31868,3426169.0
31869,4888774.0
31870,7495092.0
31871,3778621.0
31872,5525735.0
31873,5906596.0
31874,6313221.0
31875,3218918.0
31876,1756069.0
31877,4554237.0
31878,1756069.0
31879,2544857.0
31880,1270499.0
31881,2344689.0
31882,1149870.0
31883,2018785.0
31884,3347767.0
31885,3939804.0
31886,2058644.0
31887,9262754.0
31888,2344689.0
31889,5461700.0
31890,2083447.0
31891,2344689.0
31892,3004429.0
31893,6782425.0
31894,6313221.0
31895,3570392.0
31896,3939804.0
31897,2021934.0
31898,3410878.0
31899,1904842.0
31900,3447890.0
31901,3351383.0
31902,5435276.0
31903,4015749.0
31904,2344689.0
31905,4250758.0
31906,2055379.0
31907,9652350.0
31908,3780019.0
31909,2732645.0
31910,4067566.0
31911,3004429.0
31912,3939804.0
31913,7592272.0
31914,4219263.0
31915,7201784.0
31916,2021934.0
31917,1149870.0
31918,4250758.0
31919,1270499.0
31920,3273041.0
31921,3258837.0
31922,5461700.0
31923,2390534.0
31924,2021934.0
31925,1756069.0
31926,1734634.0
31927,3939804.0
31928,3426169.0
31929,2055379.0
31930,7592272.0
31931,5461700.0
31932,3778621.0
31933,4780607.0
31934,3351383.0
31935,2371202.0
31936,2344689.0
31937,7495092.0
31938,2058644.0
31939,1904842.0
31940,3745135.0
31941,3410878.0
31942,2097022.0
31943,2371202.0
31944,2267425.0
31945,4807746.0
31946,3351383.0
31947,2055379.0
31948,3028267.0
31949,3410878.0
31950,1619683.0
31951,6836483.0
31952,3410878.0
31953,4350573.0
31954,2544857.0
31955,3836721.0
31956,2344689.0
31957,2544857.0
31958,1270499.0
31959,3745135.0
31960,3351383.0
31961,2954086.0
31962,1999097.0
31963,3410878.0
31964,3258837.0
31965,1756069.0
31966,6836483.0
31967,3347767.0
31968,7217634.0
31969,2058644.0
31970,1270499.0
31971,1904842.0
31972,1763231.0
31973,7217634.0
31974,3939804.0
31975,3447890.0
31976,3410878.0
31977,2055379.0
31978,4888774.0
31979,5966193.0
31980,2740687.0
31981,3351383.0
31982,3982767.0
31983,2156098.0
31984,1882131.0
31985,1756069.0
31986,2344689.0
31987,4780607.0
31988,3426169.0
31989,6313221.0
31990,3410878.0
31991,4590423.0
31992,2364478.0
31993,1882131.0
31994,2390534.0
31995,1734634.0
31996,8894598.0
31997,3753720.0
31998,4467728.0
31999,4952255.0
32000,8213524.0
32001,2058644.0
32002,2021934.0
32003,3836721.0
32004,3426169.0
32005,1999097.0
32006,2344689.0
32007,2018785.0
32008,1756069.0
32009,3982767.0
32010,4015749.0
32011,6694797.0
32012,3258837.0
32013,5595267.0
32014,2675511.0
32015,4467728.0
32016,4316715.0
32017,6313221.0
32018,6313221.0
32019,1149870.0
32020,4491607.0
32021,1619683.0
32022,3778621.0
32023,7201784.0
32024,4491607.0
32025,2344689.0
32026,5461700.0
32027,4952255.0
32028,3248660.0
32029,2792031.0
32030,4316715.0
32031,1149870.0
32032,2993069.0
32033,1847826.0
32034,1270499.0
32035,2344689.0
32036,4067566.0
32037,5966193.0
32038,5906596.0
32039,1734634.0
32040,4015749.0
32041,4219263.0
32042,1999097.0
32043,2018785.0
32044,4263629.0
32045,3258837.0
32046,5595267.0
32047,2058644.0
32048,1270499.0
32049,6941173.0
32050,4250553.0
32051,2058644.0
32052,3004429.0
32053,2058644.0
32054,2058644.0
32055,3982767.0
32056,1734634.0
32057,2544857.0
32058,1756069.0
32059,2738052.0
32060,3982767.0
32061,3600467.0
32062,3347767.0
32063,1756069.0
32064,4888774.0
32065,2732645.0
32066,1270499.0
32067,5444227.0
32068,3426169.0
32069,1882131.0
32070,5444227.0
32071,1999097.0
32072,2344689.0
32073,1999097.0
32074,1270499.0
32075,2021934.0
32076,6941173.0
32077,3836721.0
32078,2021934.0
32079,2058644.0
32080,1270499.0
32081,3199619.0
32082,6363241.0
32083,6923131.0
32084,1619683.0
32085,1756069.0
32086,3982767.0
32087,1270499.0
32088,3347767.0
32089,1619683.0
32090,6941173.0
32091,1904842.0
32092,3347767.0
32093,3351383.0
32094,2732645.0
32095,3261924.0
32096,3956086.0
32097,3600467.0
32098,8213524.0
32099,1619683.0
32100,1149870.0
32101,3347767.0
32102,2055379.0
32103,3351383.0
32104,3218918.0
32105,2344689.0
32106,5525735.0
32107,2021934.0
32108,4705945.0
32109,1763231.0
32110,3004429.0
32111,2058644.0
32112,2058644.0
32113,2738052.0
32114,2097022.0
32115,2738052.0
32116,2390534.0
32117,2792031.0
32118,3028267.0
32119,3347767.0
32120,2525375.0
32121,7201784.0
32122,7592272.0
32123,1619683.0
32124,3004429.0
32125,3956086.0
32126,6694797.0
32127,2675511.0
32128,3752885.0
32129,3248660.0
32130,2058644.0
32131,3351383.0
32132,6923131.0
32133,3780019.0
32134,3347767.0
32135,2344689.0
32136,1619683.0
32137,2021934.0
32138,3410878.0
32139,5595267.0
32140,5017319.0
32141,3351383.0
32142,5166635.0
32143,3807496.0
32144,3004429.0
32145,1149870.0
32146,7217634.0
32147,4015749.0
32148,2344689.0
32149,4316715.0
32150,2267425.0
32151,3939804.0
32152,4467728.0
32153,8213524.0
32154,2055379.0
32155,3410878.0
32156,3028267.0
32157,8213524.0
32158,2792031.0
32159,1999097.0
32160,8904084.0
32161,4052733.0
32162,1270499.0
32163,7592272.0
32164,5595267.0
32165,3982767.0
32166,4264176.0
32167,6836483.0
32168,1149870.0
32169,4807746.0
32170,4250553.0
32171,2344689.0
32172,7592272.0
32173,4250553.0
32174,1847826.0
32175,3745135.0
32176,6694797.0
32177,1756069.0
32178,2018785.0
32179,3004429.0
32180,2544857.0
32181,5166635.0
32182,4155435.0
32183,4952255.0
32184,2792031.0
32185,6782425.0
32186,3258837.0
32187,2058644.0
32188,3351383.0
32189,3410878.0
32190,3939804.0
32191,2993069.0
32192,4155435.0
32193,1882131.0
32194,2738052.0
32195,7865428.0
32196,3410878.0
32197,6836483.0
32198,4052733.0
32199,5444227.0
32200,3351383.0
32201,2551252.0
32202,1619683.0
32203,3753720.0
32204,1149870.0
32205,2675511.0
32206,3982767.0
32207,2021934.0
32208,5337526.0
32209,4590423.0
32210,8213524.0
32211,1619683.0
32212,5595267.0
32213,3836721.0
32214,5017319.0
32215,6941173.0
32216,1999097.0
32217,3028267.0
32218,2018785.0
32219,5017319.0
32220,5525735.0
32221,2344689.0
32222,3836721.0
32223,3004429.0
32224,3273041.0
32225,2018785.0
32226,1999097.0
32227,2055379.0
32228,4705945.0
32229,2954086.0
32230,4491607.0
32231,2083447.0
32232,3753720.0
32233,2525375.0
32234,2055379.0
32235,2390534.0
32236,4350573.0
32237,2025297.0
32238,7217634.0
32239,4350573.0
32240,2371202.0
32241,3778621.0
32242,5787594.0
32243,3351383.0
32244,2021934.0
32245,3351383.0
32246,3028267.0
32247,1882131.0
32248,2954086.0
32249,2544857.0
32250,3982767.0
32251,1270499.0
32252,5595267.0
32253,5906596.0
32254,6363241.0
32255,1763231.0
32256,3745135.0
32257,2058644.0
32258,4286645.0
32259,2344689.0
32260,5595267.0
32261,1756069.0
32262,1882131.0
32263,4491607.0
32264,2525375.0
32265,6941173.0
32266,3836721.0
32267,2018785.0
32268,2021934.0
32269,3004429.0
32270,2383840.0
32271,3982767.0
32272,2993069.0
32273,3410878.0
32274,4155435.0
32275,3410878.0
32276,2018785.0
32277,2018785.0
32278,4067566.0
32279,6694797.0
32280,1904842.0
32281,2390534.0
32282,3956086.0
32283,3004429.0
32284,3982767.0
32285,3218918.0
32286,7865428.0
32287,8213524.0
32288,2390534.0
32289,1619683.0
32290,1756069.0
32291,9262754.0
32292,2390534.0
32293,2021934.0
32294,1270499.0
32295,4780607.0
32296,4350573.0
32297,1882131.0
32298,2993069.0
32299,1149870.0
32300,4067566.0
32301,3218918.0
32302,3347767.0
32303,2675511.0
32304,1847826.0
32305,4705945.0
32306,2018785.0
32307,6923131.0
32308,3347767.0
32309,3258837.0
32310,3807496.0
32311,2083447.0
32312,1882131.0
32313,4067566.0
32314,3199619.0
32315,5444227.0
32316,3752885.0
32317,3410878.0
32318,2525375.0
32319,1847826.0
32320,3752885.0
32321,9262754.0
32322,2097022.0
32323,4066618.0
32324,8213524.0
32325,3351383.0
32326,1149870.0
32327,2371202.0
32328,3347767.0
32329,3347767.0
32330,4250758.0
32331,3745135.0
32332,2344689.0
32333,5525735.0
32334,1756069.0
32335,4052733.0
32336,2267425.0
32337,4491607.0
32338,4067566.0
32339,6941173.0
32340,4888774.0
32341,4554237.0
32342,3903884.0
32343,2021934.0
32344,5435276.0
32345,3903884.0
32346,3939804.0
32347,2792031.0
32348,2371202.0
32349,2097022.0
32350,2025297.0
32351,1619683.0
32352,1756069.0
32353,4705945.0
32354,1999097.0
32355,2018785.0
32356,4491607.0
32357,4052733.0
32358,2551252.0
32359,3426169.0
32360,4067566.0
32361,1999097.0
32362,4705945.0
32363,4100886.0
32364,2021934.0
32365,6782425.0
32366,3410878.0
32367,4250553.0
32368,7217634.0
32369,6923131.0
32370,3028267.0
32371,2544857.0
32372,4015749.0
32373,7217634.0
32374,4264176.0
32375,3982767.0
32376,3004429.0
32377,1619683.0
32378,2390534.0
32379,4952255.0
32380,5435276.0
32381,2954086.0
32382,5017319.0
32383,2021934.0
32384,6363241.0
32385,3376145.0
32386,3199619.0
32387,1882131.0
32388,16549064.0
32389,3347767.0
32390,3784230.0
32391,2058644.0
32392,3982767.0
32393,3347767.0
32394,4952255.0
32395,1619683.0
32396,5444227.0
32397,3351383.0
32398,6694797.0
32399,1149870.0
32400,1270499.0
32401,2371202.0
32402,3982767.0
32403,4052733.0
32404,3351383.0
32405,7592272.0
32406,5525735.0
32407,3248660.0
32408,3982767.0
32409,1756069.0
32410,3939804.0
32411,5787594.0
32412,2055379.0
32413,1999097.0
32414,1882131.0
32415,2390534.0
32416,4100886.0
32417,9262754.0
32418,6412623.0
32419,1999097.0
32420,4067566.0
32421,1882131.0
32422,3199619.0
32423,3939804.0
32424,2097022.0
32425,3903884.0
32426,3447890.0
32427,2525375.0
32428,1847826.0
32429,2055379.0
32430,2058644.0
32431,6836483.0
32432,4015749.0
32433,3351383.0
32434,2344689.0
32435,4705945.0
32436,5500818.0
32437,2055379.0
32438,4807746.0
32439,6412623.0
32440,2097022.0
32441,2544857.0
32442,2097022.0
32443,1999097.0
32444,3351383.0
32445,6836483.0
32446,2018785.0
32447,3028267.0
32448,3982767.0
32449,5337526.0
32450,7592272.0
32451,1619683.0
32452,7592272.0
32453,2371202.0
32454,4705945.0
32455,2018785.0
32456,2390534.0
32457,6941173.0
32458,6923131.0
32459,1270499.0
32460,7201784.0
32461,3248660.0
32462,5595267.0
32463,7592272.0
32464,1270499.0
32465,3745135.0
32466,5017319.0
32467,4066618.0
32468,6694797.0
32469,2021934.0
32470,7201784.0
32471,3351383.0
32472,4250553.0
32473,2383840.0
32474,5595267.0
32475,7217634.0
32476,2097022.0
32477,3351383.0
32478,4350573.0
32479,2021934.0
32480,1619683.0
32481,4467728.0
32482,7495092.0
32483,5595267.0
32484,7495092.0
32485,2267425.0
32486,7217634.0
32487,4250553.0
32488,3452382.0
32489,2025297.0
32490,2097022.0
32491,1999097.0
32492,6941173.0
32493,6923131.0
32494,2364478.0
32495,3347767.0
32496,1847826.0
32497,1847826.0
32498,4015749.0
32499,3426169.0
32500,2025297.0
32501,1999097.0
32502,3836721.0
32503,2267425.0
32504,3004429.0
32505,4250553.0
32506,4067566.0
32507,7201784.0
32508,2097022.0
32509,3351383.0
32510,2058644.0
32511,3376145.0
32512,4350573.0
32513,4067566.0
32514,3347767.0
32515,2058644.0
32516,1734634.0
32517,4705945.0
32518,3939804.0
32519,2792031.0
32520,2097022.0
32521,4250553.0
32522,4952255.0
32523,2055379.0
32524,3004429.0
32525,2267425.0
32526,4015749.0
32527,4286645.0
32528,2344689.0
32529,3903884.0
32530,2732645.0
32531,1847826.0
32532,1882131.0
32533,4888774.0
32534,3347767.0
32535,4286645.0
32536,3410878.0
32537,1149870.0
32538,1619683.0
32539,3258837.0
32540,1756069.0
32541,4590423.0
32542,2544857.0
32543,4491607.0
32544,2058644.0
32545,3752885.0
32546,1999097.0
32547,5461700.0
32548,5595267.0
32549,1847826.0
32550,3410878.0
32551,2364478.0
32552,4316715.0
32553,2390534.0
32554,1904842.0
32555,2525375.0
32556,1999097.0
32557,6313221.0
32558,2544857.0
32559,2097022.0
32560,3810007.0
32561,6313221.0
32562,4155435.0
32563,1999097.0
32564,3410878.0
32565,4316715.0
32566,3745135.0
32567,8213524.0
32568,2371202.0
32569,3426169.0
32570,3199619.0
32571,2018785.0
32572,4952255.0
32573,2025297.0
32574,13575224.0
32575,3939804.0
32576,2390534.0
32577,2021934.0
32578,5966193.0
32579,1270499.0
32580,3218918.0
32581,2390534.0
32582,4052733.0
32583,4067566.0
32584,5525735.0
32585,6694797.0
32586,3410878.0
32587,3004429.0
32588,5166635.0
32589,1999097.0
32590,2544857.0
32591,3982767.0
32592,7592272.0
32593,6694797.0
32594,2390534.0
32595,1882131.0
32596,6941173.0
32597,2675511.0
32598,2993069.0
32599,3347767.0
32600,1756069.0
32601,3410878.0
32602,4705945.0
32603,2792031.0
32604,5787594.0
32605,2156098.0
32606,3447890.0
32607,3752885.0
32608,4705945.0
32609,2954086.0
32610,2021934.0
32611,1756069.0
32612,8213524.0
32613,8213524.0
32614,3410878.0
32615,3347767.0
32616,8213524.0
32617,3745135.0
32618,2525375.0
32619,3028267.0
32620,7592272.0
32621,5017319.0
32622,2544857.0
32623,4952255.0
32624,1847826.0
32625,3939804.0
32626,8213524.0
32627,2021934.0
32628,1999097.0
32629,1619683.0
32630,2344689.0
32631,5500818.0
32632,2344689.0
32633,3807496.0
32634,1270499.0
32635,3836721.0
32636,2058644.0
32637,3261924.0
32638,4136425.0
32639,3807496.0
32640,5166635.0
32641,3956086.0
32642,13575224.0
32643,2551252.0
32644,3347767.0
32645,2055379.0
32646,4286645.0
32647,3982767.0
32648,2058644.0
32649,5525735.0
32650,3351383.0
32651,3939804.0
32652,8213524.0
32653,2792031.0
32654,2156098.0
32655,2993069.0
32656,1270499.0
32657,4066618.0
32658,3600467.0
32659,3727364.0
32660,3426169.0
32661,4015749.0
32662,5525735.0
32663,1999097.0
32664,9652350.0
32665,4952255.0
32666,7201784.0
32667,2058644.0
32668,5017319.0
32669,4052733.0
32670,2792031.0
32671,4780607.0
32672,2097022.0
32673,2055379.0
32674,3347767.0
32675,2021934.0
32676,3261924.0
32677,4066618.0
32678,2018785.0
32679,1149870.0
32680,2021934.0
32681,1999097.0
32682,3410878.0
32683,4250553.0
32684,1756069.0
32685,3248660.0
32686,4467728.0
32687,2156098.0
32688,2267425.0
32689,3347767.0
32690,4219263.0
32691,8213524.0
32692,4136425.0
32693,4807746.0
32694,4250553.0
32695,4590423.0
32696,1619683.0
32697,1999097.0
32698,3004429.0
32699,6923131.0
32700,3008199.0
32701,3261924.0
32702,1270499.0
32703,1619683.0
32704,4136425.0
32705,3347767.0
32706,3347767.0
32707,2344689.0
32708,4015749.0
32709,1882131.0
32710,3347767.0
32711,3939804.0
32712,2675511.0
32713,1756069.0
32714,3939804.0
32715,1882131.0
32716,2156098.0
32717,4015749.0
32718,4467728.0
32719,2021934.0
32720,8904084.0
32721,4705945.0
32722,2390534.0
32723,4350573.0
32724,2097022.0
32725,1882131.0
32726,1882131.0
32727,2344689.0
32728,3248660.0
32729,3447890.0
32730,3745135.0
32731,4052733.0
32732,6412623.0
32733,7201784.0
32734,3745135.0
32735,3351383.0
32736,3727364.0
32737,4067566.0
32738,3982767.0
32739,6412623.0
32740,5500818.0
32741,2390534.0
32742,6782425.0
32743,3248660.0
32744,1756069.0
32745,2058644.0
32746,3753720.0
32747,3745135.0
32748,8213524.0
32749,1847826.0
32750,1882131.0
32751,2544857.0
32752,7217634.0
32753,3727364.0
32754,2544857.0
32755,1999097.0
32756,8904084.0
32757,1270499.0
32758,5444227.0
32759,4350573.0
32760,3376145.0
32761,1904842.0
32762,5595267.0
32763,3351383.0
32764,1619683.0
32765,2058644.0
32766,5595267.0
32767,3410878.0
32768,1756069.0
32769,4219263.0
32770,2097022.0
32771,2390534.0
32772,2021934.0
32773,2544857.0
32774,3410878.0
32775,4250553.0
32776,5166635.0
32777,3447890.0
32778,3445076.0
32779,2344689.0
32780,2021934.0
32781,4491607.0
32782,1904842.0
32783,3351383.0
32784,4888774.0
32785,5525735.0
32786,1270499.0
32787,3410878.0
32788,4807746.0
32789,4219263.0
32790,3745135.0
32791,6941173.0
32792,2525375.0
32793,3004429.0
32794,3004429.0
32795,1619683.0
32796,1847826.0
32797,1904842.0
32798,3426169.0
32799,1756069.0
32800,8213524.0
32801,1270499.0
32802,2675511.0
32803,2018785.0
32804,2021934.0
32805,1763231.0
32806,1756069.0
32807,7201784.0
32808,2954086.0
32809,4015749.0
32810,3600467.0
32811,2551252.0
32812,3004429.0
32813,3447890.0
32814,2383840.0
32815,7495092.0
32816,4807746.0
32817,2954086.0
32818,3778621.0
32819,3004429.0
32820,3807496.0
32821,5444227.0
32822,2364478.0
32823,1149870.0
32824,2344689.0
32825,1756069.0
32826,3600467.0
32827,1619683.0
32828,6412623.0
32829,2544857.0
32830,2390534.0
32831,1756069.0
32832,5444227.0
32833,4888774.0
32834,2267425.0
32835,2344689.0
32836,2097022.0
32837,2738052.0
32838,2371202.0
32839,2267425.0
32840,3004429.0
32841,8213524.0
32842,3745135.0
32843,2097022.0
32844,3164972.0
32845,2544857.0
32846,2058644.0
32847,2371202.0
32848,4316715.0
32849,2018785.0
32850,4052733.0
32851,1999097.0
32852,1999097.0
32853,8904084.0
32854,2792031.0
32855,5161370.0
32856,4136425.0
32857,6941173.0
32858,2371202.0
32859,6412623.0
32860,4467728.0
32861,3008199.0
32862,3347767.0
32863,3727364.0
32864,3347767.0
32865,5595267.0
32866,3982767.0
32867,1999097.0
32868,6836483.0
32869,2021934.0
32870,3447890.0
32871,1763231.0
32872,3376145.0
32873,2018785.0
32874,3939804.0
32875,1734634.0
32876,8904084.0
32877,3780019.0
32878,6782425.0
32879,5906596.0
32880,4316715.0
32881,7592272.0
32882,3447890.0
32883,3258837.0
32884,2018785.0
32885,1904842.0
32886,3347767.0
32887,3426169.0
32888,9262754.0
32889,1847826.0
32890,2058644.0
32891,2525375.0
32892,2055379.0
32893,6836483.0
32894,2675511.0
32895,5166635.0
32896,7592272.0
32897,2544857.0
32898,3745135.0
32899,2018785.0
32900,3351383.0
32901,2675511.0
32902,3351383.0
32903,6412623.0
32904,4316715.0
32905,2097022.0
32906,1847826.0
32907,8213524.0
32908,5444227.0
32909,1847826.0
32910,4052733.0
32911,4316715.0
32912,3903884.0
32913,2055379.0
32914,6923131.0
32915,1270499.0
32916,2058644.0
32917,4015749.0
32918,5525735.0
32919,4052733.0
32920,4066618.0
32921,1270499.0
32922,4286645.0
32923,1904842.0
32924,8904084.0
32925,3199619.0
32926,6836483.0
32927,3903884.0
32928,2390534.0
32929,6313221.0
32930,8894598.0
32931,2344689.0
32932,7201784.0
32933,2675511.0
32934,3347767.0
32935,3248660.0
32936,3261924.0
32937,2344689.0
32938,1149870.0
32939,4882985.0
32940,2018785.0
32941,5461700.0
32942,5525735.0
32943,2021934.0
32944,2058644.0
32945,3836721.0
32946,5595267.0
32947,6412623.0
32948,3347767.0
32949,2383840.0
32950,3452382.0
32951,3956086.0
32952,2156098.0
32953,2525375.0
32954,3600467.0
32955,3600467.0
32956,6412623.0
32957,3600467.0
32958,3956086.0
32959,4219263.0
32960,3347767.0
32961,3778621.0
32962,6923131.0
32963,1904842.0
32964,2390534.0
32965,3600467.0
32966,3347767.0
32967,1999097.0
32968,3778621.0
32969,4316715.0
32970,6923131.0
32971,4015749.0
32972,3410878.0
32973,1149870.0
32974,3778621.0
32975,3600467.0
32976,3199619.0
32977,4155435.0
32978,1882131.0
32979,3426169.0
32980,3347767.0
32981,3410878.0
32982,1619683.0
32983,3982767.0
32984,1847826.0
32985,1619683.0
32986,4952255.0
32987,3956086.0
32988,3956086.0
32989,3028267.0
32990,3447890.0
32991,4590423.0
32992,4952255.0
32993,1999097.0
32994,1149870.0
32995,1882131.0
32996,4066618.0
32997,4067566.0
32998,7201784.0
32999,2018785.0
33000,7592272.0
33001,1882131.0
33002,3807496.0
33003,2021934.0
33004,3727364.0
33005,4350573.0
33006,4590423.0
33007,4316715.0
33008,2344689.0
33009,2544857.0
33010,4066618.0
33011,1756069.0
33012,3347767.0
33013,2018785.0
33014,3426169.0
33015,4250553.0
33016,8904084.0
33017,4491607.0
33018,6923131.0
33019,2021934.0
33020,3982767.0
33021,2344689.0
33022,2383840.0
33023,3351383.0
33024,7495092.0
33025,3004429.0
33026,5525735.0
33027,3982767.0
33028,2544857.0
33029,2371202.0
33030,6782425.0
33031,2055379.0
33032,4015749.0
33033,1999097.0
33034,1734634.0
33035,2055379.0
33036,3447890.0
33037,1619683.0
33038,2675511.0
33039,1619683.0
33040,7592272.0
33041,2097022.0
33042,2390534.0
33043,1149870.0
33044,3347767.0
33045,1847826.0
33046,3982767.0
33047,3410878.0
33048,2525375.0
33049,6941173.0
33050,1149870.0
33051,2025297.0
33052,3351383.0
33053,3376145.0
33054,3982767.0
33055,3351383.0
33056,2344689.0
33057,3745135.0
33058,1149870.0
33059,2021934.0
33060,2544857.0
33061,3600467.0
33062,3982767.0
33063,2371202.0
33064,2097022.0
33065,6941173.0
33066,2018785.0
33067,2740687.0
33068,2954086.0
33069,4316715.0
33070,2018785.0
33071,1270499.0
33072,5337526.0
33073,3351383.0
33074,6941173.0
33075,3273041.0
33076,3745135.0
33077,2999068.0
33078,7865428.0
33079,1999097.0
33080,2732645.0
33081,1847826.0
33082,8213524.0
33083,1756069.0
33084,2021934.0
33085,2732645.0
33086,4316715.0
33087,1149870.0
33088,7592272.0
33089,3745135.0
33090,6694797.0
33091,8904084.0
33092,3351383.0
33093,3426169.0
33094,3347767.0
33095,1149870.0
33096,2371202.0
33097,4467728.0
33098,4705945.0
33099,5500818.0
33100,3347767.0
33101,2390534.0
33102,2993069.0
33103,2021934.0
33104,3008199.0
33105,6694797.0
33106,1734634.0
33107,2058644.0
33108,1619683.0
33109,6412623.0
33110,1882131.0
33111,3410878.0
33112,3410878.0
33113,2383840.0
33114,7201784.0
33115,7217634.0
33116,1999097.0
33117,4264176.0
33118,2055379.0
33119,1847826.0
33120,2738052.0
33121,2344689.0
33122,4882985.0
33123,4015749.0
33124,2954086.0
33125,6694797.0
33126,7592272.0
33127,1904842.0
33128,3600467.0
33129,3939804.0
33130,8213524.0
33131,3410878.0
33132,2999068.0
33133,3347767.0
33134,3347767.0
33135,3004429.0
33136,7865428.0
33137,3248660.0
33138,2267425.0
33139,1756069.0
33140,2018785.0
33141,1763231.0
33142,3410878.0
33143,4467728.0
33144,5525735.0
33145,3028267.0
33146,3028267.0
33147,6694797.0
33148,2344689.0
33149,3347767.0
33150,7217634.0
33151,2371202.0
33152,4491607.0
33153,2390534.0
33154,3028267.0
33155,1149870.0
33156,3745135.0
33157,3600467.0
33158,1734634.0
33159,1734634.0
33160,2344689.0
33161,2097022.0
33162,1882131.0
33163,2525375.0
33164,2344689.0
33165,5166635.0
33166,2544857.0
33167,2058644.0
33168,4015749.0
33169,4429512.0
33170,4491607.0
33171,5435276.0
33172,2097022.0
33173,1270499.0
33174,9262754.0
33175,4052733.0
33176,2792031.0
33177,3261924.0
33178,6694797.0
33179,1756069.0
33180,4888774.0
33181,2383840.0
33182,2344689.0
33183,1882131.0
33184,8213524.0
33185,4952255.0
33186,3258837.0
33187,5500818.0
33188,5017319.0
33189,3351383.0
33190,2267425.0
33191,5906596.0
33192,7592272.0
33193,2954086.0
33194,3410878.0
33195,4882985.0
33196,1999097.0
33197,2390534.0
33198,2390534.0
33199,3004429.0
33200,4219263.0
33201,3347767.0
33202,7592272.0
33203,4264176.0
33204,6313221.0
33205,7217634.0
33206,3351383.0
33207,2732645.0
33208,3939804.0
33209,6694797.0
33210,3426169.0
33211,3004429.0
33212,4350573.0
33213,2344689.0
33214,2344689.0
33215,3752885.0
33216,3807496.0
33217,4952255.0
33218,3745135.0
33219,4491607.0
33220,6836483.0
33221,3727364.0
33222,1619683.0
33223,2097022.0
33224,3351383.0
33225,2344689.0
33226,3939804.0
33227,4491607.0
33228,2993069.0
33229,3939804.0
33230,3004429.0
33231,3410878.0
33232,3745135.0
33233,2525375.0
33234,2055379.0
33235,2097022.0
33236,2390534.0
33237,1619683.0
33238,2344689.0
33239,4350573.0
33240,2055379.0
33241,3410878.0
33242,4100886.0
33243,3351383.0
33244,5337526.0
33245,2097022.0
33246,5017319.0
33247,4066618.0
33248,3248660.0
33249,1149870.0
33250,5166635.0
33251,7201784.0
33252,2018785.0
33253,1999097.0
33254,2344689.0
33255,1270499.0
33256,3218918.0
33257,4100886.0
33258,8213524.0
33259,1847826.0
33260,2544857.0
33261,3351383.0
33262,3939804.0
33263,6313221.0
33264,4491607.0
33265,2954086.0
33266,3982767.0
33267,3248660.0
33268,2267425.0
33269,2021934.0
33270,4491607.0
33271,4705945.0
33272,2018785.0
33273,4250553.0
33274,3004429.0
33275,3426169.0
33276,3780019.0
33277,1149870.0
33278,3004429.0
33279,5595267.0
33280,4491607.0
33281,2021934.0
33282,4350573.0
33283,2344689.0
33284,4250758.0
33285,2675511.0
33286,2525375.0
33287,6694797.0
33288,2058644.0
33289,3004429.0
33290,16549064.0
33291,3410878.0
33292,2344689.0
33293,4015749.0
33294,3410878.0
33295,2344689.0
33296,3004429.0
33297,4067566.0
33298,5906596.0
33299,4067566.0
33300,3780019.0
33301,1270499.0
33302,6313221.0
33303,2055379.0
33304,2364478.0
33305,5595267.0
33306,1756069.0
33307,6313221.0
33308,13575224.0
33309,1882131.0
33310,3248660.0
33311,3351383.0
33312,3447890.0
33313,4491607.0
33314,7201784.0
33315,2371202.0
33316,2156098.0
33317,2371202.0
33318,3600467.0
33319,3727364.0
33320,4052733.0
33321,2025297.0
33322,3836721.0
33323,2097022.0
33324,4219263.0
33325,7592272.0
33326,1734634.0
33327,8213524.0
33328,3447890.0
33329,1149870.0
33330,4316715.0
33331,2390534.0
33332,2551252.0
33333,2021934.0
33334,4250758.0
33335,3452382.0
33336,4554237.0
33337,5787594.0
33338,1756069.0
33339,4491607.0
33340,3347767.0
33341,2544857.0
33342,2525375.0
33343,3410878.0
33344,1756069.0
33345,2371202.0
33346,2344689.0
33347,2371202.0
33348,2344689.0
33349,3347767.0
33350,3939804.0
33351,1763231.0
33352,2021934.0
33353,1734634.0
33354,4952255.0
33355,6412623.0
33356,2097022.0
33357,7495092.0
33358,4952255.0
33359,3982767.0
33360,3410878.0
33361,2792031.0
33362,3982767.0
33363,3447890.0
33364,2097022.0
33365,3778621.0
33366,3351383.0
33367,2544857.0
33368,4316715.0
33369,3410878.0
33370,2675511.0
33371,3028267.0
33372,4250553.0
33373,4264176.0
33374,6313221.0
33375,1619683.0
33376,2055379.0
33377,2344689.0
33378,2383840.0
33379,3752885.0
33380,1619683.0
33381,4888774.0
33382,3600467.0
33383,2364478.0
33384,3351383.0
33385,3248660.0
33386,2021934.0
33387,8213524.0
33388,6782425.0
33389,4316715.0
33390,3939804.0
33391,1734634.0
33392,4705945.0
33393,4052733.0
33394,2371202.0
33395,1756069.0
33396,1756069.0
33397,3807496.0
33398,3745135.0
33399,4066618.0
33400,3410878.0
33401,3248660.0
33402,1149870.0
33403,4491607.0
33404,3745135.0
33405,4263629.0
33406,7495092.0
33407,2097022.0
33408,6363241.0
33409,3600467.0
33410,3956086.0
33411,3351383.0
33412,7592272.0
33413,4219263.0
33414,1734634.0
33415,4067566.0
33416,2551252.0
33417,3351383.0
33418,1756069.0
33419,3351383.0
33420,4554237.0
33421,9262754.0
33422,1763231.0
33423,3752885.0
33424,3778621.0
33425,2551252.0
33426,3347767.0
33427,2993069.0
33428,1270499.0
33429,3752885.0
33430,4888774.0
33431,5500818.0
33432,9652350.0
33433,2675511.0
33434,3410878.0
33435,4155435.0
33436,9652350.0
33437,8213524.0
33438,4316715.0
33439,4807746.0
33440,1756069.0
33441,4590423.0
33442,4705945.0
33443,6923131.0
33444,5653753.0
33445,3164972.0
33446,4888774.0
33447,1763231.0
33448,3273041.0
33449,3745135.0
33450,2018785.0
33451,6836483.0
33452,6923131.0
33453,7592272.0
33454,3778621.0
33455,6412623.0
33456,2544857.0
33457,1999097.0
33458,2156098.0
33459,4155435.0
33460,4590423.0
33461,1756069.0
33462,1149870.0
33463,4100886.0
33464,8904084.0
33465,3248660.0
33466,3351383.0
33467,3376145.0
33468,3004429.0
33469,2954086.0
33470,6941173.0
33471,5337526.0
33472,4263629.0
33473,2018785.0
33474,4052733.0
33475,6923131.0
33476,6923131.0
33477,4067566.0
33478,4705945.0
33479,2058644.0
33480,4052733.0
33481,3939804.0
33482,3347767.0
33483,6313221.0
33484,6941173.0
33485,2390534.0
33486,2525375.0
33487,3982767.0
33488,8213524.0
33489,2792031.0
33490,3261924.0
33491,5966193.0
33492,2021934.0
33493,1763231.0
33494,3982767.0
33495,1756069.0
33496,3004429.0
33497,2732645.0
33498,2055379.0
33499,3982767.0
33500,4015749.0
33501,4882985.0
33502,7592272.0
33503,4807746.0
33504,1999097.0
33505,2055379.0
33506,4554237.0
33507,2732645.0
33508,2097022.0
33509,3351383.0
33510,7217634.0
33511,2390534.0
33512,3028267.0
33513,2371202.0
33514,6363241.0
33515,4052733.0
33516,1619683.0
33517,3447890.0
33518,2058644.0
33519,2551252.0
33520,1270499.0
33521,3004429.0
33522,3600467.0
33523,2267425.0
33524,2738052.0
33525,3778621.0
33526,4264176.0
33527,3347767.0
33528,6923131.0
33529,2544857.0
33530,4491607.0
33531,3982767.0
33532,3807496.0
33533,4554237.0
33534,3445076.0
33535,2732645.0
33536,8894598.0
33537,4590423.0
33538,3351383.0
33539,4250553.0
33540,3939804.0
33541,4067566.0
33542,3164972.0
33543,2018785.0
33544,3004429.0
33545,3410878.0
33546,2025297.0
33547,1619683.0
33548,3752885.0
33549,2993069.0
33550,3807496.0
33551,8213524.0
33552,4015749.0
33553,1763231.0
33554,3447890.0
33555,3028267.0
33556,2097022.0
33557,2544857.0
33558,3004429.0
33559,1999097.0
33560,2018785.0
33561,3982767.0
33562,2021934.0
33563,1619683.0
33564,3778621.0
33565,3410878.0
33566,3745135.0
33567,1619683.0
33568,2021934.0
33569,5461700.0
33570,1763231.0
33571,7495092.0
33572,3410878.0
33573,5525735.0
33574,8213524.0
33575,1149870.0
33576,3351383.0
33577,5787594.0
33578,1999097.0
33579,2021934.0
33580,1999097.0
33581,1999097.0
33582,5525735.0
33583,5525735.0
33584,6941173.0
33585,2021934.0
33586,5595267.0
33587,3445076.0
33588,1756069.0
33589,4052733.0
33590,2058644.0
33591,6782425.0
33592,2021934.0
33593,4491607.0
33594,6923131.0
33595,9262754.0
33596,2083447.0
33597,4491607.0
33598,2058644.0
33599,3727364.0
33600,2954086.0
33601,3727364.0
33602,7592272.0
33603,4100886.0
33604,2018785.0
33605,4250553.0
33606,2018785.0
33607,2058644.0
33608,3780019.0
33609,5166635.0
33610,2021934.0
33611,5595267.0
33612,3410878.0
33613,4250553.0
33614,7592272.0
33615,3982767.0
33616,2021934.0
33617,4264176.0
33618,2390534.0
33619,2792031.0
33620,1882131.0
33621,1149870.0
33622,2792031.0
33623,3410878.0
33624,2021934.0
33625,3258837.0
33626,6313221.0
33627,6313221.0
33628,3807496.0
33629,1756069.0
33630,3939804.0
33631,2344689.0
33632,4015749.0
33633,1904842.0
33634,3248660.0
33635,6313221.0
33636,3778621.0
33637,2097022.0
33638,3426169.0
33639,6313221.0
33640,2551252.0
33641,2021934.0
33642,6941173.0
33643,3836721.0
33644,2344689.0
33645,2018785.0
33646,2097022.0
33647,3600467.0
33648,3004429.0
33649,1847826.0
33650,7495092.0
33651,2344689.0
33652,4250553.0
33653,9262754.0
33654,4888774.0
33655,8213524.0
33656,1999097.0
33657,4705945.0
33658,1756069.0
33659,3347767.0
33660,3004429.0
33661,6412623.0
33662,4705945.0
33663,3445076.0
33664,3410878.0
33665,3351383.0
33666,1270499.0
33667,4554237.0
33668,1999097.0
33669,3600467.0
33670,4250553.0
33671,2344689.0
33672,2344689.0
33673,3982767.0
33674,2344689.0
33675,3752885.0
33676,3008199.0
33677,2390534.0
33678,7495092.0
33679,5017319.0
33680,2018785.0
33681,4952255.0
33682,6363241.0
33683,8904084.0
33684,3956086.0
33685,1904842.0
33686,7495092.0
33687,3939804.0
33688,3004429.0
33689,2344689.0
33690,1619683.0
33691,4052733.0
33692,3347767.0
33693,4554237.0
33694,3028267.0
33695,3376145.0
33696,4052733.0
33697,3600467.0
33698,3376145.0
33699,3447890.0
33700,3199619.0
33701,6363241.0
33702,4316715.0
33703,3426169.0
33704,6412623.0
33705,2525375.0
33706,8213524.0
33707,1904842.0
33708,3745135.0
33709,3273041.0
33710,1149870.0
33711,7217634.0
33712,3982767.0
33713,4219263.0
33714,3004429.0
33715,6941173.0
33716,1763231.0
33717,2097022.0
33718,6363241.0
33719,3248660.0
33720,2344689.0
33721,3004429.0
33722,2021934.0
33723,2390534.0
33724,6313221.0
33725,8213524.0
33726,3727364.0
33727,5653753.0
33728,6412623.0
33729,1270499.0
33730,2021934.0
33731,1999097.0
33732,2021934.0
33733,2993069.0
33734,3727364.0
33735,4491607.0
33736,3600467.0
33737,1847826.0
33738,2344689.0
33739,2055379.0
33740,2344689.0
33741,4952255.0
33742,3727364.0
33743,3347767.0
33744,5500818.0
33745,2999068.0
33746,2675511.0
33747,3982767.0
33748,3447890.0
33749,4952255.0
33750,2025297.0
33751,4066618.0
33752,4807746.0
33753,3347767.0
33754,3347767.0
33755,5500818.0
33756,1756069.0
33757,3273041.0
33758,3347767.0
33759,3004429.0
33760,3347767.0
33761,2544857.0
33762,3410878.0
33763,3727364.0
33764,3836721.0
33765,3956086.0
33766,4052733.0
33767,7592272.0
33768,5595267.0
33769,5500818.0
33770,1734634.0
33771,2021934.0
33772,3028267.0
33773,5161370.0
33774,3447890.0
33775,2383840.0
33776,6941173.0
33777,3351383.0
33778,6941173.0
33779,2058644.0
33780,5906596.0
33781,2738052.0
33782,5500818.0
33783,2390534.0
33784,3600467.0
33785,4590423.0
33786,4263629.0
33787,4250553.0
33788,4250758.0
33789,6363241.0
33790,4250553.0
33791,1756069.0
33792,2267425.0
33793,5525735.0
33794,5595267.0
33795,1270499.0
33796,5595267.0
33797,2083447.0
33798,2390534.0
33799,2390534.0
33800,3836721.0
33801,5017319.0
33802,2344689.0
33803,4590423.0
33804,1756069.0
33805,4705945.0
33806,1619683.0
33807,3600467.0
33808,3410878.0
33809,2097022.0
33810,1619683.0
33811,2058644.0
33812,3004429.0
33813,4467728.0
33814,7495092.0
33815,1619683.0
33816,4554237.0
33817,1756069.0
33818,5500818.0
33819,2021934.0
33820,3982767.0
33821,2390534.0
33822,2792031.0
33823,2058644.0
33824,4952255.0
33825,2525375.0
33826,4491607.0
33827,8904084.0
33828,3410878.0
33829,3351383.0
33830,1149870.0
33831,4052733.0
33832,2344689.0
33833,1847826.0
33834,6412623.0
33835,2055379.0
33836,1999097.0
33837,3376145.0
33838,1619683.0
33839,4705945.0
33840,3727364.0
33841,2097022.0
33842,1619683.0
33843,3008199.0
33844,3939804.0
33845,6941173.0
33846,2097022.0
33847,4467728.0
33848,3982767.0
33849,1882131.0
33850,4067566.0
33851,2021934.0
33852,4250553.0
33853,4491607.0
33854,1619683.0
33855,2018785.0
33856,1734634.0
33857,3164972.0
33858,3410878.0
33859,1149870.0
33860,2344689.0
33861,3410878.0
33862,2055379.0
33863,3347767.0
33864,3347767.0
33865,3600467.0
33866,1149870.0
33867,3836721.0
33868,5525735.0
33869,2344689.0
33870,1149870.0
33871,3351383.0
33872,3956086.0
33873,2267425.0
33874,2344689.0
33875,1763231.0
33876,2344689.0
33877,6412623.0
33878,3982767.0
33879,2083447.0
33880,2267425.0
33881,3836721.0
33882,1270499.0
33883,2267425.0
33884,7217634.0
33885,4350573.0
33886,3258837.0
33887,9652350.0
33888,4491607.0
33889,4491607.0
33890,3426169.0
33891,4705945.0
33892,1734634.0
33893,8904084.0
33894,3351383.0
33895,5166635.0
33896,4807746.0
33897,7592272.0
33898,7592272.0
33899,2364478.0
33900,1882131.0
33901,1882131.0
33902,6412623.0
33903,4316715.0
33904,5017319.0
33905,3347767.0
33906,2156098.0
33907,3028267.0
33908,1756069.0
33909,2058644.0
33910,4067566.0
33911,4952255.0
33912,8904084.0
33913,1882131.0
33914,2390534.0
33915,5525735.0
33916,6694797.0
33917,5017319.0
33918,4250553.0
33919,7592272.0
33920,3727364.0
33921,2058644.0
33922,3600467.0
33923,5017319.0
33924,4219263.0
33925,4467728.0
33926,5017319.0
33927,2058644.0
33928,3347767.0
33929,6412623.0
33930,1149870.0
33931,1756069.0
33932,2525375.0
33933,2675511.0
33934,4250758.0
33935,3273041.0
33936,5166635.0
33937,3164972.0
33938,3199619.0
33939,2055379.0
33940,2390534.0
33941,2344689.0
33942,4052733.0
33943,1619683.0
33944,6313221.0
33945,4219263.0
33946,3982767.0
33947,4100886.0
33948,2018785.0
33949,4429512.0
33950,2732645.0
33951,3347767.0
33952,2371202.0
33953,3727364.0
33954,3780019.0
33955,2055379.0
33956,3956086.0
33957,4491607.0
33958,4952255.0
33959,4316715.0
33960,5286212.0
33961,1270499.0
33962,1270499.0
33963,4350573.0
33964,1619683.0
33965,5595267.0
33966,4219263.0
33967,2058644.0
33968,2675511.0
33969,1904842.0
33970,3028267.0
33971,3258837.0
33972,8213524.0
33973,5653753.0
33974,3028267.0
33975,3745135.0
33976,3426169.0
33977,2999068.0
33978,3956086.0
33979,1904842.0
33980,4250758.0
33981,2055379.0
33982,1999097.0
33983,3261924.0
33984,3351383.0
33985,2551252.0
33986,3752885.0
33987,6923131.0
33988,2954086.0
33989,2021934.0
33990,1756069.0
33991,7201784.0
33992,1149870.0
33993,7592272.0
33994,3600467.0
33995,8904084.0
33996,4250553.0
33997,5595267.0
33998,4250553.0
33999,2792031.0
34000,3004429.0
34001,4250553.0
34002,3982767.0
34003,2525375.0
34004,5166635.0
34005,9652350.0
34006,2058644.0
34007,3004429.0
34008,5525735.0
34009,2792031.0
34010,2344689.0
34011,3939804.0
34012,3903884.0
34013,5166635.0
34014,3982767.0
34015,2058644.0
34016,3347767.0
34017,3004429.0
34018,2738052.0
34019,2544857.0
34020,3004429.0
34021,6363241.0
34022,3447890.0
34023,3410878.0
34024,2097022.0
34025,1619683.0
34026,5435276.0
34027,2993069.0
34028,2525375.0
34029,3982767.0
34030,3410878.0
34031,2021934.0
34032,6313221.0
34033,4264176.0
34034,2993069.0
34035,4286645.0
34036,4066618.0
34037,5787594.0
34038,3939804.0
34039,2371202.0
34040,3982767.0
34041,5337526.0
34042,4250553.0
34043,3258837.0
34044,3982767.0
34045,2021934.0
34046,2792031.0
34047,1270499.0
34048,6412623.0
34049,2383840.0
34050,4807746.0
34051,3347767.0
34052,4705945.0
34053,4705945.0
34054,1999097.0
34055,2344689.0
34056,4052733.0
34057,1270499.0
34058,4780607.0
34059,2344689.0
34060,1270499.0
34061,5500818.0
34062,1149870.0
34063,2525375.0
34064,5595267.0
34065,4219263.0
34066,4705945.0
34067,6694797.0
34068,3004429.0
34069,2021934.0
34070,2097022.0
34071,2344689.0
34072,4590423.0
34073,3600467.0
34074,6313221.0
34075,8213524.0
34076,1270499.0
34077,3426169.0
34078,1999097.0
34079,4015749.0
34080,4015749.0
34081,6694797.0
34082,7865428.0
34083,3347767.0
34084,5500818.0
34085,3410878.0
34086,3956086.0
34087,2021934.0
34088,5161370.0
34089,5653753.0
34090,2021934.0
34091,2738052.0
34092,1756069.0
34093,2344689.0
34094,8213524.0
34095,2267425.0
34096,2993069.0
34097,1149870.0
34098,2525375.0
34099,1734634.0
34100,3778621.0
34101,4491607.0
34102,2058644.0
34103,2390534.0
34104,8904084.0
34105,2390534.0
34106,2344689.0
34107,3447890.0
34108,2993069.0
34109,2675511.0
34110,2097022.0
34111,3248660.0
34112,4052733.0
34113,3410878.0
34114,1756069.0
34115,6836483.0
34116,2954086.0
34117,2021934.0
34118,4250553.0
34119,5500818.0
34120,3447890.0
34121,5500818.0
34122,1756069.0
34123,4882985.0
34124,3745135.0
34125,3727364.0
34126,2267425.0
34127,3199619.0
34128,2021934.0
34129,4015749.0
34130,9262754.0
34131,2025297.0
34132,1619683.0
34133,1756069.0
34134,3347767.0
34135,3447890.0
34136,2738052.0
34137,2344689.0
34138,2021934.0
34139,7201784.0
34140,3752885.0
34141,1847826.0
34142,1270499.0
34143,3273041.0
34144,1149870.0
34145,2675511.0
34146,6941173.0
34147,7217634.0
34148,2097022.0
34149,4067566.0
34150,4350573.0
34151,5337526.0
34152,2675511.0
34153,3982767.0
34154,3600467.0
34155,1619683.0
34156,2732645.0
34157,3347767.0
34158,2083447.0
34159,7592272.0
34160,1904842.0
34161,6363241.0
34162,2954086.0
34163,5166635.0
34164,3982767.0
34165,4491607.0
34166,6363241.0
34167,3778621.0
34168,2058644.0
34169,2993069.0
34170,4491607.0
34171,3600467.0
34172,3351383.0
34173,3752885.0
34174,1270499.0
34175,5906596.0
34176,6412623.0
34177,2732645.0
34178,7592272.0
34179,3218918.0
34180,3447890.0
34181,3351383.0
34182,2344689.0
34183,3004429.0
34184,8213524.0
34185,1756069.0
34186,2738052.0
34187,5787594.0
34188,1847826.0
34189,2390534.0
34190,4264176.0
34191,3347767.0
34192,3982767.0
34193,1999097.0
34194,1270499.0
34195,5017319.0
34196,3218918.0
34197,1734634.0
34198,2097022.0
34199,3351383.0
34200,2383840.0
34201,5525735.0
34202,2018785.0
34203,7201784.0
34204,3347767.0
34205,4100886.0
34206,9262754.0
34207,1270499.0
34208,2058644.0
34209,4888774.0
34210,2993069.0
34211,3004429.0
34212,3780019.0
34213,1270499.0
34214,5525735.0
34215,7201784.0
34216,3258837.0
34217,3426169.0
34218,4250758.0
34219,2544857.0
34220,6412623.0
34221,3982767.0
34222,4286645.0
34223,1999097.0
34224,2675511.0
34225,3351383.0
34226,2344689.0
34227,9652350.0
34228,4067566.0
34229,4467728.0
34230,7592272.0
34231,1756069.0
34232,1882131.0
34233,5017319.0
34234,6694797.0
34235,19696939.0
34236,8213524.0
34237,4554237.0
34238,2021934.0
34239,2371202.0
34240,4316715.0
34241,9262754.0
34242,3778621.0
34243,4264176.0
34244,4015749.0
34245,3600467.0
34246,1756069.0
34247,3982767.0
34248,2344689.0
34249,1149870.0
34250,1999097.0
34251,2525375.0
34252,2544857.0
34253,2544857.0
34254,4250553.0
34255,2018785.0
34256,3447890.0
34257,2021934.0
34258,3982767.0
34259,2018785.0
34260,2344689.0
34261,2344689.0
34262,2344689.0
34263,5166635.0
34264,2058644.0
34265,7592272.0
34266,16549064.0
34267,5906596.0
34268,2732645.0
34269,3982767.0
34270,4807746.0
34271,4350573.0
34272,2097022.0
34273,1756069.0
34274,2018785.0
34275,3426169.0
34276,4250553.0
34277,2344689.0
34278,7865428.0
34279,2371202.0
34280,3753720.0
34281,2021934.0
34282,1904842.0
34283,2344689.0
34284,5166635.0
34285,7865428.0
34286,4052733.0
34287,2544857.0
34288,2083447.0
34289,3347767.0
34290,7495092.0
34291,2018785.0
34292,6363241.0
34293,1904842.0
34294,2525375.0
34295,4316715.0
34296,5500818.0
34297,3600467.0
34298,2097022.0
34299,4316715.0
34300,1619683.0
34301,4780607.0
34302,4554237.0
34303,2097022.0
34304,1904842.0
34305,3258837.0
34306,1847826.0
34307,3004429.0
34308,5166635.0
34309,8213524.0
34310,7592272.0
34311,9262754.0
34312,4066618.0
34313,1270499.0
34314,3347767.0
34315,4491607.0
34316,1619683.0
34317,1847826.0
34318,4264176.0
34319,4350573.0
34320,3426169.0
34321,2344689.0
34322,4250553.0
34323,3351383.0
34324,3452382.0
34325,8894598.0
34326,1882131.0
34327,2732645.0
34328,3426169.0
34329,2267425.0
34330,8213524.0
34331,2993069.0
34332,3939804.0
34333,6313221.0
34334,7217634.0
34335,7217634.0
34336,2097022.0
34337,3778621.0
34338,1847826.0
34339,1999097.0
34340,2021934.0
34341,1619683.0
34342,3410878.0
34343,4780607.0
34344,2267425.0
34345,2097022.0
34346,3410878.0
34347,2018785.0
34348,2267425.0
34349,8213524.0
34350,4316715.0
34351,3956086.0
34352,3600467.0
34353,1270499.0
34354,2993069.0
34355,4888774.0
34356,1763231.0
34357,2018785.0
34358,6923131.0
34359,2383840.0
34360,1904842.0
34361,3248660.0
34362,1270499.0
34363,3600467.0
34364,3004429.0
34365,2390534.0
34366,1999097.0
34367,2999068.0
34368,5653753.0
34369,2097022.0
34370,2675511.0
34371,3778621.0
34372,6313221.0
34373,1270499.0
34374,4250553.0
34375,2018785.0
34376,2364478.0
34377,1619683.0
34378,2058644.0
34379,5435276.0
34380,3028267.0
34381,4952255.0
34382,4350573.0
34383,3258837.0
34384,2018785.0
34385,4015749.0
34386,4250758.0
34387,6694797.0
34388,1270499.0
34389,2344689.0
34390,3347767.0
34391,4015749.0
34392,4052733.0
34393,2018785.0
34394,4705945.0
34395,2383840.0
34396,7592272.0
34397,2993069.0
34398,2344689.0
34399,2344689.0
34400,2058644.0
34401,3600467.0
34402,3273041.0
34403,7865428.0
34404,4250553.0
34405,2390534.0
34406,4590423.0
34407,5525735.0
34408,7865428.0
34409,3347767.0
34410,6412623.0
34411,1999097.0
34412,3218918.0
34413,2344689.0
34414,2344689.0
34415,3028267.0
34416,3727364.0
34417,4015749.0
34418,3600467.0
34419,2021934.0
34420,2344689.0
34421,1847826.0
34422,1882131.0
34423,4067566.0
34424,2025297.0
34425,1882131.0
34426,1756069.0
34427,4952255.0
34428,2344689.0
34429,5017319.0
34430,3426169.0
34431,6412623.0
34432,1756069.0
34433,6412623.0
34434,2021934.0
34435,1619683.0
34436,3745135.0
34437,1270499.0
34438,3810007.0
34439,1619683.0
34440,4491607.0
34441,4015749.0
34442,1756069.0
34443,4705945.0
34444,4554237.0
34445,6694797.0
34446,2544857.0
34447,3836721.0
34448,6836483.0
34449,2390534.0
34450,2551252.0
34451,2732645.0
34452,1270499.0
34453,4250553.0
34454,7201784.0
34455,4219263.0
34456,5966193.0
34457,5595267.0
34458,2551252.0
34459,5525735.0
34460,2792031.0
34461,3248660.0
34462,2344689.0
34463,2525375.0
34464,2993069.0
34465,2055379.0
34466,4067566.0
34467,1999097.0
34468,3410878.0
34469,6836483.0
34470,2732645.0
34471,7592272.0
34472,2364478.0
34473,2058644.0
34474,3028267.0
34475,2025297.0
34476,2055379.0
34477,3780019.0
34478,2675511.0
34479,4015749.0
34480,7495092.0
34481,3248660.0
34482,3745135.0
34483,1270499.0
34484,3351383.0
34485,2675511.0
34486,4067566.0
34487,2097022.0
34488,3600467.0
34489,2993069.0
34490,4590423.0
34491,4780607.0
34492,5525735.0
34493,7201784.0
34494,6412623.0
34495,3248660.0
34496,5500818.0
34497,4052733.0
34498,1734634.0
34499,2058644.0
34500,3410878.0
34501,2525375.0
34502,2021934.0
34503,8630682.0
34504,3028267.0
34505,3347767.0
34506,3004429.0
34507,2055379.0
34508,4350573.0
34509,4052733.0
34510,2018785.0
34511,3600467.0
34512,5787594.0
34513,4263629.0
34514,3410878.0
34515,4264176.0
34516,3745135.0
34517,3727364.0
34518,5906596.0
34519,1756069.0
34520,7592272.0
34521,1756069.0
34522,7592272.0
34523,9652350.0
34524,3447890.0
34525,3351383.0
34526,2383840.0
34527,3004429.0
34528,1999097.0
34529,5525735.0
34530,5500818.0
34531,4250553.0
34532,3752885.0
34533,1270499.0
34534,3351383.0
34535,2018785.0
34536,5906596.0
34537,4015749.0
34538,3600467.0
34539,3903884.0
34540,2021934.0
34541,6836483.0
34542,1270499.0
34543,2993069.0
34544,2344689.0
34545,4807746.0
34546,3836721.0
34547,4066618.0
34548,3248660.0
34549,1904842.0
34550,2097022.0
34551,4705945.0
34552,6836483.0
34553,1270499.0
34554,5500818.0
34555,4015749.0
34556,2390534.0
34557,1270499.0
34558,4015749.0
34559,9262754.0
34560,4067566.0
34561,2021934.0
34562,2018785.0
34563,1149870.0
34564,8213524.0
34565,3727364.0
34566,7592272.0
34567,1619683.0
34568,6313221.0
34569,5787594.0
34570,2383840.0
34571,6694797.0
34572,4067566.0
34573,3780019.0
34574,3600467.0
34575,3351383.0
34576,2097022.0
34577,2383840.0
34578,4219263.0
34579,5525735.0
34580,3426169.0
34581,7592272.0
34582,8213524.0
34583,3600467.0
34584,4052733.0
34585,4888774.0
34586,4350573.0
34587,4067566.0
34588,3376145.0
34589,1763231.0
34590,3600467.0
34591,4952255.0
34592,4807746.0
34593,2058644.0
34594,4067566.0
34595,2021934.0
34596,2267425.0
34597,2055379.0
34598,2732645.0
34599,2544857.0
34600,3410878.0
34601,3752885.0
34602,3982767.0
34603,5500818.0
34604,3445076.0
34605,2097022.0
34606,3351383.0
34607,1756069.0
34608,2058644.0
34609,4250553.0
34610,3347767.0
34611,2097022.0
34612,4250758.0
34613,2544857.0
34614,4219263.0
34615,4052733.0
34616,7495092.0
34617,1756069.0
34618,1756069.0
34619,5595267.0
34620,2993069.0
34621,1270499.0
34622,1763231.0
34623,7592272.0
34624,7201784.0
34625,2954086.0
34626,4250553.0
34627,2344689.0
34628,3600467.0
34629,2364478.0
34630,3939804.0
34631,6694797.0
34632,1999097.0
34633,2097022.0
34634,5595267.0
34635,5787594.0
34636,1999097.0
34637,6412623.0
34638,5500818.0
34639,1999097.0
34640,3410878.0
34641,2021934.0
34642,1999097.0
34643,2267425.0
34644,3780019.0
34645,4350573.0
34646,7201784.0
34647,4491607.0
34648,5337526.0
34649,4952255.0
34650,4590423.0
34651,4067566.0
34652,2675511.0
34653,4491607.0
34654,4052733.0
34655,1149870.0
34656,2058644.0
34657,4250553.0
34658,2267425.0
34659,6941173.0
34660,3956086.0
34661,4052733.0
34662,3028267.0
34663,3778621.0
34664,1904842.0
34665,2097022.0
34666,2021934.0
34667,4491607.0
34668,3982767.0
34669,3410878.0
34670,1904842.0
34671,3982767.0
34672,1619683.0
34673,2525375.0
34674,3939804.0
34675,3807496.0
34676,4491607.0
34677,4882985.0
34678,3410878.0
34679,1882131.0
34680,8213524.0
34681,2021934.0
34682,2371202.0
34683,6941173.0
34684,7201784.0
34685,6412623.0
34686,5595267.0
34687,2344689.0
34688,6313221.0
34689,1882131.0
34690,6694797.0
34691,2390534.0
34692,3028267.0
34693,5017319.0
34694,3248660.0
34695,3258837.0
34696,3351383.0
34697,1999097.0
34698,4015749.0
34699,2058644.0
34700,3752885.0
34701,7592272.0
34702,1763231.0
34703,2097022.0
34704,2021934.0
34705,3600467.0
34706,1847826.0
34707,3836721.0
34708,3004429.0
34709,2267425.0
34710,3939804.0
34711,7217634.0
34712,1756069.0
34713,2058644.0
34714,4250553.0
34715,2371202.0
34716,2551252.0
34717,5906596.0
34718,3410878.0
34719,1847826.0
34720,5595267.0
34721,5525735.0
34722,4250553.0
34723,2083447.0
34724,2525375.0
34725,5017319.0
34726,3410878.0
34727,1999097.0
34728,3347767.0
34729,4491607.0
34730,2544857.0
34731,3956086.0
34732,4052733.0
34733,3982767.0
34734,7495092.0
34735,2344689.0
34736,2675511.0
34737,3199619.0
34738,5500818.0
34739,3982767.0
34740,1882131.0
34741,6941173.0
34742,2344689.0
34743,2371202.0
34744,1847826.0
34745,3347767.0
34746,3745135.0
34747,4052733.0
34748,2058644.0
34749,2018785.0
34750,2792031.0
34751,3410878.0
34752,4250553.0
34753,2021934.0
34754,3258837.0
34755,3028267.0
34756,3778621.0
34757,3956086.0
34758,2390534.0
34759,3004429.0
34760,2021934.0
34761,4491607.0
34762,4052733.0
34763,5444227.0
34764,7592272.0
34765,1847826.0
34766,5017319.0
34767,1756069.0
34768,4052733.0
34769,4316715.0
34770,5500818.0
34771,1270499.0
34772,2544857.0
34773,4015749.0
34774,2390534.0
34775,5444227.0
34776,1763231.0
34777,1270499.0
34778,3004429.0
34779,3410878.0
34780,4100886.0
34781,1999097.0
34782,4264176.0
34783,5595267.0
34784,7592272.0
34785,3745135.0
34786,1763231.0
34787,2732645.0
34788,3351383.0
34789,6363241.0
34790,3004429.0
34791,3727364.0
34792,2792031.0
34793,4250553.0
34794,1734634.0
34795,5595267.0
34796,5906596.0
34797,2018785.0
34798,2025297.0
34799,3600467.0
34800,2267425.0
34801,5444227.0
34802,2344689.0
34803,6363241.0
34804,7217634.0
34805,3218918.0
34806,5461700.0
34807,7217634.0
34808,3780019.0
34809,2267425.0
34810,3410878.0
34811,7495092.0
34812,4067566.0
34813,1270499.0
34814,3347767.0
34815,1756069.0
34816,3410878.0
34817,3452382.0
34818,7592272.0
34819,1763231.0
34820,2738052.0
34821,1270499.0
34822,2738052.0
34823,3351383.0
34824,5435276.0
34825,2055379.0
34826,3982767.0
34827,3445076.0
34828,3600467.0
34829,3410878.0
34830,2525375.0
34831,1619683.0
34832,3351383.0
34833,7217634.0
34834,2344689.0
34835,2021934.0
34836,7592272.0
34837,2344689.0
34838,3248660.0
34839,2390534.0
34840,6313221.0
34841,5595267.0
34842,8213524.0
34843,1763231.0
34844,4250553.0
34845,3982767.0
34846,2390534.0
34847,4705945.0
34848,3410878.0
34849,2390534.0
34850,3570392.0
34851,3753720.0
34852,3727364.0
34853,2390534.0
34854,2993069.0
34855,2732645.0
34856,3836721.0
34857,6923131.0
34858,3600467.0
34859,6923131.0
34860,2371202.0
34861,2738052.0
34862,2993069.0
34863,3028267.0
34864,4067566.0
34865,3347767.0
34866,7201784.0
34867,4491607.0
34868,5286212.0
34869,2344689.0
34870,6941173.0
34871,2055379.0
34872,2344689.0
34873,1847826.0
34874,1763231.0
34875,3780019.0
34876,6412623.0
34877,4067566.0
34878,1763231.0
34879,6941173.0
34880,2058644.0
34881,3956086.0
34882,3778621.0
34883,4491607.0
34884,4952255.0
34885,1882131.0
34886,3447890.0
34887,1999097.0
34888,2544857.0
34889,2390534.0
34890,2954086.0
34891,6694797.0
34892,6923131.0
34893,3447890.0
34894,3028267.0
34895,2344689.0
34896,7865428.0
34897,1999097.0
34898,4316715.0
34899,2544857.0
34900,3426169.0
34901,3376145.0
34902,2993069.0
34903,1270499.0
34904,2018785.0
34905,4219263.0
34906,3447890.0
34907,3410878.0
34908,4067566.0
34909,2344689.0
34910,4467728.0
34911,2732645.0
34912,3351383.0
34913,5595267.0
34914,8213524.0
34915,1999097.0
34916,3351383.0
34917,1149870.0
34918,2390534.0
34919,3410878.0
34920,2021934.0
34921,2083447.0
34922,6412623.0
34923,4554237.0
34924,3218918.0
34925,2021934.0
34926,2732645.0
34927,4263629.0
34928,1847826.0
34929,3752885.0
34930,1149870.0
34931,7201784.0
34932,2740687.0
34933,5906596.0
34934,3347767.0
34935,3347767.0
34936,2055379.0
34937,3600467.0
34938,6941173.0
34939,6923131.0
34940,6836483.0
34941,3600467.0
34942,6941173.0
34943,1270499.0
34944,4263629.0
34945,4250758.0
34946,2097022.0
34947,2021934.0
34948,2018785.0
34949,2344689.0
34950,1999097.0
34951,1619683.0
34952,4467728.0
34953,2083447.0
34954,4491607.0
34955,4219263.0
34956,4429512.0
34957,2021934.0
34958,4067566.0
34959,5500818.0
34960,2021934.0
34961,3218918.0
34962,4491607.0
34963,2021934.0
34964,2018785.0
34965,2954086.0
34966,3004429.0
34967,4705945.0
34968,5525735.0
34969,3727364.0
34970,4491607.0
34971,3780019.0
34972,4286645.0
34973,1756069.0
34974,3410878.0
34975,7495092.0
34976,1756069.0
34977,3836721.0
34978,6412623.0
34979,5444227.0
34980,1999097.0
34981,5525735.0
34982,2267425.0
34983,3982767.0
34984,3376145.0
34985,4066618.0
34986,1756069.0
34987,2675511.0
34988,13575224.0
34989,4705945.0
34990,7201784.0
34991,2058644.0
34992,2371202.0
34993,3600467.0
34994,1847826.0
34995,6836483.0
34996,5595267.0
34997,2097022.0
34998,1756069.0
34999,3410878.0
35000,1149870.0
35001,5500818.0
35002,3939804.0
35003,1882131.0
35004,3410878.0
35005,2021934.0
35006,5017319.0
35007,3410878.0
35008,3351383.0
35009,4316715.0
35010,2097022.0
35011,6313221.0
35012,2544857.0
35013,2021934.0
35014,1756069.0
35015,5595267.0
35016,4888774.0
35017,4067566.0
35018,8904084.0
35019,1149870.0
35020,2025297.0
35021,4316715.0
35022,1756069.0
35023,1756069.0
35024,3836721.0
35025,1999097.0
35026,3347767.0
35027,3982767.0
35028,4286645.0
35029,2097022.0
35030,4554237.0
35031,3982767.0
35032,2738052.0
35033,3807496.0
35034,3982767.0
35035,3004429.0
35036,1270499.0
35037,4219263.0
35038,4491607.0
35039,5906596.0
35040,2097022.0
35041,3600467.0
35042,1847826.0
35043,3752885.0
35044,6923131.0
35045,2097022.0
35046,3807496.0
35047,1149870.0
35048,2055379.0
35049,1999097.0
35050,3004429.0
35051,2058644.0
35052,3600467.0
35053,1904842.0
35054,6941173.0
35055,1904842.0
35056,1904842.0
35057,3351383.0
35058,1149870.0
35059,2097022.0
35060,1882131.0
35061,1756069.0
35062,7201784.0
35063,3351383.0
35064,3426169.0
35065,3347767.0
35066,2544857.0
35067,1619683.0
35068,1619683.0
35069,3410878.0
35070,3727364.0
35071,2055379.0
35072,2390534.0
35073,2021934.0
35074,6941173.0
35075,3248660.0
35076,3004429.0
35077,3347767.0
35078,2156098.0
35079,3780019.0
35080,2732645.0
35081,4888774.0
35082,3004429.0
35083,6412623.0
35084,1999097.0
35085,3028267.0
35086,2055379.0
35087,1999097.0
35088,1619683.0
35089,2732645.0
35090,3447890.0
35091,3351383.0
35092,6313221.0
35093,2993069.0
35094,5500818.0
35095,2371202.0
35096,2097022.0
35097,4491607.0
35098,1619683.0
35099,1270499.0
35100,2371202.0
35101,3445076.0
35102,3982767.0
35103,2021934.0
35104,1619683.0
35105,2675511.0
35106,3218918.0
35107,5017319.0
35108,3982767.0
35109,2021934.0
35110,3273041.0
35111,1149870.0
35112,8213524.0
35113,1734634.0
35114,6694797.0
35115,2267425.0
35116,3903884.0
35117,2097022.0
35118,6694797.0
35119,6313221.0
35120,3426169.0
35121,1619683.0
35122,3199619.0
35123,2055379.0
35124,4491607.0
35125,3004429.0
35126,4219263.0
35127,3410878.0
35128,1270499.0
35129,4491607.0
35130,2097022.0
35131,2371202.0
35132,7865428.0
35133,2018785.0
35134,2675511.0
35135,3780019.0
35136,2993069.0
35137,1904842.0
35138,3410878.0
35139,3426169.0
35140,1999097.0
35141,1999097.0
35142,5906596.0
35143,2544857.0
35144,8213524.0
35145,3982767.0
35146,2344689.0
35147,4100886.0
35148,2083447.0
35149,7217634.0
35150,3199619.0
35151,3028267.0
35152,2525375.0
35153,2344689.0
35154,7592272.0
35155,3351383.0
35156,3600467.0
35157,4015749.0
35158,2390534.0
35159,3410878.0
35160,4136425.0
35161,6313221.0
35162,2344689.0
35163,2792031.0
35164,2525375.0
35165,6941173.0
35166,2025297.0
35167,4052733.0
35168,2675511.0
35169,5500818.0
35170,2732645.0
35171,4015749.0
35172,4590423.0
35173,4100886.0
35174,1756069.0
35175,3752885.0
35176,1619683.0
35177,1270499.0
35178,2732645.0
35179,3836721.0
35180,5444227.0
35181,3727364.0
35182,1270499.0
35183,2344689.0
35184,1999097.0
35185,1149870.0
35186,3727364.0
35187,3600467.0
35188,4067566.0
35189,1270499.0
35190,8904084.0
35191,6941173.0
35192,2675511.0
35193,2675511.0
35194,4250553.0
35195,2021934.0
35196,1756069.0
35197,7592272.0
35198,1149870.0
35199,3778621.0
35200,3600467.0
35201,1270499.0
35202,4015749.0
35203,1619683.0
35204,2021934.0
35205,2738052.0
35206,4067566.0
35207,5595267.0
35208,4052733.0
35209,1619683.0
35210,4882985.0
35211,6941173.0
35212,3956086.0
35213,1904842.0
35214,1882131.0
35215,8213524.0
35216,2267425.0
35217,5435276.0
35218,16549064.0
35219,1847826.0
35220,7865428.0
35221,4015749.0
35222,1756069.0
35223,4554237.0
35224,3004429.0
35225,3008199.0
35226,2675511.0
35227,5595267.0
35228,6941173.0
35229,2544857.0
35230,2156098.0
35231,2738052.0
35232,2344689.0
35233,3410878.0
35234,2544857.0
35235,5161370.0
35236,2544857.0
35237,3347767.0
35238,3376145.0
35239,3376145.0
35240,4067566.0
35241,3008199.0
35242,6313221.0
35243,6782425.0
35244,3727364.0
35245,3982767.0
35246,4467728.0
35247,3727364.0
35248,2018785.0
35249,3939804.0
35250,2551252.0
35251,4155435.0
35252,6836483.0
35253,3028267.0
35254,4015749.0
35255,3600467.0
35256,2344689.0
35257,3778621.0
35258,4100886.0
35259,2058644.0
35260,2058644.0
35261,2018785.0
35262,3199619.0
35263,3784230.0
35264,2738052.0
35265,3351383.0
35266,1756069.0
35267,4015749.0
35268,1847826.0
35269,3258837.0
35270,2344689.0
35271,1270499.0
35272,3347767.0
35273,2267425.0
35274,2792031.0
35275,4250758.0
35276,4491607.0
35277,4015749.0
35278,2058644.0
35279,2525375.0
35280,3445076.0
35281,3982767.0
35282,3347767.0
35283,4100886.0
35284,6941173.0
35285,7217634.0
35286,7217634.0
35287,1999097.0
35288,7592272.0
35289,7865428.0
35290,2390534.0
35291,1619683.0
35292,4316715.0
35293,6363241.0
35294,2544857.0
35295,3376145.0
35296,5906596.0
35297,1999097.0
35298,2156098.0
35299,4286645.0
35300,3982767.0
35301,5525735.0
35302,2371202.0
35303,1756069.0
35304,2390534.0
35305,2544857.0
35306,4554237.0
35307,3836721.0
35308,2675511.0
35309,3426169.0
35310,4952255.0
35311,1270499.0
35312,2058644.0
35313,3004429.0
35314,1756069.0
35315,4067566.0
35316,4316715.0
35317,3351383.0
35318,1270499.0
35319,4316715.0
35320,3778621.0
35321,1847826.0
35322,2344689.0
35323,2055379.0
35324,3745135.0
35325,9262754.0
35326,3410878.0
35327,4264176.0
35328,4491607.0
35329,5906596.0
35330,4250553.0
35331,2544857.0
35332,4250553.0
35333,3836721.0
35334,4780607.0
35335,6694797.0
35336,2097022.0
35337,1756069.0
35338,5595267.0
35339,5906596.0
35340,4015749.0
35341,8213524.0
35342,3982767.0
35343,4491607.0
35344,3347767.0
35345,3199619.0
35346,1756069.0
35347,4807746.0
35348,3982767.0
35349,1763231.0
35350,2525375.0
35351,3347767.0
35352,2156098.0
35353,3008199.0
35354,1619683.0
35355,5595267.0
35356,7865428.0
35357,2055379.0
35358,1882131.0
35359,1756069.0
35360,4316715.0
35361,2551252.0
35362,3780019.0
35363,8904084.0
35364,6782425.0
35365,4952255.0
35366,1763231.0
35367,4250553.0
35368,3347767.0
35369,5525735.0
35370,1882131.0
35371,4100886.0
35372,2383840.0
35373,3752885.0
35374,2344689.0
35375,3410878.0
35376,4705945.0
35377,2018785.0
35378,1619683.0
35379,2058644.0
35380,3273041.0
35381,5166635.0
35382,5906596.0
35383,2740687.0
35384,2055379.0
35385,3600467.0
35386,2792031.0
35387,4155435.0
35388,2525375.0
35389,9262754.0
35390,3347767.0
35391,2344689.0
35392,6941173.0
35393,3982767.0
35394,2344689.0
35395,2371202.0
35396,2058644.0
35397,2525375.0
35398,1882131.0
35399,6313221.0
35400,2344689.0
35401,2021934.0
35402,1999097.0
35403,3199619.0
35404,2021934.0
35405,2058644.0
35406,2058644.0
35407,3410878.0
35408,5525735.0
35409,3376145.0
35410,6694797.0
35411,2344689.0
35412,3447890.0
35413,4066618.0
35414,3956086.0
35415,5500818.0
35416,4467728.0
35417,1270499.0
35418,2344689.0
35419,3426169.0
35420,2097022.0
35421,2097022.0
35422,3982767.0
35423,6782425.0
35424,6836483.0
35425,1847826.0
35426,2732645.0
35427,4264176.0
35428,2344689.0
35429,1847826.0
35430,2344689.0
35431,8904084.0
35432,2344689.0
35433,3939804.0
35434,4100886.0
35435,6313221.0
35436,3347767.0
35437,2018785.0
35438,2993069.0
35439,4491607.0
35440,2021934.0
35441,1619683.0
35442,4219263.0
35443,2344689.0
35444,4491607.0
35445,3028267.0
35446,1763231.0
35447,7201784.0
35448,2544857.0
35449,3376145.0
35450,1149870.0
35451,3004429.0
35452,1763231.0
35453,1999097.0
35454,6363241.0
35455,1270499.0
35456,4952255.0
35457,4467728.0
35458,6941173.0
35459,3261924.0
35460,5525735.0
35461,3004429.0
35462,2792031.0
35463,3939804.0
35464,2525375.0
35465,4015749.0
35466,2792031.0
35467,4705945.0
35468,3347767.0
35469,6412623.0
35470,4705945.0
35471,3004429.0
35472,2025297.0
35473,4554237.0
35474,1756069.0
35475,2021934.0
35476,6923131.0
35477,3426169.0
35478,3939804.0
35479,3351383.0
35480,4100886.0
35481,1882131.0
35482,3410878.0
35483,6836483.0
35484,4952255.0
35485,3004429.0
35486,8213524.0
35487,4066618.0
35488,2390534.0
35489,2058644.0
35490,4100886.0
35491,2371202.0
35492,1904842.0
35493,3778621.0
35494,1270499.0
35495,2999068.0
35496,3347767.0
35497,2018785.0
35498,3778621.0
35499,2732645.0
35500,7495092.0
35501,4264176.0
35502,2792031.0
35503,3982767.0
35504,4015749.0
35505,1149870.0
35506,4015749.0
35507,3410878.0
35508,3778621.0
35509,3752885.0
35510,2390534.0
35511,6782425.0
35512,1847826.0
35513,4882985.0
35514,3956086.0
35515,2792031.0
35516,3347767.0
35517,2344689.0
35518,3347767.0
35519,2083447.0
35520,8213524.0
35521,1619683.0
35522,3939804.0
35523,3752885.0
35524,4952255.0
35525,2267425.0
35526,6836483.0
35527,2544857.0
35528,3982767.0
35529,5787594.0
35530,2083447.0
35531,4350573.0
35532,1734634.0
35533,1149870.0
35534,2267425.0
35535,2993069.0
35536,2156098.0
35537,2058644.0
35538,1756069.0
35539,6412623.0
35540,2156098.0
35541,3600467.0
35542,1619683.0
35543,2058644.0
35544,1904842.0
35545,3426169.0
35546,9652350.0
35547,3004429.0
35548,4066618.0
35549,2267425.0
35550,3939804.0
35551,5525735.0
35552,3752885.0
35553,3351383.0
35554,1619683.0
35555,3426169.0
35556,4100886.0
35557,3447890.0
35558,5435276.0
35559,3004429.0
35560,1882131.0
35561,2055379.0
35562,2383840.0
35563,3199619.0
35564,2383840.0
35565,3745135.0
35566,4554237.0
35567,3447890.0
35568,2267425.0
35569,2018785.0
35570,8904084.0
35571,2055379.0
35572,2021934.0
35573,2344689.0
35574,3753720.0
35575,2993069.0
35576,3447890.0
35577,3939804.0
35578,1882131.0
35579,3778621.0
35580,3004429.0
35581,1756069.0
35582,6694797.0
35583,6313221.0
35584,2344689.0
35585,3447890.0
35586,3745135.0
35587,1756069.0
35588,1847826.0
35589,2344689.0
35590,1847826.0
35591,8213524.0
35592,3004429.0
35593,3347767.0
35594,2018785.0
35595,3727364.0
35596,4807746.0
35597,3807496.0
35598,7592272.0
35599,3410878.0
35600,3273041.0
35601,3347767.0
35602,3351383.0
35603,4705945.0
35604,3836721.0
35605,2993069.0
35606,1904842.0
35607,1756069.0
35608,6941173.0
35609,1270499.0
35610,1756069.0
35611,7495092.0
35612,1270499.0
35613,3351383.0
35614,8904084.0
35615,3600467.0
35616,4350573.0
35617,2058644.0
35618,3351383.0
35619,2344689.0
35620,2021934.0
35621,3004429.0
35622,3778621.0
35623,2018785.0
35624,2156098.0
35625,2732645.0
35626,3445076.0
35627,2993069.0
35628,1882131.0
35629,4052733.0
35630,4100886.0
35631,1847826.0
35632,7495092.0
35633,8213524.0
35634,3410878.0
35635,4467728.0
35636,2371202.0
35637,3248660.0
35638,9262754.0
35639,3004429.0
35640,2097022.0
35641,4554237.0
35642,3752885.0
35643,3248660.0
35644,2344689.0
35645,6923131.0
35646,1763231.0
35647,1270499.0
35648,4705945.0
35649,4467728.0
35650,3347767.0
35651,1270499.0
35652,2021934.0
35653,3956086.0
35654,1149870.0
35655,7201784.0
35656,2018785.0
35657,3004429.0
35658,3004429.0
35659,1270499.0
35660,5906596.0
35661,3939804.0
35662,2058644.0
35663,7592272.0
35664,2058644.0
35665,5337526.0
35666,1619683.0
35667,2344689.0
35668,4888774.0
35669,9262754.0
35670,4100886.0
35671,3004429.0
35672,2058644.0
35673,1149870.0
35674,4052733.0
35675,5595267.0
35676,2383840.0
35677,4554237.0
35678,3410878.0
35679,4052733.0
35680,1734634.0
35681,3600467.0
35682,1999097.0
35683,3261924.0
35684,3004429.0
35685,1847826.0
35686,3426169.0
35687,4066618.0
35688,3351383.0
35689,4491607.0
35690,3351383.0
35691,1756069.0
35692,1847826.0
35693,2390534.0
35694,3778621.0
35695,2021934.0
35696,9262754.0
35697,4052733.0
35698,2390534.0
35699,1270499.0
35700,1734634.0
35701,3004429.0
35702,2344689.0
35703,2058644.0
35704,3347767.0
35705,3410878.0
35706,5595267.0
35707,2097022.0
35708,3426169.0
35709,1619683.0
35710,2097022.0
35711,2058644.0
35712,5017319.0
35713,1149870.0
35714,1904842.0
35715,6694797.0
35716,2525375.0
35717,2792031.0
35718,4052733.0
35719,3778621.0
35720,4250553.0
35721,3004429.0
35722,1904842.0
35723,3410878.0
35724,4952255.0
35725,3956086.0
35726,4015749.0
35727,6412623.0
35728,4250553.0
35729,5653753.0
35730,1847826.0
35731,2097022.0
35732,2544857.0
35733,1149870.0
35734,2675511.0
35735,9262754.0
35736,7217634.0
35737,6313221.0
35738,7592272.0
35739,3778621.0
35740,2021934.0
35741,6694797.0
35742,4952255.0
35743,1734634.0
35744,4067566.0
35745,2021934.0
35746,1847826.0
35747,4263629.0
35748,6836483.0
35749,3939804.0
35750,2993069.0
35751,3447890.0
35752,1756069.0
35753,1149870.0
35754,4316715.0
35755,4705945.0
35756,2344689.0
35757,1847826.0
35758,5444227.0
35759,1904842.0
35760,1882131.0
35761,1270499.0
35762,2018785.0
35763,7495092.0
35764,4066618.0
35765,3004429.0
35766,2371202.0
35767,3347767.0
35768,2383840.0
35769,6941173.0
35770,3426169.0
35771,2097022.0
35772,3939804.0
35773,4066618.0
35774,1619683.0
35775,2993069.0
35776,9262754.0
35777,4780607.0
35778,1847826.0
35779,3452382.0
35780,3745135.0
35781,3273041.0
35782,2954086.0
35783,7592272.0
35784,4590423.0
35785,4705945.0
35786,7592272.0
35787,4780607.0
35788,1734634.0
35789,3351383.0
35790,2738052.0
35791,1756069.0
35792,1270499.0
35793,1149870.0
35794,4491607.0
35795,2058644.0
35796,3410878.0
35797,1999097.0
35798,2993069.0
35799,5525735.0
35800,3258837.0
35801,8213524.0
35802,3600467.0
35803,4136425.0
35804,2055379.0
35805,3982767.0
35806,1999097.0
35807,3410878.0
35808,4052733.0
35809,2018785.0
35810,1619683.0
35811,2551252.0
35812,1999097.0
35813,6313221.0
35814,1847826.0
35815,3745135.0
35816,2021934.0
35817,3347767.0
35818,1270499.0
35819,3939804.0
35820,7217634.0
35821,4888774.0
35822,7592272.0
35823,3347767.0
35824,1847826.0
35825,4705945.0
35826,7592272.0
35827,7592272.0
35828,6836483.0
35829,3780019.0
35830,3410878.0
35831,5500818.0
35832,1847826.0
35833,3347767.0
35834,2544857.0
35835,7217634.0
35836,3956086.0
35837,3447890.0
35838,5595267.0
35839,4888774.0
35840,2344689.0
35841,2544857.0
35842,2675511.0
35843,3982767.0
35844,4264176.0
35845,2675511.0
35846,2344689.0
35847,4705945.0
35848,4350573.0
35849,5787594.0
35850,1763231.0
35851,2021934.0
35852,6313221.0
35853,4780607.0
35854,2371202.0
35855,3600467.0
35856,2344689.0
35857,1149870.0
35858,2021934.0
35859,4491607.0
35860,2344689.0
35861,1270499.0
35862,3727364.0
35863,3410878.0
35864,1904842.0
35865,3347767.0
35866,3004429.0
35867,5525735.0
35868,1763231.0
35869,4491607.0
35870,1619683.0
35871,3939804.0
35872,4467728.0
35873,7217634.0
35874,9262754.0
35875,1847826.0
35876,1763231.0
35877,3004429.0
35878,6313221.0
35879,4286645.0
35880,5500818.0
35881,2267425.0
35882,1999097.0
35883,2021934.0
35884,3982767.0
35885,7865428.0
35886,1904842.0
35887,3028267.0
35888,5595267.0
35889,4952255.0
35890,3028267.0
35891,1756069.0
35892,1149870.0
35893,8213524.0
35894,3218918.0
35895,3778621.0
35896,3004429.0
35897,2344689.0
35898,3447890.0
35899,1904842.0
35900,5525735.0
35901,4491607.0
35902,2097022.0
35903,2058644.0
35904,6923131.0
35905,2390534.0
35906,3347767.0
35907,3836721.0
35908,3600467.0
35909,3982767.0
35910,3426169.0
35911,1619683.0
35912,1904842.0
35913,4467728.0
35914,4705945.0
35915,2525375.0
35916,5444227.0
35917,1270499.0
35918,3426169.0
35919,2738052.0
35920,4491607.0
35921,2732645.0
35922,3426169.0
35923,3982767.0
35924,2544857.0
35925,6941173.0
35926,13575224.0
35927,4350573.0
35928,7217634.0
35929,1270499.0
35930,2018785.0
35931,2732645.0
35932,3347767.0
35933,1882131.0
35934,5595267.0
35935,3982767.0
35936,4467728.0
35937,4952255.0
35938,2738052.0
35939,3248660.0
35940,2058644.0
35941,3273041.0
35942,1270499.0
35943,6363241.0
35944,2021934.0
35945,3199619.0
35946,3753720.0
35947,3982767.0
35948,2675511.0
35949,3752885.0
35950,1149870.0
35951,5444227.0
35952,3004429.0
35953,8894598.0
35954,2371202.0
35955,3818055.0
35956,4264176.0
35957,3982767.0
35958,5595267.0
35959,3727364.0
35960,8213524.0
35961,4264176.0
35962,3004429.0
35963,4952255.0
35964,3351383.0
35965,4350573.0
35966,3836721.0
35967,3956086.0
35968,1619683.0
35969,3727364.0
35970,1763231.0
35971,2021934.0
35972,3410878.0
35973,2544857.0
35974,3004429.0
35975,2021934.0
35976,6694797.0
35977,3982767.0
35978,3351383.0
35979,3982767.0
35980,4136425.0
35981,4067566.0
35982,4219263.0
35983,1999097.0
35984,1270499.0
35985,2267425.0
35986,1619683.0
35987,1904842.0
35988,1999097.0
35989,3745135.0
35990,6836483.0
35991,8213524.0
35992,3778621.0
35993,2083447.0
35994,3982767.0
35995,2021934.0
35996,3351383.0
35997,6412623.0
35998,1999097.0
35999,2344689.0
36000,2390534.0
36001,4316715.0
36002,5525735.0
36003,5653753.0
36004,1882131.0
36005,1270499.0
36006,3956086.0
36007,2021934.0
36008,3778621.0
36009,3836721.0
36010,3836721.0
36011,5017319.0
36012,2025297.0
36013,2021934.0
36014,4554237.0
36015,1756069.0
36016,7592272.0
36017,4015749.0
36018,2390534.0
36019,4590423.0
36020,3939804.0
36021,3447890.0
36022,3347767.0
36023,3452382.0
36024,6412623.0
36025,6923131.0
36026,2999068.0
36027,1882131.0
36028,1904842.0
36029,1270499.0
36030,3600467.0
36031,3347767.0
36032,3273041.0
36033,3347767.0
36034,3727364.0
36035,3347767.0
36036,1270499.0
36037,3347767.0
36038,3753720.0
36039,2544857.0
36040,3351383.0
36041,2993069.0
36042,1149870.0
36043,2097022.0
36044,4554237.0
36045,7865428.0
36046,4952255.0
36047,2675511.0
36048,4952255.0
36049,1149870.0
36050,4264176.0
36051,2097022.0
36052,6923131.0
36053,4316715.0
36054,2551252.0
36055,8213524.0
36056,3752885.0
36057,3982767.0
36058,4429512.0
36059,4250553.0
36060,3376145.0
36061,4264176.0
36062,2544857.0
36063,5500818.0
36064,4250758.0
36065,2738052.0
36066,2390534.0
36067,3752885.0
36068,2058644.0
36069,2058644.0
36070,4264176.0
36071,3347767.0
36072,3273041.0
36073,2021934.0
36074,2344689.0
36075,1763231.0
36076,8213524.0
36077,5525735.0
36078,3347767.0
36079,7592272.0
36080,2383840.0
36081,4100886.0
36082,6923131.0
36083,3903884.0
36084,2083447.0
36085,3410878.0
36086,3218918.0
36087,3426169.0
36088,3600467.0
36089,2021934.0
36090,3939804.0
36091,3939804.0
36092,3982767.0
36093,3982767.0
36094,1270499.0
36095,4554237.0
36096,4491607.0
36097,3347767.0
36098,2732645.0
36099,2058644.0
36100,7592272.0
36101,1619683.0
36102,5337526.0
36103,2021934.0
36104,4263629.0
36105,4590423.0
36106,5525735.0
36107,6363241.0
36108,3956086.0
36109,3351383.0
36110,3410878.0
36111,4264176.0
36112,3261924.0
36113,2738052.0
36114,2058644.0
36115,2097022.0
36116,3982767.0
36117,3376145.0
36118,3447890.0
36119,2993069.0
36120,3445076.0
36121,2055379.0
36122,3004429.0
36123,3452382.0
36124,2058644.0
36125,5906596.0
36126,3347767.0
36127,4491607.0
36128,6923131.0
36129,6412623.0
36130,3351383.0
36131,5595267.0
36132,2738052.0
36133,6313221.0
36134,3982767.0
36135,1847826.0
36136,4316715.0
36137,2097022.0
36138,4015749.0
36139,3410878.0
36140,8213524.0
36141,3727364.0
36142,1999097.0
36143,2371202.0
36144,4100886.0
36145,4250553.0
36146,2344689.0
36147,2058644.0
36148,1149870.0
36149,3410878.0
36150,3351383.0
36151,1149870.0
36152,6941173.0
36153,1149870.0
36154,1270499.0
36155,2738052.0
36156,4052733.0
36157,7592272.0
36158,1619683.0
36159,2018785.0
36160,2058644.0
36161,2344689.0
36162,3347767.0
36163,9652350.0
36164,6923131.0
36165,1619683.0
36166,5166635.0
36167,5435276.0
36168,3939804.0
36169,3351383.0
36170,3939804.0
36171,7592272.0
36172,2993069.0
36173,4705945.0
36174,2344689.0
36175,1756069.0
36176,1999097.0
36177,3410878.0
36178,1847826.0
36179,4100886.0
36180,1882131.0
36181,3410878.0
36182,3347767.0
36183,2055379.0
36184,2021934.0
36185,2058644.0
36186,1619683.0
36187,2390534.0
36188,1756069.0
36189,1619683.0
36190,7865428.0
36191,1999097.0
36192,7201784.0
36193,5017319.0
36194,1756069.0
36195,3807496.0
36196,4590423.0
36197,4491607.0
36198,5161370.0
36199,1756069.0
36200,2055379.0
36201,3445076.0
36202,1270499.0
36203,1763231.0
36204,5461700.0
36205,2097022.0
36206,3004429.0
36207,3347767.0
36208,2344689.0
36209,2993069.0
36210,2018785.0
36211,3028267.0
36212,3426169.0
36213,3426169.0
36214,8213524.0
36215,1619683.0
36216,7865428.0
36217,6313221.0
36218,3982767.0
36219,3752885.0
36220,2551252.0
36221,4316715.0
36222,5595267.0
36223,2344689.0
36224,8213524.0
36225,1882131.0
36226,2551252.0
36227,1149870.0
36228,2371202.0
36229,3347767.0
36230,2156098.0
36231,5525735.0
36232,3426169.0
36233,2344689.0
36234,3982767.0
36235,2525375.0
36236,4066618.0
36237,3727364.0
36238,3347767.0
36239,2371202.0
36240,4015749.0
36241,1619683.0
36242,2390534.0
36243,7201784.0
36244,3351383.0
36245,2732645.0
36246,3982767.0
36247,1847826.0
36248,5525735.0
36249,7217634.0
36250,3351383.0
36251,6363241.0
36252,7201784.0
36253,2344689.0
36254,4052733.0
36255,3008199.0
36256,4015749.0
36257,5500818.0
36258,2156098.0
36259,1882131.0
36260,7592272.0
36261,2738052.0
36262,2025297.0
36263,5595267.0
36264,1999097.0
36265,9262754.0
36266,3028267.0
36267,2058644.0
36268,2675511.0
36269,2344689.0
36270,2675511.0
36271,3956086.0
36272,2675511.0
36273,3982767.0
36274,2267425.0
36275,6941173.0
36276,2058644.0
36277,6923131.0
36278,6923131.0
36279,3004429.0
36280,2551252.0
36281,1734634.0
36282,5595267.0
36283,2732645.0
36284,2954086.0
36285,9652350.0
36286,5461700.0
36287,2544857.0
36288,2021934.0
36289,4705945.0
36290,3248660.0
36291,5595267.0
36292,6836483.0
36293,3982767.0
36294,4316715.0
36295,1270499.0
36296,4705945.0
36297,2364478.0
36298,4888774.0
36299,3447890.0
36300,3745135.0
36301,2025297.0
36302,2364478.0
36303,5337526.0
36304,1270499.0
36305,4250553.0
36306,1149870.0
36307,2344689.0
36308,8904084.0
36309,1756069.0
36310,5444227.0
36311,6782425.0
36312,2999068.0
36313,3248660.0
36314,1756069.0
36315,4350573.0
36316,3447890.0
36317,5525735.0
36318,7865428.0
36319,6836483.0
36320,1999097.0
36321,4807746.0
36322,2344689.0
36323,8213524.0
36324,2021934.0
36325,2021934.0
36326,1882131.0
36327,3261924.0
36328,2371202.0
36329,1904842.0
36330,1904842.0
36331,2364478.0
36332,7495092.0
36333,3351383.0
36334,4015749.0
36335,2551252.0
36336,2097022.0
36337,3939804.0
36338,1847826.0
36339,3410878.0
36340,3447890.0
36341,5906596.0
36342,3004429.0
36343,8904084.0
36344,5525735.0
36345,2390534.0
36346,7592272.0
36347,2058644.0
36348,2055379.0
36349,2390534.0
36350,5166635.0
36351,4052733.0
36352,4491607.0
36353,2097022.0
36354,3871344.0
36355,3347767.0
36356,1763231.0
36357,6694797.0
36358,2551252.0
36359,1756069.0
36360,1149870.0
36361,2371202.0
36362,4100886.0
36363,8213524.0
36364,2021934.0
36365,4316715.0
36366,2058644.0
36367,7201784.0
36368,4590423.0
36369,2055379.0
36370,4491607.0
36371,2675511.0
36372,7201784.0
36373,2551252.0
36374,4705945.0
36375,8213524.0
36376,2551252.0
36377,2344689.0
36378,5500818.0
36379,2018785.0
36380,2792031.0
36381,4780607.0
36382,5435276.0
36383,4705945.0
36384,3956086.0
36385,2732645.0
36386,6694797.0
36387,2021934.0
36388,2371202.0
36389,4250553.0
36390,1882131.0
36391,2344689.0
36392,6941173.0
36393,1756069.0
36394,1756069.0
36395,2267425.0
36396,3004429.0
36397,2267425.0
36398,3004429.0
36399,5444227.0
36400,2344689.0
36401,3745135.0
36402,3351383.0
36403,3351383.0
36404,3445076.0
36405,2097022.0
36406,3004429.0
36407,2058644.0
36408,4491607.0
36409,2097022.0
36410,1763231.0
36411,3939804.0
36412,3426169.0
36413,6694797.0
36414,4952255.0
36415,2267425.0
36416,3261924.0
36417,2021934.0
36418,3351383.0
36419,5500818.0
36420,7217634.0
36421,6412623.0
36422,6412623.0
36423,2018785.0
36424,2364478.0
36425,4491607.0
36426,1882131.0
36427,6941173.0
36428,6363241.0
36429,3410878.0
36430,3600467.0
36431,4219263.0
36432,3351383.0
36433,2344689.0
36434,7865428.0
36435,5595267.0
36436,4554237.0
36437,4554237.0
36438,5444227.0
36439,2390534.0
36440,4491607.0
36441,3008199.0
36442,2344689.0
36443,3778621.0
36444,1149870.0
36445,3600467.0
36446,2390534.0
36447,1882131.0
36448,4067566.0
36449,2738052.0
36450,7592272.0
36451,1999097.0
36452,4491607.0
36453,3600467.0
36454,2025297.0
36455,4491607.0
36456,6836483.0
36457,1763231.0
36458,3347767.0
36459,2993069.0
36460,1904842.0
36461,2732645.0
36462,3778621.0
36463,1756069.0
36464,3004429.0
36465,4491607.0
36466,2371202.0
36467,8213524.0
36468,3752885.0
36469,2544857.0
36470,2055379.0
36471,3261924.0
36472,4780607.0
36473,6836483.0
36474,1999097.0
36475,1999097.0
36476,3004429.0
36477,9262754.0
36478,2954086.0
36479,3745135.0
36480,7592272.0
36481,1149870.0
36482,2267425.0
36483,5166635.0
36484,3004429.0
36485,3347767.0
36486,3778621.0
36487,4250553.0
36488,3447890.0
36489,4491607.0
36490,3347767.0
36491,3780019.0
36492,4219263.0
36493,7865428.0
36494,3871344.0
36495,2267425.0
36496,3376145.0
36497,6412623.0
36498,3836721.0
36499,3600467.0
36500,1904842.0
36501,2738052.0
36502,3939804.0
36503,1149870.0
36504,4350573.0
36505,3410878.0
36506,3248660.0
36507,4015749.0
36508,1270499.0
36509,5595267.0
36510,1619683.0
36511,3199619.0
36512,7217634.0
36513,3447890.0
36514,4780607.0
36515,2344689.0
36516,3004429.0
36517,2156098.0
36518,7592272.0
36519,9652350.0
36520,3028267.0
36521,3426169.0
36522,3410878.0
36523,2344689.0
36524,2097022.0
36525,1847826.0
36526,3982767.0
36527,5595267.0
36528,4780607.0
36529,2058644.0
36530,2344689.0
36531,3778621.0
36532,3410878.0
36533,1999097.0
36534,1619683.0
36535,9262754.0
36536,3028267.0
36537,2383840.0
36538,1734634.0
36539,2156098.0
36540,1999097.0
36541,4350573.0
36542,7201784.0
36543,4882985.0
36544,4015749.0
36545,3600467.0
36546,3351383.0
36547,1904842.0
36548,1149870.0
36549,2371202.0
36550,3410878.0
36551,4590423.0
36552,2267425.0
36553,2021934.0
36554,2097022.0
36555,4100886.0
36556,2097022.0
36557,2344689.0
36558,4066618.0
36559,4100886.0
36560,3410878.0
36561,1999097.0
36562,8213524.0
36563,4015749.0
36564,3410878.0
36565,2344689.0
36566,6694797.0
36567,5337526.0
36568,4780607.0
36569,1763231.0
36570,1270499.0
36571,8213524.0
36572,3956086.0
36573,2390534.0
36574,2097022.0
36575,3447890.0
36576,5595267.0
36577,4350573.0
36578,3600467.0
36579,2675511.0
36580,7592272.0
36581,3447890.0
36582,6313221.0
36583,3273041.0
36584,3004429.0
36585,2018785.0
36586,3376145.0
36587,8213524.0
36588,7201784.0
36589,3745135.0
36590,3447890.0
36591,5500818.0
36592,4250758.0
36593,2267425.0
36594,3447890.0
36595,3273041.0
36596,3351383.0
36597,1999097.0
36598,2544857.0
36599,7865428.0
36600,3351383.0
36601,2999068.0
36602,3600467.0
36603,2018785.0
36604,2675511.0
36605,1999097.0
36606,3600467.0
36607,6313221.0
36608,2156098.0
36609,4250553.0
36610,4888774.0
36611,5525735.0
36612,1999097.0
36613,7217634.0
36614,6941173.0
36615,3780019.0
36616,7217634.0
36617,3445076.0
36618,2390534.0
36619,1619683.0
36620,3347767.0
36621,6923131.0
36622,1999097.0
36623,1756069.0
36624,5525735.0
36625,6313221.0
36626,6313221.0
36627,8213524.0
36628,2383840.0
36629,2390534.0
36630,3347767.0
36631,4467728.0
36632,1619683.0
36633,5500818.0
36634,1149870.0
36635,1149870.0
36636,2344689.0
36637,7592272.0
36638,1999097.0
36639,3351383.0
36640,8904084.0
36641,7495092.0
36642,3836721.0
36643,4705945.0
36644,1904842.0
36645,3410878.0
36646,4316715.0
36647,3836721.0
36648,4066618.0
36649,5017319.0
36650,6313221.0
36651,1882131.0
36652,1756069.0
36653,2055379.0
36654,2371202.0
36655,3004429.0
36656,4066618.0
36657,2058644.0
36658,6694797.0
36659,4219263.0
36660,2993069.0
36661,3248660.0
36662,2993069.0
36663,7592272.0
36664,6313221.0
36665,3004429.0
36666,6363241.0
36667,3939804.0
36668,9262754.0
36669,1882131.0
36670,3956086.0
36671,1756069.0
36672,3351383.0
36673,5595267.0
36674,6694797.0
36675,2344689.0
36676,3871344.0
36677,3939804.0
36678,4350573.0
36679,2993069.0
36680,1763231.0
36681,8213524.0
36682,1763231.0
36683,3745135.0
36684,2058644.0
36685,2018785.0
36686,2544857.0
36687,5906596.0
36688,4952255.0
36689,2055379.0
36690,5595267.0
36691,1149870.0
36692,4467728.0
36693,3982767.0
36694,1999097.0
36695,4350573.0
36696,3347767.0
36697,4067566.0
36698,2083447.0
36699,4705945.0
36700,3410878.0
36701,3780019.0
36702,1270499.0
36703,2097022.0
36704,2344689.0
36705,5435276.0
36706,1999097.0
36707,3780019.0
36708,2058644.0
36709,2018785.0
36710,3351383.0
36711,1734634.0
36712,2544857.0
36713,8894598.0
36714,3780019.0
36715,3452382.0
36716,6694797.0
36717,3836721.0
36718,2344689.0
36719,3004429.0
36720,7495092.0
36721,4952255.0
36722,4554237.0
36723,1756069.0
36724,3004429.0
36725,3410878.0
36726,6363241.0
36727,1619683.0
36728,3004429.0
36729,1270499.0
36730,2993069.0
36731,1904842.0
36732,3752885.0
36733,2371202.0
36734,3426169.0
36735,6941173.0
36736,6694797.0
36737,2525375.0
36738,3745135.0
36739,4491607.0
36740,2344689.0
36741,1904842.0
36742,5595267.0
36743,8213524.0
36744,3600467.0
36745,3727364.0
36746,6836483.0
36747,2732645.0
36748,3410878.0
36749,1763231.0
36750,2025297.0
36751,3426169.0
36752,2021934.0
36753,1999097.0
36754,3347767.0
36755,2364478.0
36756,3745135.0
36757,2058644.0
36758,3600467.0
36759,3351383.0
36760,2021934.0
36761,3410878.0
36762,3956086.0
36763,3956086.0
36764,7592272.0
36765,6363241.0
36766,2390534.0
36767,4467728.0
36768,3347767.0
36769,2018785.0
36770,2058644.0
36771,4067566.0
36772,5906596.0
36773,7495092.0
36774,2544857.0
36775,1270499.0
36776,1734634.0
36777,3956086.0
36778,2058644.0
36779,2055379.0
36780,1999097.0
36781,3164972.0
36782,2993069.0
36783,3004429.0
36784,6363241.0
36785,4052733.0
36786,3447890.0
36787,3836721.0
36788,3447890.0
36789,4491607.0
36790,2083447.0
36791,3410878.0
36792,2993069.0
36793,3248660.0
36794,5787594.0
36795,3727364.0
36796,3028267.0
36797,4491607.0
36798,1149870.0
36799,3426169.0
36800,3600467.0
36801,4882985.0
36802,2097022.0
36803,3273041.0
36804,2021934.0
36805,3600467.0
36806,2954086.0
36807,2083447.0
36808,3004429.0
36809,3248660.0
36810,4155435.0
36811,4219263.0
36812,4467728.0
36813,1882131.0
36814,4705945.0
36815,1999097.0
36816,3752885.0
36817,7865428.0
36818,8213524.0
36819,4316715.0
36820,6313221.0
36821,4052733.0
36822,3447890.0
36823,2018785.0
36824,2267425.0
36825,3727364.0
36826,6412623.0
36827,5787594.0
36828,2058644.0
36829,2058644.0
36830,5595267.0
36831,2058644.0
36832,2993069.0
36833,3903884.0
36834,4705945.0
36835,1756069.0
36836,4263629.0
36837,3258837.0
36838,2097022.0
36839,4052733.0
36840,2097022.0
36841,4052733.0
36842,3807496.0
36843,3347767.0
36844,4219263.0
36845,3347767.0
36846,3982767.0
36847,2021934.0
36848,5906596.0
36849,3939804.0
36850,2097022.0
36851,3939804.0
36852,1149870.0
36853,4316715.0
36854,3273041.0
36855,4491607.0
36856,4467728.0
36857,6941173.0
36858,3410878.0
36859,4066618.0
36860,3745135.0
36861,3347767.0
36862,6941173.0
36863,4015749.0
36864,3028267.0
36865,2344689.0
36866,3410878.0
36867,3778621.0
36868,2544857.0
36869,4264176.0
36870,1734634.0
36871,1763231.0
36872,1619683.0
36873,4052733.0
36874,1999097.0
36875,3248660.0
36876,3745135.0
36877,1999097.0
36878,3780019.0
36879,2792031.0
36880,8213524.0
36881,2551252.0
36882,7592272.0
36883,7495092.0
36884,4067566.0
36885,3351383.0
36886,4100886.0
36887,5525735.0
36888,3004429.0
36889,2018785.0
36890,4015749.0
36891,2021934.0
36892,6313221.0
36893,3752885.0
36894,2344689.0
36895,2058644.0
36896,3028267.0
36897,2383840.0
36898,4052733.0
36899,1756069.0
36900,6412623.0
36901,5286212.0
36902,4491607.0
36903,3347767.0
36904,3376145.0
36905,7201784.0
36906,3410878.0
36907,9652350.0
36908,3258837.0
36909,1763231.0
36910,4250553.0
36911,1999097.0
36912,4888774.0
36913,2344689.0
36914,3939804.0
36915,3351383.0
36916,3410878.0
36917,1756069.0
36918,2097022.0
36919,2344689.0
36920,1847826.0
36921,5166635.0
36922,7865428.0
36923,7592272.0
36924,2025297.0
36925,2390534.0
36926,4780607.0
36927,2344689.0
36928,3600467.0
36929,2738052.0
36930,3028267.0
36931,1999097.0
36932,2344689.0
36933,2156098.0
36934,4264176.0
36935,3218918.0
36936,1999097.0
36937,1882131.0
36938,5525735.0
36939,2544857.0
36940,1999097.0
36941,6782425.0
36942,3410878.0
36943,2018785.0
36944,2097022.0
36945,5595267.0
36946,5500818.0
36947,2021934.0
36948,2021934.0
36949,9652350.0
36950,3939804.0
36951,4467728.0
36952,3778621.0
36953,3727364.0
36954,1619683.0
36955,3347767.0
36956,7201784.0
36957,3351383.0
36958,1847826.0
36959,3199619.0
36960,6313221.0
36961,3778621.0
36962,1734634.0
36963,2544857.0
36964,3778621.0
36965,2021934.0
36966,3452382.0
36967,4250553.0
36968,2738052.0
36969,8904084.0
36970,2058644.0
36971,2551252.0
36972,2954086.0
36973,3347767.0
36974,1149870.0
36975,1270499.0
36976,3982767.0
36977,1999097.0
36978,2058644.0
36979,5595267.0
36980,5500818.0
36981,4250758.0
36982,1756069.0
36983,4052733.0
36984,2058644.0
36985,3939804.0
36986,4491607.0
36987,2058644.0
36988,6412623.0
36989,7865428.0
36990,2390534.0
36991,7592272.0
36992,3939804.0
36993,1756069.0
36994,4066618.0
36995,3410878.0
36996,2792031.0
36997,5337526.0
36998,2544857.0
36999,2058644.0
37000,3956086.0
37001,2732645.0
37002,3778621.0
37003,6412623.0
37004,3351383.0
37005,2738052.0
37006,4264176.0
37007,2021934.0
37008,1270499.0
37009,1149870.0
37010,3445076.0
37011,2083447.0
37012,1756069.0
37013,1270499.0
37014,2267425.0
37015,5595267.0
37016,4554237.0
37017,3939804.0
37018,1619683.0
37019,4015749.0
37020,5017319.0
37021,5017319.0
37022,3818055.0
37023,6941173.0
37024,2097022.0
37025,1847826.0
37026,2021934.0
37027,2058644.0
37028,1847826.0
37029,2018785.0
37030,9262754.0
37031,2525375.0
37032,4491607.0
37033,1734634.0
37034,3410878.0
37035,3939804.0
37036,3347767.0
37037,6923131.0
37038,1999097.0
37039,4467728.0
37040,2675511.0
37041,3410878.0
37042,4316715.0
37043,6836483.0
37044,1619683.0
37045,1756069.0
37046,8904084.0
37047,7217634.0
37048,1882131.0
37049,6694797.0
37050,4015749.0
37051,6941173.0
37052,2993069.0
37053,3028267.0
37054,1619683.0
37055,4250553.0
37056,5525735.0
37057,2058644.0
37058,3410878.0
37059,3351383.0
37060,3727364.0
37061,3426169.0
37062,2018785.0
37063,3347767.0
37064,3376145.0
37065,3807496.0
37066,2792031.0
37067,1999097.0
37068,4590423.0
37069,4250553.0
37070,6313221.0
37071,1149870.0
37072,2344689.0
37073,5017319.0
37074,6694797.0
37075,3447890.0
37076,2383840.0
37077,3258837.0
37078,3351383.0
37079,3351383.0
37080,1882131.0
37081,2371202.0
37082,2267425.0
37083,2267425.0
37084,3164972.0
37085,1149870.0
37086,2993069.0
37087,4250758.0
37088,2058644.0
37089,3982767.0
37090,3410878.0
37091,2390534.0
37092,9652350.0
37093,2021934.0
37094,4705945.0
37095,2021934.0
37096,4219263.0
37097,5595267.0
37098,2390534.0
37099,9262754.0
37100,2344689.0
37101,3004429.0
37102,3351383.0
37103,4052733.0
37104,4952255.0
37105,1756069.0
37106,5787594.0
37107,2344689.0
37108,3836721.0
37109,8213524.0
37110,6923131.0
37111,2058644.0
37112,4250553.0
37113,4491607.0
37114,8213524.0
37115,1882131.0
37116,1270499.0
37117,2055379.0
37118,4066618.0
37119,7495092.0
37120,3410878.0
37121,4250553.0
37122,4554237.0
37123,3745135.0
37124,4067566.0
37125,4491607.0
37126,2390534.0
37127,5595267.0
37128,7217634.0
37129,3778621.0
37130,1999097.0
37131,6363241.0
37132,3836721.0
37133,3351383.0
37134,3410878.0
37135,5525735.0
37136,2267425.0
37137,2344689.0
37138,3780019.0
37139,2344689.0
37140,2738052.0
37141,4250553.0
37142,1999097.0
37143,1756069.0
37144,2156098.0
37145,3351383.0
37146,2021934.0
37147,2675511.0
37148,2267425.0
37149,4491607.0
37150,2390534.0
37151,1149870.0
37152,2021934.0
37153,3261924.0
37154,1882131.0
37155,7592272.0
37156,1149870.0
37157,3351383.0
37158,8213524.0
37159,3600467.0
37160,5525735.0
37161,3939804.0
37162,3351383.0
37163,4067566.0
37164,6923131.0
37165,4052733.0
37166,2371202.0
37167,5595267.0
37168,3008199.0
37169,9262754.0
37170,2344689.0
37171,2993069.0
37172,4554237.0
37173,7592272.0
37174,1999097.0
37175,4264176.0
37176,2675511.0
37177,4350573.0
37178,3982767.0
37179,4286645.0
37180,7495092.0
37181,3447890.0
37182,6836483.0
37183,3727364.0
37184,6923131.0
37185,4554237.0
37186,3410878.0
37187,8213524.0
37188,4015749.0
37189,3351383.0
37190,3410878.0
37191,7201784.0
37192,3780019.0
37193,3745135.0
37194,2055379.0
37195,2993069.0
37196,1847826.0
37197,4888774.0
37198,2267425.0
37199,4780607.0
37200,2156098.0
37201,4467728.0
37202,8630682.0
37203,3410878.0
37204,8213524.0
37205,7592272.0
37206,3028267.0
37207,2055379.0
37208,2675511.0
37209,2021934.0
37210,4467728.0
37211,2551252.0
37212,4250553.0
37213,3004429.0
37214,3004429.0
37215,3982767.0
37216,1619683.0
37217,1270499.0
37218,4316715.0
37219,3600467.0
37220,8213524.0
37221,2058644.0
37222,2544857.0
37223,1270499.0
37224,2738052.0
37225,6313221.0
37226,3426169.0
37227,3447890.0
37228,2390534.0
37229,1999097.0
37230,5444227.0
37231,2018785.0
37232,2021934.0
37233,3780019.0
37234,3410878.0
37235,3351383.0
37236,4888774.0
37237,2021934.0
37238,2732645.0
37239,2058644.0
37240,3410878.0
37241,4888774.0
37242,2525375.0
37243,3347767.0
37244,5653753.0
37245,2055379.0
37246,6941173.0
37247,3727364.0
37248,3745135.0
37249,2021934.0
37250,1270499.0
37251,1882131.0
37252,6941173.0
37253,1756069.0
37254,6836483.0
37255,5166635.0
37256,2371202.0
37257,4705945.0
37258,3600467.0
37259,5906596.0
37260,3351383.0
37261,2675511.0
37262,3982767.0
37263,4467728.0
37264,2018785.0
37265,1847826.0
37266,6313221.0
37267,4250758.0
37268,1847826.0
37269,3600467.0
37270,3745135.0
37271,2083447.0
37272,3745135.0
37273,3956086.0
37274,2993069.0
37275,2792031.0
37276,5653753.0
37277,2025297.0
37278,4952255.0
37279,2018785.0
37280,3780019.0
37281,1270499.0
37282,3004429.0
37283,3347767.0
37284,2344689.0
37285,2021934.0
37286,2055379.0
37287,1149870.0
37288,2018785.0
37289,2675511.0
37290,3248660.0
37291,5595267.0
37292,4590423.0
37293,6941173.0
37294,5595267.0
37295,4491607.0
37296,3410878.0
37297,2058644.0
37298,2344689.0
37299,2097022.0
37300,1756069.0
37301,1149870.0
37302,4250553.0
37303,2018785.0
37304,2544857.0
37305,2544857.0
37306,2021934.0
37307,5595267.0
37308,7201784.0
37309,3939804.0
37310,3780019.0
37311,1763231.0
37312,3347767.0
37313,4491607.0
37314,4554237.0
37315,2058644.0
37316,1904842.0
37317,3447890.0
37318,5595267.0
37319,2551252.0
37320,3004429.0
37321,7217634.0
37322,1149870.0
37323,6836483.0
37324,16549064.0
37325,4952255.0
37326,2732645.0
37327,3903884.0
37328,4882985.0
37329,2058644.0
37330,6836483.0
37331,4250553.0
37332,3600467.0
37333,3982767.0
37334,2267425.0
37335,2738052.0
37336,6412623.0
37337,8213524.0
37338,1904842.0
37339,5787594.0
37340,7592272.0
37341,4316715.0
37342,2738052.0
37343,3347767.0
37344,4952255.0
37345,2732645.0
37346,3347767.0
37347,2525375.0
37348,2018785.0
37349,1882131.0
37350,4067566.0
37351,3410878.0
37352,6923131.0
37353,2344689.0
37354,1756069.0
37355,2544857.0
37356,2732645.0
37357,3600467.0
37358,2025297.0
37359,4807746.0
37360,3982767.0
37361,4882985.0
37362,2097022.0
37363,1999097.0
37364,3600467.0
37365,3004429.0
37366,6941173.0
37367,1734634.0
37368,9652350.0
37369,3452382.0
37370,3376145.0
37371,4250553.0
37372,3752885.0
37373,4780607.0
37374,1149870.0
37375,4780607.0
37376,5595267.0
37377,3028267.0
37378,4219263.0
37379,6313221.0
37380,1734634.0
37381,4067566.0
37382,1999097.0
37383,8213524.0
37384,4015749.0
37385,6923131.0
37386,2058644.0
37387,2267425.0
37388,7592272.0
37389,4052733.0
37390,1619683.0
37391,6836483.0
37392,1999097.0
37393,1999097.0
37394,3028267.0
37395,3004429.0
37396,3745135.0
37397,7217634.0
37398,3004429.0
37399,4491607.0
37400,5595267.0
37401,1756069.0
37402,4350573.0
37403,2058644.0
37404,2083447.0
37405,2792031.0
37406,1882131.0
37407,4952255.0
37408,2025297.0
37409,4952255.0
37410,6836483.0
37411,3780019.0
37412,1619683.0
37413,5500818.0
37414,1756069.0
37415,2097022.0
37416,1999097.0
37417,3780019.0
37418,3347767.0
37419,2999068.0
37420,4250553.0
37421,3903884.0
37422,4286645.0
37423,3218918.0
37424,4807746.0
37425,4155435.0
37426,1882131.0
37427,2738052.0
37428,2525375.0
37429,4250758.0
37430,1882131.0
37431,8213524.0
37432,6363241.0
37433,2018785.0
37434,4250758.0
37435,2525375.0
37436,3410878.0
37437,2792031.0
37438,2021934.0
37439,2097022.0
37440,3780019.0
37441,3939804.0
37442,3752885.0
37443,2344689.0
37444,2021934.0
37445,3956086.0
37446,3600467.0
37447,2267425.0
37448,7217634.0
37449,8213524.0
37450,2732645.0
37451,3727364.0
37452,2544857.0
37453,3351383.0
37454,3447890.0
37455,4067566.0
37456,4491607.0
37457,2058644.0
37458,3261924.0
37459,3426169.0
37460,1756069.0
37461,4264176.0
37462,3004429.0
37463,3600467.0
37464,4155435.0
37465,1149870.0
37466,5595267.0
37467,1904842.0
37468,4263629.0
37469,6836483.0
37470,1999097.0
37471,2371202.0
37472,4263629.0
37473,4780607.0
37474,6836483.0
37475,3600467.0
37476,4952255.0
37477,3600467.0
37478,5166635.0
37479,3004429.0
37480,4250553.0
37481,1847826.0
37482,3410878.0
37483,2371202.0
37484,2055379.0
37485,5595267.0
37486,3347767.0
37487,2371202.0
37488,1882131.0
37489,1619683.0
37490,3836721.0
37491,13575224.0
37492,4651866.0
37493,3004429.0
37494,3004429.0
37495,1847826.0
37496,2344689.0
37497,1882131.0
37498,3752885.0
37499,3028267.0
37500,2267425.0
37501,7865428.0
37502,5337526.0
37503,2390534.0
37504,3410878.0
37505,3780019.0
37506,2792031.0
37507,2097022.0
37508,3807496.0
37509,4705945.0
37510,1619683.0
37511,2097022.0
37512,2156098.0
37513,1149870.0
37514,4705945.0
37515,4155435.0
37516,3956086.0
37517,2544857.0
37518,8894598.0
37519,2058644.0
37520,3445076.0
37521,4807746.0
37522,3347767.0
37523,3600467.0
37524,4780607.0
37525,2021934.0
37526,5595267.0
37527,2097022.0
37528,3939804.0
37529,2055379.0
37530,2018785.0
37531,5525735.0
37532,6836483.0
37533,2021934.0
37534,4250553.0
37535,2390534.0
37536,1270499.0
37537,2021934.0
37538,7495092.0
37539,3426169.0
37540,2055379.0
37541,2025297.0
37542,1756069.0
37543,1999097.0
37544,2097022.0
37545,5595267.0
37546,5500818.0
37547,5444227.0
37548,2018785.0
37549,6923131.0
37550,1756069.0
37551,1756069.0
37552,2344689.0
37553,3347767.0
37554,5525735.0
37555,7217634.0
37556,4807746.0
37557,2021934.0
37558,4491607.0
37559,1999097.0
37560,1756069.0
37561,2058644.0
37562,1999097.0
37563,3745135.0
37564,6694797.0
37565,4350573.0
37566,1847826.0
37567,4467728.0
37568,1270499.0
37569,5653753.0
37570,3218918.0
37571,2525375.0
37572,8904084.0
37573,4052733.0
37574,2993069.0
37575,7495092.0
37576,3600467.0
37577,4316715.0
37578,2083447.0
37579,2371202.0
37580,6694797.0
37581,2954086.0
37582,3028267.0
37583,1270499.0
37584,4491607.0
37585,2344689.0
37586,1999097.0
37587,3600467.0
37588,2371202.0
37589,1847826.0
37590,4807746.0
37591,3410878.0
37592,7592272.0
37593,6313221.0
37594,5595267.0
37595,4780607.0
37596,1270499.0
37597,3410878.0
37598,7217634.0
37599,2267425.0
37600,2383840.0
37601,6923131.0
37602,2525375.0
37603,3351383.0
37604,3939804.0
37605,2021934.0
37606,4015749.0
37607,6363241.0
37608,8213524.0
37609,1999097.0
37610,6836483.0
37611,3347767.0
37612,4491607.0
37613,1149870.0
37614,1619683.0
37615,3258837.0
37616,4136425.0
37617,2740687.0
37618,1999097.0
37619,2954086.0
37620,2525375.0
37621,2156098.0
37622,1756069.0
37623,1270499.0
37624,7495092.0
37625,1756069.0
37626,3939804.0
37627,2018785.0
37628,4316715.0
37629,2993069.0
37630,5017319.0
37631,4052733.0
37632,3982767.0
37633,3939804.0
37634,2551252.0
37635,4015749.0
37636,2544857.0
37637,3939804.0
37638,2544857.0
37639,1149870.0
37640,3752885.0
37641,3982767.0
37642,1270499.0
37643,3982767.0
37644,3426169.0
37645,5595267.0
37646,4590423.0
37647,5444227.0
37648,2267425.0
37649,2544857.0
37650,4491607.0
37651,3199619.0
37652,3248660.0
37653,3004429.0
37654,1999097.0
37655,3410878.0
37656,4219263.0
37657,2344689.0
37658,4590423.0
37659,6412623.0
37660,2097022.0
37661,3982767.0
37662,1999097.0
37663,4136425.0
37664,2551252.0
37665,6836483.0
37666,2525375.0
37667,3258837.0
37668,4015749.0
37669,3410878.0
37670,6313221.0
37671,4952255.0
37672,4888774.0
37673,2732645.0
37674,1999097.0
37675,3347767.0
37676,2018785.0
37677,1270499.0
37678,1904842.0
37679,6313221.0
37680,2738052.0
37681,3347767.0
37682,3028267.0
37683,1847826.0
37684,1999097.0
37685,6941173.0
37686,2675511.0
37687,2344689.0
37688,8213524.0
37689,3004429.0
37690,2544857.0
37691,3410878.0
37692,4758476.0
37693,3982767.0
37694,3426169.0
37695,3410878.0
37696,1270499.0
37697,4067566.0
37698,6313221.0
37699,1999097.0
37700,1999097.0
37701,2058644.0
37702,3351383.0
37703,2018785.0
37704,5595267.0
37705,7592272.0
37706,6412623.0
37707,3956086.0
37708,2018785.0
37709,8213524.0
37710,2525375.0
37711,2675511.0
37712,2525375.0
37713,1756069.0
37714,2267425.0
37715,5595267.0
37716,3351383.0
37717,4882985.0
37718,4052733.0
37719,3410878.0
37720,1756069.0
37721,2021934.0
37722,6836483.0
37723,1619683.0
37724,4705945.0
37725,2344689.0
37726,4705945.0
37727,4705945.0
37728,1999097.0
37729,3258837.0
37730,4250758.0
37731,2267425.0
37732,3426169.0
37733,5595267.0
37734,2021934.0
37735,1763231.0
37736,2792031.0
37737,5595267.0
37738,3447890.0
37739,3376145.0
37740,2390534.0
37741,1756069.0
37742,4705945.0
37743,3778621.0
37744,5653753.0
37745,2371202.0
37746,4590423.0
37747,7495092.0
37748,4250553.0
37749,4467728.0
37750,3810007.0
37751,1756069.0
37752,1756069.0
37753,9652350.0
37754,4350573.0
37755,1619683.0
37756,2097022.0
37757,3778621.0
37758,3199619.0
37759,1847826.0
37760,4554237.0
37761,2732645.0
37762,3836721.0
37763,2156098.0
37764,3752885.0
37765,5435276.0
37766,3347767.0
37767,2999068.0
37768,2021934.0
37769,5166635.0
37770,2055379.0
37771,2018785.0
37772,3778621.0
37773,1882131.0
37774,4015749.0
37775,2675511.0
37776,4952255.0
37777,2021934.0
37778,3447890.0
37779,3347767.0
37780,1149870.0
37781,9652350.0
37782,3410878.0
37783,2018785.0
37784,3939804.0
37785,2344689.0
37786,2058644.0
37787,3258837.0
37788,2055379.0
37789,6836483.0
37790,6923131.0
37791,1149870.0
37792,6694797.0
37793,2156098.0
37794,6313221.0
37795,1756069.0
37796,4467728.0
37797,2055379.0
37798,5525735.0
37799,3410878.0
37800,4952255.0
37801,1149870.0
37802,2364478.0
37803,2390534.0
37804,2390534.0
37805,1999097.0
37806,4052733.0
37807,2344689.0
37808,4554237.0
37809,1619683.0
37810,2058644.0
37811,3447890.0
37812,3347767.0
37813,5595267.0
37814,4554237.0
37815,2544857.0
37816,2156098.0
37817,1763231.0
37818,1149870.0
37819,2792031.0
37820,2732645.0
37821,7592272.0
37822,2390534.0
37823,1619683.0
37824,3004429.0
37825,1999097.0
37826,4467728.0
37827,3939804.0
37828,1999097.0
37829,7495092.0
37830,3752885.0
37831,4250553.0
37832,1270499.0
37833,2058644.0
37834,1619683.0
37835,3939804.0
37836,3273041.0
37837,3004429.0
37838,1999097.0
37839,6412623.0
37840,1847826.0
37841,3778621.0
37842,3248660.0
37843,6412623.0
37844,3939804.0
37845,4316715.0
37846,1882131.0
37847,1756069.0
37848,2267425.0
37849,3376145.0
37850,3261924.0
37851,4052733.0
37852,5595267.0
37853,1847826.0
37854,3982767.0
37855,1149870.0
37856,3426169.0
37857,2058644.0
37858,6412623.0
37859,1999097.0
37860,3410878.0
37861,2544857.0
37862,8213524.0
37863,3351383.0
37864,3600467.0
37865,3248660.0
37866,2058644.0
37867,1619683.0
37868,1904842.0
37869,3410878.0
37870,7495092.0
37871,4250553.0
37872,1619683.0
37873,4888774.0
37874,2058644.0
37875,2954086.0
37876,2525375.0
37877,3600467.0
37878,4590423.0
37879,3600467.0
37880,3447890.0
37881,3347767.0
37882,2732645.0
37883,4780607.0
37884,6363241.0
37885,1756069.0
37886,3410878.0
37887,3939804.0
37888,4052733.0
37889,2675511.0
37890,1270499.0
37891,5595267.0
37892,4590423.0
37893,5525735.0
37894,5525735.0
37895,3956086.0
37896,2675511.0
37897,3447890.0
37898,2344689.0
37899,1619683.0
37900,1904842.0
37901,2675511.0
37902,8213524.0
37903,1149870.0
37904,16549064.0
37905,3273041.0
37906,4052733.0
37907,1619683.0
37908,3347767.0
37909,2738052.0
37910,2058644.0
37911,6412623.0
37912,4882985.0
37913,6694797.0
37914,2551252.0
37915,1999097.0
37916,2544857.0
37917,3410878.0
37918,3248660.0
37919,5500818.0
37920,1270499.0
37921,4067566.0
37922,6782425.0
37923,4888774.0
37924,6941173.0
37925,3871344.0
37926,3727364.0
37927,3752885.0
37928,3982767.0
37929,3248660.0
37930,6941173.0
37931,6941173.0
37932,2058644.0
37933,3780019.0
37934,5525735.0
37935,1882131.0
37936,3600467.0
37937,4467728.0
37938,3600467.0
37939,2344689.0
37940,4316715.0
37941,2732645.0
37942,3347767.0
37943,8213524.0
37944,4780607.0
37945,2021934.0
37946,3447890.0
37947,1999097.0
37948,3351383.0
37949,3004429.0
37950,1763231.0
37951,2021934.0
37952,8213524.0
37953,1847826.0
37954,4219263.0
37955,2544857.0
37956,2344689.0
37957,6941173.0
37958,3248660.0
37959,1756069.0
37960,5500818.0
37961,4952255.0
37962,1882131.0
37963,1270499.0
37964,4250553.0
37965,4052733.0
37966,2021934.0
37967,4952255.0
37968,3982767.0
37969,2993069.0
37970,1734634.0
37971,4467728.0
37972,4015749.0
37973,7592272.0
37974,2097022.0
37975,3273041.0
37976,6694797.0
37977,4705945.0
37978,3447890.0
37979,1999097.0
37980,3004429.0
37981,5595267.0
37982,2021934.0
37983,1619683.0
37984,5787594.0
37985,4067566.0
37986,1999097.0
37987,2058644.0
37988,1847826.0
37989,3351383.0
37990,4780607.0
37991,3600467.0
37992,5337526.0
37993,2058644.0
37994,1847826.0
37995,3410878.0
37996,5595267.0
37997,2999068.0
37998,6363241.0
37999,2993069.0
38000,3727364.0
38001,3347767.0
38002,2021934.0
38003,4052733.0
38004,5444227.0
38005,2525375.0
38006,3903884.0
38007,7495092.0
38008,1734634.0
38009,2344689.0
38010,2021934.0
38011,4100886.0
38012,3008199.0
38013,6694797.0
38014,3028267.0
38015,3028267.0
38016,6694797.0
38017,3818055.0
38018,2738052.0
38019,9262754.0
38020,3956086.0
38021,4316715.0
38022,4264176.0
38023,2344689.0
38024,2021934.0
38025,3956086.0
38026,4250553.0
38027,1149870.0
38028,3982767.0
38029,1619683.0
38030,3982767.0
38031,2055379.0
38032,7592272.0
38033,2344689.0
38034,2055379.0
38035,2021934.0
38036,2058644.0
38037,1756069.0
38038,1734634.0
38039,3600467.0
38040,3600467.0
38041,1270499.0
38042,8904084.0
38043,2675511.0
38044,1756069.0
38045,2025297.0
38046,2544857.0
38047,3982767.0
38048,5017319.0
38049,2371202.0
38050,5595267.0
38051,9262754.0
38052,1882131.0
38053,3784230.0
38054,4015749.0
38055,2021934.0
38056,8213524.0
38057,3982767.0
38058,6412623.0
38059,3447890.0
38060,4136425.0
38061,3982767.0
38062,1270499.0
38063,2097022.0
38064,2525375.0
38065,6412623.0
38066,2738052.0
38067,3745135.0
38068,2792031.0
38069,2018785.0
38070,3780019.0
38071,5444227.0
38072,7592272.0
38073,5525735.0
38074,3347767.0
38075,3351383.0
38076,8213524.0
38077,1847826.0
38078,6694797.0
38079,3447890.0
38080,1619683.0
38081,1149870.0
38082,1270499.0
38083,1619683.0
38084,3807496.0
38085,3351383.0
38086,3982767.0
38087,3600467.0
38088,3199619.0
38089,3004429.0
38090,2732645.0
38091,1847826.0
38092,3452382.0
38093,4350573.0
38094,3447890.0
38095,4705945.0
38096,4882985.0
38097,3273041.0
38098,2021934.0
38099,2344689.0
38100,3273041.0
38101,1904842.0
38102,3956086.0
38103,6836483.0
38104,1999097.0
38105,3004429.0
38106,2344689.0
38107,4554237.0
38108,1149870.0
38109,3903884.0
38110,2097022.0
38111,2267425.0
38112,1756069.0
38113,3982767.0
38114,2344689.0
38115,4780607.0
38116,4467728.0
38117,3752885.0
38118,3982767.0
38119,6363241.0
38120,1999097.0
38121,6836483.0
38122,1882131.0
38123,1847826.0
38124,7592272.0
38125,5906596.0
38126,3273041.0
38127,3447890.0
38128,6313221.0
38129,2097022.0
38130,4429512.0
38131,1619683.0
38132,2083447.0
38133,3410878.0
38134,3410878.0
38135,6313221.0
38136,3351383.0
38137,7865428.0
38138,1999097.0
38139,1149870.0
38140,5653753.0
38141,1882131.0
38142,4952255.0
38143,7592272.0
38144,2021934.0
38145,4491607.0
38146,3004429.0
38147,7201784.0
38148,1270499.0
38149,4316715.0
38150,7217634.0
38151,3600467.0
38152,3939804.0
38153,3028267.0
38154,3982767.0
38155,1882131.0
38156,3600467.0
38157,2792031.0
38158,3004429.0
38159,3261924.0
38160,4316715.0
38161,4491607.0
38162,4264176.0
38163,4350573.0
38164,2018785.0
38165,3347767.0
38166,3426169.0
38167,1149870.0
38168,3447890.0
38169,3004429.0
38170,1149870.0
38171,3871344.0
38172,2371202.0
38173,2344689.0
38174,3807496.0
38175,3818055.0
38176,3004429.0
38177,5500818.0
38178,3028267.0
38179,3778621.0
38180,4491607.0
38181,3028267.0
38182,3410878.0
38183,3727364.0
38184,3004429.0
38185,1619683.0
38186,4100886.0
38187,4952255.0
38188,6836483.0
38189,1882131.0
38190,4286645.0
38191,5595267.0
38192,6836483.0
38193,1999097.0
38194,3164972.0
38195,6923131.0
38196,2954086.0
38197,4882985.0
38198,1756069.0
38199,4554237.0
38200,1756069.0
38201,2344689.0
38202,2344689.0
38203,2390534.0
38204,4491607.0
38205,2344689.0
38206,2021934.0
38207,4590423.0
38208,2544857.0
38209,2267425.0
38210,6412623.0
38211,1763231.0
38212,2390534.0
38213,6363241.0
38214,2021934.0
38215,2732645.0
38216,3745135.0
38217,3410878.0
38218,3778621.0
38219,2390534.0
38220,4250553.0
38221,3727364.0
38222,2551252.0
38223,3600467.0
38224,3939804.0
38225,3351383.0
38226,2954086.0
38227,1756069.0
38228,1999097.0
38229,2058644.0
38230,5525735.0
38231,3600467.0
38232,8213524.0
38233,4316715.0
38234,3982767.0
38235,3410878.0
38236,1904842.0
38237,4590423.0
38238,2675511.0
38239,1763231.0
38240,8213524.0
38241,4554237.0
38242,4554237.0
38243,5595267.0
38244,3410878.0
38245,2390534.0
38246,3004429.0
38247,5966193.0
38248,3810007.0
38249,5337526.0
38250,1149870.0
38251,1882131.0
38252,1756069.0
38253,2058644.0
38254,2097022.0
38255,1756069.0
38256,5595267.0
38257,2344689.0
38258,3447890.0
38259,7201784.0
38260,4052733.0
38261,4067566.0
38262,5595267.0
38263,1270499.0
38264,4467728.0
38265,1270499.0
38266,3028267.0
38267,1149870.0
38268,2344689.0
38269,1619683.0
38270,6782425.0
38271,2055379.0
38272,3727364.0
38273,3028267.0
38274,5500818.0
38275,4952255.0
38276,5787594.0
38277,2018785.0
38278,3004429.0
38279,2344689.0
38280,4250553.0
38281,5906596.0
38282,2390534.0
38283,3199619.0
38284,4067566.0
38285,1619683.0
38286,5435276.0
38287,4316715.0
38288,2390534.0
38289,7865428.0
38290,3410878.0
38291,7592272.0
38292,6923131.0
38293,4052733.0
38294,1904842.0
38295,3807496.0
38296,1999097.0
38297,4067566.0
38298,3199619.0
38299,1756069.0
38300,2058644.0
38301,3745135.0
38302,3939804.0
38303,3810007.0
38304,3008199.0
38305,2021934.0
38306,2021934.0
38307,3410878.0
38308,3447890.0
38309,2018785.0
38310,2344689.0
38311,7217634.0
38312,2390534.0
38313,3752885.0
38314,4467728.0
38315,6412623.0
38316,3410878.0
38317,3939804.0
38318,6694797.0
38319,3008199.0
38320,3347767.0
38321,4467728.0
38322,2021934.0
38323,1149870.0
38324,2371202.0
38325,3752885.0
38326,7201784.0
38327,2267425.0
38328,7495092.0
38329,1999097.0
38330,3780019.0
38331,2097022.0
38332,2097022.0
38333,9262754.0
38334,2738052.0
38335,2364478.0
38336,1270499.0
38337,2675511.0
38338,2018785.0
38339,7592272.0
38340,2551252.0
38341,3218918.0
38342,1763231.0
38343,2021934.0
38344,5525735.0
38345,4052733.0
38346,2097022.0
38347,7865428.0
38348,2675511.0
38349,3410878.0
38350,1999097.0
38351,1149870.0
38352,1149870.0
38353,1882131.0
38354,1847826.0
38355,3004429.0
38356,1619683.0
38357,3982767.0
38358,3778621.0
38359,4952255.0
38360,3351383.0
38361,7495092.0
38362,3426169.0
38363,2675511.0
38364,2344689.0
38365,1149870.0
38366,2344689.0
38367,3199619.0
38368,3028267.0
38369,1882131.0
38370,9262754.0
38371,8904084.0
38372,2097022.0
38373,3028267.0
38374,1999097.0
38375,1270499.0
38376,2058644.0
38377,2097022.0
38378,4052733.0
38379,2544857.0
38380,5525735.0
38381,2371202.0
38382,7592272.0
38383,5906596.0
38384,2344689.0
38385,3004429.0
38386,7592272.0
38387,3452382.0
38388,6923131.0
38389,2058644.0
38390,4219263.0
38391,3028267.0
38392,3807496.0
38393,2055379.0
38394,3778621.0
38395,3836721.0
38396,6363241.0
38397,3351383.0
38398,4155435.0
38399,1756069.0
38400,8213524.0
38401,3028267.0
38402,4250553.0
38403,3727364.0
38404,1847826.0
38405,8904084.0
38406,2021934.0
38407,2021934.0
38408,4491607.0
38409,3248660.0
38410,3447890.0
38411,3778621.0
38412,3778621.0
38413,4491607.0
38414,2732645.0
38415,5286212.0
38416,4155435.0
38417,13575224.0
38418,3752885.0
38419,8213524.0
38420,3956086.0
38421,6923131.0
38422,1756069.0
38423,1619683.0
38424,5337526.0
38425,1904842.0
38426,3745135.0
38427,1619683.0
38428,3351383.0
38429,1619683.0
38430,3258837.0
38431,4952255.0
38432,4316715.0
38433,3939804.0
38434,2097022.0
38435,4015749.0
38436,2058644.0
38437,4250553.0
38438,6836483.0
38439,3351383.0
38440,4705945.0
38441,3028267.0
38442,5017319.0
38443,2021934.0
38444,1270499.0
38445,2058644.0
38446,2021934.0
38447,2018785.0
38448,1619683.0
38449,2364478.0
38450,3410878.0
38451,3447890.0
38452,4067566.0
38453,1270499.0
38454,3028267.0
38455,2525375.0
38456,2021934.0
38457,3780019.0
38458,3028267.0
38459,2058644.0
38460,4705945.0
38461,5435276.0
38462,5166635.0
38463,3778621.0
38464,2344689.0
38465,8904084.0
38466,2344689.0
38467,4467728.0
38468,1999097.0
38469,1734634.0
38470,6923131.0
38471,2525375.0
38472,3447890.0
38473,2993069.0
38474,3982767.0
38475,4052733.0
38476,4491607.0
38477,1149870.0
38478,1882131.0
38479,3818055.0
38480,1847826.0
38481,4491607.0
38482,2344689.0
38483,6941173.0
38484,3939804.0
38485,3028267.0
38486,3410878.0
38487,2993069.0
38488,1763231.0
38489,3351383.0
38490,3810007.0
38491,3982767.0
38492,2544857.0
38493,5595267.0
38494,3600467.0
38495,4100886.0
38496,1847826.0
38497,2058644.0
38498,1619683.0
38499,3410878.0
38500,1270499.0
38501,3727364.0
38502,6313221.0
38503,6941173.0
38504,4491607.0
38505,3410878.0
38506,3351383.0
38507,2344689.0
38508,2058644.0
38509,5444227.0
38510,4067566.0
38511,1756069.0
38512,4952255.0
38513,1847826.0
38514,8213524.0
38515,4155435.0
38516,1999097.0
38517,3956086.0
38518,3028267.0
38519,2058644.0
38520,1999097.0
38521,1999097.0
38522,7217634.0
38523,3982767.0
38524,3164972.0
38525,2390534.0
38526,2267425.0
38527,2390534.0
38528,1619683.0
38529,3752885.0
38530,1763231.0
38531,2792031.0
38532,2675511.0
38533,6836483.0
38534,2021934.0
38535,2344689.0
38536,3426169.0
38537,2364478.0
38538,4066618.0
38539,6782425.0
38540,2344689.0
38541,1847826.0
38542,3447890.0
38543,2018785.0
38544,3028267.0
38545,5595267.0
38546,3956086.0
38547,2390534.0
38548,1756069.0
38549,3273041.0
38550,3004429.0
38551,4491607.0
38552,7592272.0
38553,2344689.0
38554,2344689.0
38555,1882131.0
38556,2383840.0
38557,3753720.0
38558,1756069.0
38559,2055379.0
38560,4705945.0
38561,8894598.0
38562,4100886.0
38563,3410878.0
38564,2058644.0
38565,2544857.0
38566,3745135.0
38567,2021934.0
38568,3426169.0
38569,2732645.0
38570,2344689.0
38571,2344689.0
38572,4491607.0
38573,2371202.0
38574,2993069.0
38575,4316715.0
38576,3600467.0
38577,4100886.0
38578,7217634.0
38579,3727364.0
38580,1270499.0
38581,5595267.0
38582,4219263.0
38583,2390534.0
38584,2344689.0
38585,2544857.0
38586,1999097.0
38587,6313221.0
38588,3028267.0
38589,4067566.0
38590,1149870.0
38591,2058644.0
38592,2999068.0
38593,1756069.0
38594,3600467.0
38595,4264176.0
38596,1999097.0
38597,3410878.0
38598,1882131.0
38599,2390534.0
38600,6694797.0
38601,3447890.0
38602,3600467.0
38603,4467728.0
38604,1999097.0
38605,2390534.0
38606,4590423.0
38607,4052733.0
38608,6836483.0
38609,3347767.0
38610,7865428.0
38611,3570392.0
38612,3273041.0
38613,3447890.0
38614,3347767.0
38615,4015749.0
38616,2055379.0
38617,1847826.0
38618,3982767.0
38619,5435276.0
38620,9652350.0
38621,3982767.0
38622,1999097.0
38623,3727364.0
38624,2371202.0
38625,3261924.0
38626,4491607.0
38627,3004429.0
38628,2999068.0
38629,2390534.0
38630,5017319.0
38631,2021934.0
38632,4590423.0
38633,3028267.0
38634,4052733.0
38635,2544857.0
38636,3347767.0
38637,5161370.0
38638,3939804.0
38639,8213524.0
38640,4888774.0
38641,4467728.0
38642,2344689.0
38643,3410878.0
38644,5461700.0
38645,4264176.0
38646,1756069.0
38647,4015749.0
38648,1756069.0
38649,1270499.0
38650,2055379.0
38651,5787594.0
38652,5017319.0
38653,3410878.0
38654,1734634.0
38655,5595267.0
38656,3753720.0
38657,3982767.0
38658,7592272.0
38659,2525375.0
38660,3261924.0
38661,4807746.0
38662,7592272.0
38663,1904842.0
38664,2738052.0
38665,3752885.0
38666,4554237.0
38667,1904842.0
38668,2058644.0
38669,3410878.0
38670,1270499.0
38671,2390534.0
38672,1756069.0
38673,8213524.0
38674,3752885.0
38675,3745135.0
38676,2055379.0
38677,6923131.0
38678,2993069.0
38679,1149870.0
38680,1904842.0
38681,4066618.0
38682,2267425.0
38683,2018785.0
38684,3727364.0
38685,2675511.0
38686,4264176.0
38687,3745135.0
38688,3600467.0
38689,1904842.0
38690,4015749.0
38691,3956086.0
38692,3347767.0
38693,3004429.0
38694,8213524.0
38695,2344689.0
38696,1999097.0
38697,2390534.0
38698,6313221.0
38699,4491607.0
38700,3004429.0
38701,8213524.0
38702,2344689.0
38703,4590423.0
38704,5500818.0
38705,4100886.0
38706,4467728.0
38707,1270499.0
38708,2390534.0
38709,3745135.0
38710,7592272.0
38711,4316715.0
38712,3600467.0
38713,2740687.0
38714,3028267.0
38715,1904842.0
38716,2732645.0
38717,3347767.0
38718,2058644.0
38719,3982767.0
38720,2525375.0
38721,2267425.0
38722,3410878.0
38723,3956086.0
38724,3376145.0
38725,2058644.0
38726,3939804.0
38727,4554237.0
38728,7592272.0
38729,3004429.0
38730,4316715.0
38731,3727364.0
38732,2058644.0
38733,7592272.0
38734,6923131.0
38735,4219263.0
38736,6836483.0
38737,6941173.0
38738,1734634.0
38739,2344689.0
38740,3347767.0
38741,3164972.0
38742,3956086.0
38743,2792031.0
38744,1999097.0
38745,4952255.0
38746,4705945.0
38747,3004429.0
38748,6412623.0
38749,4467728.0
38750,3752885.0
38751,2058644.0
38752,3028267.0
38753,2344689.0
38754,2021934.0
38755,4250553.0
38756,5906596.0
38757,2021934.0
38758,1619683.0
38759,4155435.0
38760,2058644.0
38761,3347767.0
38762,3410878.0
38763,1756069.0
38764,3982767.0
38765,3347767.0
38766,7201784.0
38767,6694797.0
38768,3836721.0
38769,3376145.0
38770,2738052.0
38771,2525375.0
38772,3347767.0
38773,3351383.0
38774,8213524.0
38775,5017319.0
38776,5166635.0
38777,4491607.0
38778,3982767.0
38779,1270499.0
38780,3753720.0
38781,2371202.0
38782,3745135.0
38783,2097022.0
38784,4316715.0
38785,3745135.0
38786,3426169.0
38787,4467728.0
38788,4263629.0
38789,4467728.0
38790,6313221.0
38791,3956086.0
38792,7201784.0
38793,1904842.0
38794,2097022.0
38795,4780607.0
38796,5161370.0
38797,8213524.0
38798,6313221.0
38799,2097022.0
38800,4316715.0
38801,2344689.0
38802,3956086.0
38803,1619683.0
38804,2675511.0
38805,4316715.0
38806,8630682.0
38807,1619683.0
38808,3351383.0
38809,2390534.0
38810,8213524.0
38811,1756069.0
38812,1619683.0
38813,3982767.0
38814,1999097.0
38815,5435276.0
38816,3028267.0
38817,4882985.0
38818,9262754.0
38819,2344689.0
38820,2792031.0
38821,5525735.0
38822,4350573.0
38823,3745135.0
38824,2738052.0
38825,4888774.0
38826,4590423.0
38827,6694797.0
38828,3347767.0
38829,3351383.0
38830,2383840.0
38831,2344689.0
38832,3004429.0
38833,1999097.0
38834,1882131.0
38835,1999097.0
38836,1756069.0
38837,6782425.0
38838,2738052.0
38839,2021934.0
38840,2055379.0
38841,2383840.0
38842,5166635.0
38843,2021934.0
38844,3727364.0
38845,6363241.0
38846,4590423.0
38847,4491607.0
38848,8213524.0
38849,3752885.0
38850,8213524.0
38851,6836483.0
38852,4250553.0
38853,3445076.0
38854,4952255.0
38855,1619683.0
38856,4554237.0
38857,2525375.0
38858,3028267.0
38859,2021934.0
38860,2344689.0
38861,3600467.0
38862,2267425.0
38863,3273041.0
38864,3351383.0
38865,3410878.0
38866,3410878.0
38867,4250553.0
38868,3261924.0
38869,2551252.0
38870,4100886.0
38871,1999097.0
38872,3347767.0
38873,3004429.0
38874,2344689.0
38875,2018785.0
38876,4250553.0
38877,7592272.0
38878,2344689.0
38879,2344689.0
38880,3004429.0
38881,3410878.0
38882,2390534.0
38883,2018785.0
38884,2344689.0
38885,2390534.0
38886,1270499.0
38887,2371202.0
38888,1999097.0
38889,6313221.0
38890,2993069.0
38891,2083447.0
38892,3410878.0
38893,6941173.0
38894,1619683.0
38895,2025297.0
38896,1999097.0
38897,3727364.0
38898,1756069.0
38899,2097022.0
38900,5500818.0
38901,3982767.0
38902,6923131.0
38903,1149870.0
38904,6782425.0
38905,3351383.0
38906,1847826.0
38907,5444227.0
38908,2371202.0
38909,5595267.0
38910,2018785.0
38911,6782425.0
38912,6313221.0
38913,1756069.0
38914,1847826.0
38915,3982767.0
38916,3982767.0
38917,2732645.0
38918,3745135.0
38919,2371202.0
38920,3347767.0
38921,6363241.0
38922,2390534.0
38923,9652350.0
38924,5595267.0
38925,2390534.0
38926,4250553.0
38927,3351383.0
38928,2344689.0
38929,2097022.0
38930,6941173.0
38931,7592272.0
38932,2156098.0
38933,6941173.0
38934,1270499.0
38935,3447890.0
38936,2097022.0
38937,2021934.0
38938,6923131.0
38939,2021934.0
38940,2058644.0
38941,5595267.0
38942,1756069.0
38943,2551252.0
38944,1999097.0
38945,7495092.0
38946,4467728.0
38947,2390534.0
38948,2058644.0
38949,3600467.0
38950,2018785.0
38951,2993069.0
38952,1999097.0
38953,3351383.0
38954,2371202.0
38955,2344689.0
38956,8213524.0
38957,4250553.0
38958,2267425.0
38959,1999097.0
38960,6941173.0
38961,2738052.0
38962,2738052.0
38963,1149870.0
38964,4350573.0
38965,7217634.0
38966,6923131.0
38967,1756069.0
38968,2993069.0
38969,4052733.0
38970,2267425.0
38971,6313221.0
38972,5653753.0
38973,4066618.0
38974,4316715.0
38975,3982767.0
38976,6313221.0
38977,3982767.0
38978,3445076.0
38979,9262754.0
38980,3956086.0
38981,1149870.0
38982,4705945.0
38983,3410878.0
38984,3347767.0
38985,2097022.0
38986,6923131.0
38987,1882131.0
38988,5595267.0
38989,5435276.0
38990,4780607.0
38991,1999097.0
38992,1619683.0
38993,2993069.0
38994,8213524.0
38995,2058644.0
38996,4467728.0
38997,4780607.0
38998,1756069.0
38999,3351383.0
39000,2058644.0
39001,4136425.0
39002,2544857.0
39003,2267425.0
39004,8213524.0
39005,5525735.0
39006,3982767.0
39007,3351383.0
39008,3745135.0
39009,6923131.0
39010,5500818.0
39011,1619683.0
39012,3004429.0
39013,7592272.0
39014,1619683.0
39015,4467728.0
39016,7592272.0
39017,3004429.0
39018,5595267.0
39019,3447890.0
39020,1149870.0
39021,3258837.0
39022,5337526.0
39023,6363241.0
39024,4100886.0
39025,4219263.0
39026,6941173.0
39027,3956086.0
39028,4467728.0
39029,3351383.0
39030,3004429.0
39031,4467728.0
39032,2344689.0
39033,2021934.0
39034,2371202.0
39035,2021934.0
39036,8213524.0
39037,4952255.0
39038,4155435.0
39039,1882131.0
39040,6941173.0
39041,4100886.0
39042,1270499.0
39043,6836483.0
39044,4250758.0
39045,8894598.0
39046,3600467.0
39047,8213524.0
39048,1734634.0
39049,3347767.0
39050,3727364.0
39051,7865428.0
39052,5525735.0
39053,2544857.0
39054,1999097.0
39055,2021934.0
39056,1149870.0
39057,5500818.0
39058,4780607.0
39059,1999097.0
39060,1149870.0
39061,4350573.0
39062,5500818.0
39063,2390534.0
39064,1270499.0
39065,3004429.0
39066,2058644.0
39067,4015749.0
39068,3351383.0
39069,3347767.0
39070,2390534.0
39071,1999097.0
39072,4015749.0
39073,4491607.0
39074,3752885.0
39075,1847826.0
39076,2344689.0
39077,2055379.0
39078,1619683.0
39079,2675511.0
39080,5161370.0
39081,4590423.0
39082,3939804.0
39083,2390534.0
39084,1847826.0
39085,5500818.0
39086,5461700.0
39087,8213524.0
39088,6923131.0
39089,2999068.0
39090,4467728.0
39091,3836721.0
39092,3818055.0
39093,3199619.0
39094,3351383.0
39095,9262754.0
39096,2058644.0
39097,1756069.0
39098,4554237.0
39099,3600467.0
39100,2267425.0
39101,3982767.0
39102,1734634.0
39103,8213524.0
39104,8904084.0
39105,4350573.0
39106,2097022.0
39107,3753720.0
39108,3745135.0
39109,6941173.0
39110,3004429.0
39111,2018785.0
39112,8213524.0
39113,4491607.0
39114,5444227.0
39115,4467728.0
39116,3410878.0
39117,1999097.0
39118,4015749.0
39119,1999097.0
39120,2993069.0
39121,4316715.0
39122,1999097.0
39123,3410878.0
39124,2055379.0
39125,6694797.0
39126,1619683.0
39127,2097022.0
39128,2364478.0
39129,4250553.0
39130,3982767.0
39131,2021934.0
39132,4066618.0
39133,4250553.0
39134,1149870.0
39135,2097022.0
39136,2097022.0
39137,3218918.0
39138,3218918.0
39139,3447890.0
39140,3600467.0
39141,4250553.0
39142,2344689.0
39143,3752885.0
39144,3956086.0
39145,2344689.0
39146,4554237.0
39147,2018785.0
39148,3410878.0
39149,1734634.0
39150,2993069.0
39151,2021934.0
39152,2058644.0
39153,1763231.0
39154,5017319.0
39155,2993069.0
39156,2156098.0
39157,7201784.0
39158,2344689.0
39159,1149870.0
39160,1882131.0
39161,4100886.0
39162,3351383.0
39163,2390534.0
39164,3351383.0
39165,7592272.0
39166,3600467.0
39167,2267425.0
39168,2018785.0
39169,2675511.0
39170,4350573.0
39171,6941173.0
39172,2055379.0
39173,3351383.0
39174,3745135.0
39175,8904084.0
39176,1734634.0
39177,3004429.0
39178,3780019.0
39179,3028267.0
39180,3745135.0
39181,3004429.0
39182,1882131.0
39183,3248660.0
39184,2792031.0
39185,1904842.0
39186,1270499.0
39187,3447890.0
39188,5595267.0
39189,2390534.0
39190,3008199.0
39191,4888774.0
39192,3004429.0
39193,2097022.0
39194,3745135.0
39195,1270499.0
39196,2954086.0
39197,8904084.0
39198,5461700.0
39199,2156098.0
39200,2390534.0
39201,2993069.0
39202,5161370.0
39203,1999097.0
39204,5595267.0
39205,1270499.0
39206,3004429.0
39207,6412623.0
39208,2993069.0
39209,6836483.0
39210,2371202.0
39211,4250553.0
39212,1999097.0
39213,1756069.0
39214,3028267.0
39215,2364478.0
39216,8213524.0
39217,2021934.0
39218,1882131.0
39219,5595267.0
39220,2097022.0
39221,4780607.0
39222,2058644.0
39223,2993069.0
39224,4705945.0
39225,5525735.0
39226,2344689.0
39227,2738052.0
39228,2021934.0
39229,3982767.0
39230,5017319.0
39231,4491607.0
39232,6412623.0
39233,2058644.0
39234,1149870.0
39235,2055379.0
39236,4590423.0
39237,5966193.0
39238,2344689.0
39239,2097022.0
39240,3727364.0
39241,5525735.0
39242,1882131.0
39243,13575224.0
39244,4705945.0
39245,2267425.0
39246,5017319.0
39247,4219263.0
39248,2993069.0
39249,2525375.0
39250,3818055.0
39251,8213524.0
39252,2390534.0
39253,1149870.0
39254,5286212.0
39255,7495092.0
39256,5595267.0
39257,2025297.0
39258,3410878.0
39259,4015749.0
39260,2738052.0
39261,4250758.0
39262,2993069.0
39263,3004429.0
39264,5444227.0
39265,3903884.0
39266,2267425.0
39267,2018785.0
39268,4250758.0
39269,2371202.0
39270,2267425.0
39271,4264176.0
39272,3410878.0
39273,4952255.0
39274,5595267.0
39275,4350573.0
39276,8213524.0
39277,2544857.0
39278,2018785.0
39279,3004429.0
39280,2344689.0
39281,4467728.0
39282,4100886.0
39283,3028267.0
39284,5444227.0
39285,1999097.0
39286,3752885.0
39287,8213524.0
39288,3982767.0
39289,1999097.0
39290,3752885.0
39291,3410878.0
39292,2371202.0
39293,5595267.0
39294,3410878.0
39295,3447890.0
39296,3410878.0
39297,2371202.0
39298,1149870.0
39299,6694797.0
39300,2390534.0
39301,3410878.0
39302,2344689.0
39303,6941173.0
39304,3248660.0
39305,5906596.0
39306,3261924.0
39307,1763231.0
39308,3447890.0
39309,3600467.0
39310,7201784.0
39311,2025297.0
39312,8213524.0
39313,8213524.0
39314,2371202.0
39315,6694797.0
39316,4491607.0
39317,1270499.0
39318,8213524.0
39319,3982767.0
39320,6313221.0
39321,5595267.0
39322,6923131.0
39323,2525375.0
39324,4052733.0
39325,3727364.0
39326,2390534.0
39327,6941173.0
39328,1756069.0
39329,4250758.0
39330,4100886.0
39331,4554237.0
39332,2058644.0
39333,7495092.0
39334,2025297.0
39335,1149870.0
39336,1619683.0
39337,2058644.0
39338,3982767.0
39339,8904084.0
39340,2738052.0
39341,6313221.0
39342,2993069.0
39343,3261924.0
39344,4066618.0
39345,5595267.0
39346,2055379.0
39347,2364478.0
39348,1149870.0
39349,2097022.0
39350,1999097.0
39351,6941173.0
39352,1619683.0
39353,2021934.0
39354,5906596.0
39355,5337526.0
39356,7592272.0
39357,5017319.0
39358,5461700.0
39359,2021934.0
39360,3836721.0
39361,1904842.0
39362,3004429.0
39363,3426169.0
39364,4780607.0
39365,8213524.0
39366,4286645.0
39367,1619683.0
39368,7865428.0
39369,2344689.0
39370,1270499.0
39371,3753720.0
39372,1734634.0
39373,3410878.0
39374,6941173.0
39375,3836721.0
39376,6923131.0
39377,8630682.0
39378,2954086.0
39379,2021934.0
39380,8213524.0
39381,2021934.0
39382,5525735.0
39383,3982767.0
39384,3778621.0
39385,3426169.0
39386,2344689.0
39387,2675511.0
39388,3727364.0
39389,1882131.0
39390,2390534.0
39391,4100886.0
39392,3982767.0
39393,3004429.0
39394,5017319.0
39395,3261924.0
39396,3351383.0
39397,3410878.0
39398,1149870.0
39399,2383840.0
39400,3028267.0
39401,3600467.0
39402,2097022.0
39403,2058644.0
39404,1999097.0
39405,5906596.0
39406,2792031.0
39407,6412623.0
39408,3727364.0
39409,3258837.0
39410,2993069.0
39411,2993069.0
39412,1270499.0
39413,3982767.0
39414,5595267.0
39415,3780019.0
39416,4554237.0
39417,2055379.0
39418,1270499.0
39419,2021934.0
39420,2021934.0
39421,3445076.0
39422,4067566.0
39423,1270499.0
39424,2544857.0
39425,2055379.0
39426,5595267.0
39427,1763231.0
39428,3727364.0
39429,3351383.0
39430,3600467.0
39431,1756069.0
39432,4067566.0
39433,2021934.0
39434,7865428.0
39435,3982767.0
39436,4100886.0
39437,3836721.0
39438,3939804.0
39439,4263629.0
39440,1847826.0
39441,5166635.0
39442,4286645.0
39443,4554237.0
39444,3752885.0
39445,5595267.0
39446,2267425.0
39447,2097022.0
39448,3347767.0
39449,4491607.0
39450,2344689.0
39451,3258837.0
39452,6836483.0
39453,2021934.0
39454,8213524.0
39455,4250553.0
39456,2792031.0
39457,6363241.0
39458,2675511.0
39459,4882985.0
39460,1149870.0
39461,4052733.0
39462,3004429.0
39463,3008199.0
39464,1847826.0
39465,1756069.0
39466,9262754.0
39467,1756069.0
39468,3410878.0
39469,3780019.0
39470,1904842.0
39471,3347767.0
39472,8213524.0
39473,7865428.0
39474,4705945.0
39475,3248660.0
39476,3347767.0
39477,3982767.0
39478,4155435.0
39479,3745135.0
39480,3982767.0
39481,1270499.0
39482,1734634.0
39483,2058644.0
39484,3347767.0
39485,3347767.0
39486,3261924.0
39487,5906596.0
39488,2738052.0
39489,1619683.0
39490,4286645.0
39491,5500818.0
39492,4250758.0
39493,3939804.0
39494,2344689.0
39495,3347767.0
39496,3351383.0
39497,2021934.0
39498,1756069.0
39499,2344689.0
39500,6836483.0
39501,5525735.0
39502,2344689.0
39503,7592272.0
39504,1149870.0
39505,3347767.0
39506,4952255.0
39507,1270499.0
39508,4219263.0
39509,3600467.0
39510,2058644.0
39511,4651866.0
39512,3780019.0
39513,2371202.0
39514,4015749.0
39515,2371202.0
39516,2525375.0
39517,2675511.0
39518,4590423.0
39519,1756069.0
39520,6313221.0
39521,6694797.0
39522,3004429.0
39523,6694797.0
39524,2551252.0
39525,5435276.0
39526,3600467.0
39527,7592272.0
39528,2055379.0
39529,6313221.0
39530,3426169.0
39531,5435276.0
39532,2738052.0
39533,2525375.0
39534,2390534.0
39535,2999068.0
39536,2551252.0
39537,2954086.0
39538,2390534.0
39539,3745135.0
39540,1149870.0
39541,5017319.0
39542,3939804.0
39543,4882985.0
39544,2018785.0
39545,7495092.0
39546,1270499.0
39547,6313221.0
39548,1756069.0
39549,3028267.0
39550,5337526.0
39551,1756069.0
39552,1149870.0
39553,3727364.0
39554,6412623.0
39555,2344689.0
39556,4705945.0
39557,2525375.0
39558,3004429.0
39559,3982767.0
39560,5500818.0
39561,2390534.0
39562,2371202.0
39563,2156098.0
39564,2993069.0
39565,5595267.0
39566,2344689.0
39567,1999097.0
39568,3248660.0
39569,2344689.0
39570,3780019.0
39571,7865428.0
39572,3351383.0
39573,1619683.0
39574,5595267.0
39575,4350573.0
39576,1999097.0
39577,5595267.0
39578,2999068.0
39579,1270499.0
39580,5017319.0
39581,2021934.0
39582,3410878.0
39583,4052733.0
39584,2390534.0
39585,4219263.0
39586,2371202.0
39587,5161370.0
39588,3778621.0
39589,3410878.0
39590,1756069.0
39591,6363241.0
39592,1270499.0
39593,2058644.0
39594,5461700.0
39595,1270499.0
39596,1882131.0
39597,4316715.0
39598,4052733.0
39599,3347767.0
39600,2267425.0
39601,4807746.0
39602,3347767.0
39603,2055379.0
39604,5166635.0
39605,2738052.0
39606,5166635.0
39607,2954086.0
39608,2097022.0
39609,2344689.0
39610,5525735.0
39611,2267425.0
39612,6923131.0
39613,3028267.0
39614,3004429.0
39615,3004429.0
39616,3199619.0
39617,3347767.0
39618,1149870.0
39619,3836721.0
39620,1149870.0
39621,2267425.0
39622,3447890.0
39623,1270499.0
39624,3752885.0
39625,9262754.0
39626,4263629.0
39627,3351383.0
39628,2267425.0
39629,3028267.0
39630,2097022.0
39631,3982767.0
39632,1619683.0
39633,9652350.0
39634,3780019.0
39635,3410878.0
39636,2018785.0
39637,5444227.0
39638,4590423.0
39639,6412623.0
39640,5595267.0
39641,2055379.0
39642,1619683.0
39643,3199619.0
39644,4882985.0
39645,3218918.0
39646,2738052.0
39647,3004429.0
39648,3778621.0
39649,1847826.0
39650,2344689.0
39651,4250553.0
39652,3351383.0
39653,2390534.0
39654,2390534.0
39655,6694797.0
39656,3903884.0
39657,2018785.0
39658,7201784.0
39659,2021934.0
39660,5337526.0
39661,4066618.0
39662,2551252.0
39663,2390534.0
39664,1270499.0
39665,6941173.0
39666,2732645.0
39667,3982767.0
39668,7495092.0
39669,4067566.0
39670,1763231.0
39671,3410878.0
39672,2551252.0
39673,1999097.0
39674,1904842.0
39675,1756069.0
39676,3164972.0
39677,1619683.0
39678,3248660.0
39679,4264176.0
39680,2097022.0
39681,2544857.0
39682,1270499.0
39683,9262754.0
39684,6363241.0
39685,4286645.0
39686,1756069.0
39687,3351383.0
39688,7592272.0
39689,4052733.0
39690,5525735.0
39691,2018785.0
39692,2371202.0
39693,5435276.0
39694,2390534.0
39695,2267425.0
39696,6941173.0
39697,6941173.0
39698,1882131.0
39699,3982767.0
39700,1756069.0
39701,3248660.0
39702,4807746.0
39703,2021934.0
39704,1847826.0
39705,7201784.0
39706,5500818.0
39707,5525735.0
39708,2371202.0
39709,1270499.0
39710,4467728.0
39711,2018785.0
39712,4263629.0
39713,4554237.0
39714,3218918.0
39715,3351383.0
39716,2018785.0
39717,3410878.0
39718,2993069.0
39719,6412623.0
39720,3410878.0
39721,3982767.0
39722,1999097.0
39723,6694797.0
39724,1270499.0
39725,2267425.0
39726,3727364.0
39727,4316715.0
39728,4491607.0
39729,2390534.0
39730,3410878.0
39731,4250553.0
39732,2021934.0
39733,2097022.0
39734,5787594.0
39735,3004429.0
39736,3780019.0
39737,4015749.0
39738,3426169.0
39739,3600467.0
39740,4250553.0
39741,2058644.0
39742,4705945.0
39743,3004429.0
39744,1619683.0
39745,2058644.0
39746,1999097.0
39747,8213524.0
39748,2055379.0
39749,7217634.0
39750,2018785.0
39751,3410878.0
39752,3982767.0
39753,2055379.0
39754,4066618.0
39755,6313221.0
39756,5595267.0
39757,9262754.0
39758,2267425.0
39759,1756069.0
39760,2675511.0
39761,3778621.0
39762,2732645.0
39763,3600467.0
39764,1847826.0
39765,2383840.0
39766,5966193.0
39767,5500818.0
39768,3600467.0
39769,2058644.0
39770,2021934.0
39771,3939804.0
39772,7592272.0
39773,3903884.0
39774,2055379.0
39775,4807746.0
39776,1270499.0
39777,2675511.0
39778,1763231.0
39779,8904084.0
39780,2544857.0
39781,2055379.0
39782,3218918.0
39783,7592272.0
39784,2371202.0
39785,6363241.0
39786,4155435.0
39787,1619683.0
39788,4491607.0
39789,2097022.0
39790,3248660.0
39791,1270499.0
39792,4066618.0
39793,1882131.0
39794,5595267.0
39795,4067566.0
39796,2058644.0
39797,2097022.0
39798,7592272.0
39799,1847826.0
39800,5595267.0
39801,3410878.0
39802,3028267.0
39803,1999097.0
39804,1999097.0
39805,3939804.0
39806,3600467.0
39807,6694797.0
39808,5525735.0
39809,3410878.0
39810,3836721.0
39811,3745135.0
39812,3199619.0
39813,1149870.0
39814,3745135.0
39815,2156098.0
39816,4052733.0
39817,2267425.0
39818,1882131.0
39819,1619683.0
39820,4250758.0
39821,4491607.0
39822,3778621.0
39823,1999097.0
39824,3807496.0
39825,2025297.0
39826,4067566.0
39827,2058644.0
39828,2344689.0
39829,2525375.0
39830,2018785.0
39831,1904842.0
39832,2390534.0
39833,9262754.0
39834,4067566.0
39835,7217634.0
39836,2544857.0
39837,7217634.0
39838,6363241.0
39839,1619683.0
39840,1847826.0
39841,4052733.0
39842,4100886.0
39843,2267425.0
39844,4350573.0
39845,3248660.0
39846,6412623.0
39847,2058644.0
39848,2390534.0
39849,1756069.0
39850,3261924.0
39851,1734634.0
39852,6363241.0
39853,3745135.0
39854,4554237.0
39855,3347767.0
39856,1999097.0
39857,3447890.0
39858,1149870.0
39859,2544857.0
39860,2525375.0
39861,2371202.0
39862,8213524.0
39863,3199619.0
39864,3347767.0
39865,1149870.0
39866,4554237.0
39867,6923131.0
39868,3351383.0
39869,3903884.0
39870,2954086.0
39871,1756069.0
39872,4067566.0
39873,5337526.0
39874,2018785.0
39875,2390534.0
39876,1999097.0
39877,2525375.0
39878,2371202.0
39879,2055379.0
39880,4067566.0
39881,3410878.0
39882,1619683.0
39883,3004429.0
39884,3004429.0
39885,6923131.0
39886,4705945.0
39887,4807746.0
39888,4316715.0
39889,5525735.0
39890,1270499.0
39891,1734634.0
39892,2097022.0
39893,1619683.0
39894,3447890.0
39895,1756069.0
39896,1149870.0
39897,1270499.0
39898,3410878.0
39899,4807746.0
39900,2993069.0
39901,3982767.0
39902,4264176.0
39903,3982767.0
39904,2993069.0
39905,3004429.0
39906,7495092.0
39907,3347767.0
39908,4952255.0
39909,3347767.0
39910,3347767.0
39911,3004429.0
39912,7592272.0
39913,6412623.0
39914,4467728.0
39915,3982767.0
39916,2390534.0
39917,4316715.0
39918,3028267.0
39919,2267425.0
39920,1882131.0
39921,3351383.0
39922,2058644.0
39923,2021934.0
39924,3727364.0
39925,4067566.0
39926,4554237.0
39927,4350573.0
39928,1149870.0
39929,4250758.0
39930,3351383.0
39931,4264176.0
39932,2058644.0
39933,1149870.0
39934,5337526.0
39935,1756069.0
39936,13575224.0
39937,2025297.0
39938,2021934.0
39939,2344689.0
39940,3982767.0
39941,4554237.0
39942,2021934.0
39943,1763231.0
39944,7592272.0
39945,6313221.0
39946,2732645.0
39947,5787594.0
39948,9652350.0
39949,4015749.0
39950,7592272.0
39951,3351383.0
39952,2732645.0
39953,1270499.0
39954,2344689.0
39955,6313221.0
39956,3410878.0
39957,2551252.0
39958,3347767.0
39959,3752885.0
39960,6694797.0
39961,3347767.0
39962,7592272.0
39963,5444227.0
39964,3004429.0
39965,4952255.0
39966,2018785.0
39967,3410878.0
39968,5461700.0
39969,3410878.0
39970,3982767.0
39971,3410878.0
39972,2058644.0
39973,2055379.0
39974,1847826.0
39975,2018785.0
39976,4250553.0
39977,7592272.0
39978,1882131.0
39979,4467728.0
39980,1999097.0
39981,4467728.0
39982,7592272.0
39983,4316715.0
39984,2021934.0
39985,2544857.0
39986,3727364.0
39987,1763231.0
39988,4491607.0
39989,2738052.0
39990,3426169.0
39991,3752885.0
39992,3600467.0
39993,7201784.0
39994,4250553.0
39995,1999097.0
39996,3778621.0
39997,3903884.0
39998,1999097.0
39999,7201784.0
40000,2058644.0
40001,3956086.0
40002,1999097.0
40003,4807746.0
40004,6363241.0
40005,2390534.0
40006,1756069.0
40007,5337526.0
40008,2344689.0
40009,5017319.0
40010,5595267.0
40011,1904842.0
40012,6694797.0
40013,6941173.0
40014,2390534.0
40015,4015749.0
40016,2267425.0
40017,3347767.0
40018,3004429.0
40019,3258837.0
40020,2993069.0
40021,1756069.0
40022,3956086.0
40023,3347767.0
40024,4264176.0
40025,1756069.0
40026,2021934.0
40027,4467728.0
40028,2525375.0
40029,1847826.0
40030,4491607.0
40031,4316715.0
40032,2097022.0
40033,3752885.0
40034,3871344.0
40035,1270499.0
40036,2018785.0
40037,2021934.0
40038,3410878.0
40039,4316715.0
40040,2025297.0
40041,2344689.0
40042,2083447.0
40043,3351383.0
40044,2344689.0
40045,1619683.0
40046,3426169.0
40047,6412623.0
40048,3347767.0
40049,6923131.0
40050,7592272.0
40051,3410878.0
40052,8213524.0
40053,6941173.0
40054,2364478.0
40055,2390534.0
40056,2097022.0
40057,2544857.0
40058,2025297.0
40059,3273041.0
40060,1847826.0
40061,2390534.0
40062,2344689.0
40063,3982767.0
40064,5966193.0
40065,4136425.0
40066,3982767.0
40067,3600467.0
40068,5337526.0
40069,4219263.0
40070,4067566.0
40071,9652350.0
40072,5966193.0
40073,2792031.0
40074,7217634.0
40075,1149870.0
40076,8213524.0
40077,1904842.0
40078,2551252.0
40079,1149870.0
40080,3004429.0
40081,5595267.0
40082,3258837.0
40083,3447890.0
40084,1756069.0
40085,1763231.0
40086,3410878.0
40087,3004429.0
40088,4467728.0
40089,3818055.0
40090,1734634.0
40091,3410878.0
40092,3745135.0
40093,3410878.0
40094,2993069.0
40095,2792031.0
40096,3004429.0
40097,2383840.0
40098,8213524.0
40099,13575224.0
40100,1149870.0
40101,3347767.0
40102,3939804.0
40103,1270499.0
40104,3982767.0
40105,5595267.0
40106,6313221.0
40107,16549064.0
40108,3780019.0
40109,1270499.0
40110,1904842.0
40111,5595267.0
40112,1882131.0
40113,2097022.0
40114,1999097.0
40115,1904842.0
40116,5906596.0
40117,3600467.0
40118,3447890.0
40119,5500818.0
40120,1756069.0
40121,1904842.0
40122,6412623.0
40123,6836483.0
40124,9262754.0
40125,3447890.0
40126,8213524.0
40127,4250553.0
40128,9262754.0
40129,2364478.0
40130,2021934.0
40131,1847826.0
40132,2344689.0
40133,1904842.0
40134,3347767.0
40135,6313221.0
40136,3939804.0
40137,3982767.0
40138,3351383.0
40139,3780019.0
40140,3351383.0
40141,1756069.0
40142,4758476.0
40143,4807746.0
40144,3004429.0
40145,3258837.0
40146,3004429.0
40147,4882985.0
40148,2058644.0
40149,4491607.0
40150,3164972.0
40151,6836483.0
40152,3939804.0
40153,3939804.0
40154,2021934.0
40155,2097022.0
40156,7495092.0
40157,3752885.0
40158,7592272.0
40159,7201784.0
40160,1999097.0
40161,3410878.0
40162,4100886.0
40163,4350573.0
40164,3351383.0
40165,6412623.0
40166,4219263.0
40167,2055379.0
40168,3410878.0
40169,7592272.0
40170,6941173.0
40171,2390534.0
40172,2371202.0
40173,5500818.0
40174,5166635.0
40175,1270499.0
40176,3836721.0
40177,1882131.0
40178,4067566.0
40179,2018785.0
40180,3258837.0
40181,3410878.0
40182,3261924.0
40183,3784230.0
40184,1756069.0
40185,3199619.0
40186,2740687.0
40187,8213524.0
40188,1847826.0
40189,3410878.0
40190,1149870.0
40191,2344689.0
40192,2954086.0
40193,2344689.0
40194,4467728.0
40195,6412623.0
40196,2344689.0
40197,3248660.0
40198,4491607.0
40199,3903884.0
40200,3410878.0
40201,6412623.0
40202,2058644.0
40203,3600467.0
40204,3982767.0
40205,3426169.0
40206,3982767.0
40207,13575224.0
40208,3347767.0
40209,2344689.0
40210,2058644.0
40211,1847826.0
40212,5525735.0
40213,2344689.0
40214,2156098.0
40215,1999097.0
40216,3778621.0
40217,2738052.0
40218,3347767.0
40219,7495092.0
40220,3426169.0
40221,3956086.0
40222,3004429.0
40223,4067566.0
40224,6313221.0
40225,2544857.0
40226,4250758.0
40227,6363241.0
40228,1756069.0
40229,3261924.0
40230,1999097.0
40231,4807746.0
40232,2055379.0
40233,5525735.0
40234,7495092.0
40235,4015749.0
40236,1999097.0
40237,3982767.0
40238,5595267.0
40239,1619683.0
40240,3982767.0
40241,2344689.0
40242,2021934.0
40243,2551252.0
40244,1756069.0
40245,1270499.0
40246,3004429.0
40247,4882985.0
40248,4882985.0
40249,4263629.0
40250,4491607.0
40251,5017319.0
40252,5906596.0
40253,3347767.0
40254,1999097.0
40255,2055379.0
40256,2390534.0
40257,3410878.0
40258,5595267.0
40259,1149870.0
40260,2058644.0
40261,1270499.0
40262,1734634.0
40263,3745135.0
40264,1149870.0
40265,4052733.0
40266,3273041.0
40267,1149870.0
40268,3258837.0
40269,7865428.0
40270,4286645.0
40271,3347767.0
40272,2021934.0
40273,5595267.0
40274,5595267.0
40275,2058644.0
40276,7217634.0
40277,5787594.0
40278,3351383.0
40279,4067566.0
40280,6412623.0
40281,6941173.0
40282,2344689.0
40283,3273041.0
40284,6412623.0
40285,2675511.0
40286,2675511.0
40287,3347767.0
40288,2525375.0
40289,2371202.0
40290,9262754.0
40291,2267425.0
40292,3004429.0
40293,3218918.0
40294,3956086.0
40295,3939804.0
40296,1999097.0
40297,2344689.0
40298,2344689.0
40299,4590423.0
40300,2018785.0
40301,3351383.0
40302,2058644.0
40303,4067566.0
40304,4705945.0
40305,3410878.0
40306,7217634.0
40307,2371202.0
40308,3956086.0
40309,3410878.0
40310,1847826.0
40311,3452382.0
40312,4350573.0
40313,1619683.0
40314,1999097.0
40315,3004429.0
40316,4888774.0
40317,4067566.0
40318,1756069.0
40319,6941173.0
40320,1149870.0
40321,4250758.0
40322,5161370.0
40323,7592272.0
40324,3982767.0
40325,2383840.0
40326,1756069.0
40327,4066618.0
40328,2055379.0
40329,2551252.0
40330,6923131.0
40331,6836483.0
40332,2344689.0
40333,4467728.0
40334,4952255.0
40335,3982767.0
40336,8213524.0
40337,4350573.0
40338,1763231.0
40339,3376145.0
40340,5166635.0
40341,3347767.0
40342,3376145.0
40343,4219263.0
40344,2675511.0
40345,3903884.0
40346,4554237.0
40347,4350573.0
40348,3410878.0
40349,3753720.0
40350,2792031.0
40351,3347767.0
40352,3600467.0
40353,3261924.0
40354,7217634.0
40355,7592272.0
40356,4952255.0
40357,2525375.0
40358,4263629.0
40359,4316715.0
40360,7592272.0
40361,2097022.0
40362,1619683.0
40363,2344689.0
40364,4066618.0
40365,3351383.0
40366,1847826.0
40367,2021934.0
40368,3600467.0
40369,9262754.0
40370,1763231.0
40371,3780019.0
40372,4250553.0
40373,3600467.0
40374,3752885.0
40375,4067566.0
40376,7592272.0
40377,2083447.0
40378,4250553.0
40379,3410878.0
40380,3347767.0
40381,3351383.0
40382,4651866.0
40383,2364478.0
40384,2732645.0
40385,2018785.0
40386,2993069.0
40387,5525735.0
40388,2371202.0
40389,3600467.0
40390,1763231.0
40391,2018785.0
40392,3258837.0
40393,2097022.0
40394,4491607.0
40395,6694797.0
40396,4155435.0
40397,1999097.0
40398,7865428.0
40399,6836483.0
40400,1882131.0
40401,5444227.0
40402,3939804.0
40403,6836483.0
40404,3347767.0
40405,1882131.0
40406,2097022.0
40407,1619683.0
40408,4952497.0
40409,3004429.0
40410,4491607.0
40411,4136425.0
40412,1149870.0
40413,7865428.0
40414,4491607.0
40415,2344689.0
40416,2055379.0
40417,1270499.0
40418,4952255.0
40419,2055379.0
40420,1619683.0
40421,4100886.0
40422,3982767.0
40423,6363241.0
40424,2021934.0
40425,3347767.0
40426,8213524.0
40427,2371202.0
40428,1763231.0
40429,6412623.0
40430,1149870.0
40431,3004429.0
40432,3347767.0
40433,1756069.0
40434,3818055.0
40435,3028267.0
40436,2390534.0
40437,2344689.0
40438,3347767.0
40439,4264176.0
40440,5595267.0
40441,5435276.0
40442,1882131.0
40443,5017319.0
40444,2021934.0
40445,7592272.0
40446,4780607.0
40447,3903884.0
40448,2525375.0
40449,5500818.0
40450,3004429.0
40451,3004429.0
40452,4952255.0
40453,1149870.0
40454,1999097.0
40455,2383840.0
40456,2097022.0
40457,6412623.0
40458,3347767.0
40459,5017319.0
40460,2267425.0
40461,3600467.0
40462,5595267.0
40463,3347767.0
40464,3347767.0
40465,3351383.0
40466,2371202.0
40467,2018785.0
40468,9262754.0
40469,2055379.0
40470,4015749.0
40471,5500818.0
40472,2097022.0
40473,3426169.0
40474,2097022.0
40475,6694797.0
40476,2021934.0
40477,3258837.0
40478,1847826.0
40479,2018785.0
40480,3426169.0
40481,3258837.0
40482,4100886.0
40483,4052733.0
40484,5461700.0
40485,3600467.0
40486,2097022.0
40487,3410878.0
40488,2267425.0
40489,3351383.0
40490,2021934.0
40491,3410878.0
40492,3727364.0
40493,2055379.0
40494,3004429.0
40495,3982767.0
40496,1619683.0
40497,8213524.0
40498,2738052.0
40499,4316715.0
40500,2675511.0
40501,1270499.0
40502,2055379.0
40503,3410878.0
40504,2954086.0
40505,2267425.0
40506,2390534.0
40507,2344689.0
40508,4264176.0
40509,1149870.0
40510,4100886.0
40511,1149870.0
40512,4015749.0
40513,2021934.0
40514,2267425.0
40515,5595267.0
40516,5595267.0
40517,6941173.0
40518,1619683.0
40519,3447890.0
40520,3780019.0
40521,3347767.0
40522,2383840.0
40523,3903884.0
40524,3939804.0
40525,2390534.0
40526,7217634.0
40527,2018785.0
40528,4491607.0
40529,3780019.0
40530,1999097.0
40531,3351383.0
40532,2344689.0
40533,1999097.0
40534,3600467.0
40535,1149870.0
40536,1756069.0
40537,4052733.0
40538,6363241.0
40539,2993069.0
40540,4316715.0
40541,4467728.0
40542,5444227.0
40543,2390534.0
40544,1149870.0
40545,7592272.0
40546,2551252.0
40547,3753720.0
40548,2097022.0
40549,3939804.0
40550,1882131.0
40551,5595267.0
40552,1149870.0
40553,4467728.0
40554,2993069.0
40555,3426169.0
40556,2390534.0
40557,2344689.0
40558,4052733.0
40559,2544857.0
40560,5906596.0
40561,3727364.0
40562,3008199.0
40563,1756069.0
40564,2097022.0
40565,6313221.0
40566,3347767.0
40567,7592272.0
40568,1270499.0
40569,4100886.0
40570,6782425.0
40571,2390534.0
40572,2390534.0
40573,3600467.0
40574,4491607.0
40575,3780019.0
40576,2544857.0
40577,2551252.0
40578,2018785.0
40579,5166635.0
40580,4316715.0
40581,2675511.0
40582,3727364.0
40583,3410878.0
40584,2058644.0
40585,1756069.0
40586,3258837.0
40587,3351383.0
40588,3410878.0
40589,5595267.0
40590,5787594.0
40591,2732645.0
40592,1756069.0
40593,1763231.0
40594,3426169.0
40595,2371202.0
40596,1756069.0
40597,7592272.0
40598,5906596.0
40599,3939804.0
40600,1734634.0
40601,4350573.0
40602,4250553.0
40603,1270499.0
40604,7201784.0
40605,3836721.0
40606,1149870.0
40607,7217634.0
40608,2525375.0
40609,4263629.0
40610,5595267.0
40611,2058644.0
40612,4015749.0
40613,6782425.0
40614,2021934.0
40615,7201784.0
40616,1619683.0
40617,7592272.0
40618,2675511.0
40619,4590423.0
40620,2097022.0
40621,3956086.0
40622,2025297.0
40623,4491607.0
40624,8213524.0
40625,2525375.0
40626,2371202.0
40627,3600467.0
40628,4066618.0
40629,2097022.0
40630,2344689.0
40631,3004429.0
40632,3218918.0
40633,3351383.0
40634,3745135.0
40635,16549064.0
40636,1619683.0
40637,1756069.0
40638,2021934.0
40639,2390534.0
40640,4467728.0
40641,1756069.0
40642,6412623.0
40643,7217634.0
40644,3004429.0
40645,1756069.0
40646,8213524.0
40647,3780019.0
40648,6941173.0
40649,2097022.0
40650,3347767.0
40651,4350573.0
40652,2792031.0
40653,4250553.0
40654,2097022.0
40655,2675511.0
40656,4705945.0
40657,1847826.0
40658,4807746.0
40659,2058644.0
40660,3745135.0
40661,1763231.0
40662,6694797.0
40663,2675511.0
40664,2025297.0
40665,1882131.0
40666,4316715.0
40667,3258837.0
40668,2021934.0
40669,8213524.0
40670,2018785.0
40671,6694797.0
40672,8213524.0
40673,2525375.0
40674,4952255.0
40675,1756069.0
40676,3903884.0
40677,3982767.0
40678,2097022.0
40679,3939804.0
40680,1847826.0
40681,16549064.0
40682,1149870.0
40683,1149870.0
40684,1904842.0
40685,4888774.0
40686,1999097.0
40687,5787594.0
40688,2344689.0
40689,1149870.0
40690,2267425.0
40691,5906596.0
40692,3004429.0
40693,1149870.0
40694,6694797.0
40695,3447890.0
40696,1734634.0
40697,4219263.0
40698,4554237.0
40699,8904084.0
40700,1999097.0
40701,4491607.0
40702,3939804.0
40703,3982767.0
40704,3347767.0
40705,2525375.0
40706,3727364.0
40707,3351383.0
40708,2525375.0
40709,6363241.0
40710,5525735.0
40711,3351383.0
40712,5286212.0
40713,4554237.0
40714,1619683.0
40715,3028267.0
40716,3745135.0
40717,2738052.0
40718,2344689.0
40719,4467728.0
40720,2097022.0
40721,6923131.0
40722,1999097.0
40723,4491607.0
40724,2097022.0
40725,1756069.0
40726,2018785.0
40727,2058644.0
40728,7217634.0
40729,4888774.0
40730,2544857.0
40731,2344689.0
40732,2390534.0
40733,4491607.0
40734,1999097.0
40735,2371202.0
40736,1756069.0
40737,2390534.0
40738,7865428.0
40739,3778621.0
40740,6694797.0
40741,2738052.0
40742,5595267.0
40743,2018785.0
40744,5787594.0
40745,1149870.0
40746,3982767.0
40747,3004429.0
40748,3982767.0
40749,1763231.0
40750,1904842.0
40751,3745135.0
40752,1882131.0
40753,3351383.0
40754,1904842.0
40755,1756069.0
40756,1270499.0
40757,3780019.0
40758,2058644.0
40759,4467728.0
40760,5500818.0
40761,2097022.0
40762,3956086.0
40763,2371202.0
40764,2792031.0
40765,1149870.0
40766,4066618.0
40767,8904084.0
40768,3004429.0
40769,2097022.0
40770,2390534.0
40771,2021934.0
40772,5500818.0
40773,1756069.0
40774,7217634.0
40775,2156098.0
40776,2018785.0
40777,5166635.0
40778,2371202.0
40779,5787594.0
40780,6313221.0
40781,2525375.0
40782,1619683.0
40783,1619683.0
40784,1270499.0
40785,4015749.0
40786,2021934.0
40787,2390534.0
40788,4467728.0
40789,5500818.0
40790,2055379.0
40791,3410878.0
40792,1999097.0
40793,4467728.0
40794,4052733.0
40795,2058644.0
40796,4067566.0
40797,1149870.0
40798,4554237.0
40799,2344689.0
40800,2525375.0
40801,3376145.0
40802,1619683.0
40803,4467728.0
40804,2544857.0
40805,5444227.0
40806,2018785.0
40807,4286645.0
40808,1999097.0
40809,3351383.0
40810,2390534.0
40811,6923131.0
40812,4250553.0
40813,8904084.0
40814,1882131.0
40815,2058644.0
40816,3028267.0
40817,2732645.0
40818,2544857.0
40819,2525375.0
40820,2344689.0
40821,2675511.0
40822,2097022.0
40823,3028267.0
40824,2058644.0
40825,1756069.0
40826,3351383.0
40827,3347767.0
40828,1149870.0
40829,1149870.0
40830,2055379.0
40831,3445076.0
40832,2993069.0
40833,3600467.0
40834,1270499.0
40835,4155435.0
40836,6923131.0
40837,3004429.0
40838,1149870.0
40839,4316715.0
40840,3982767.0
40841,3600467.0
40842,3028267.0
40843,2544857.0
40844,4067566.0
40845,1763231.0
40846,5595267.0
40847,6782425.0
40848,1270499.0
40849,3218918.0
40850,4807746.0
40851,3351383.0
40852,3248660.0
40853,3258837.0
40854,3818055.0
40855,1882131.0
40856,2097022.0
40857,1847826.0
40858,3028267.0
40859,4590423.0
40860,2390534.0
40861,8213524.0
40862,4100886.0
40863,4100886.0
40864,4467728.0
40865,3351383.0
40866,7217634.0
40867,2055379.0
40868,3351383.0
40869,2021934.0
40870,2021934.0
40871,1270499.0
40872,1999097.0
40873,8213524.0
40874,3780019.0
40875,1999097.0
40876,7592272.0
40877,1619683.0
40878,3903884.0
40879,2551252.0
40880,1149870.0
40881,4067566.0
40882,1149870.0
40883,2993069.0
40884,5595267.0
40885,3028267.0
40886,5595267.0
40887,2383840.0
40888,3347767.0
40889,2344689.0
40890,1149870.0
40891,2732645.0
40892,2675511.0
40893,3004429.0
40894,2390534.0
40895,5017319.0
40896,2055379.0
40897,7201784.0
40898,2675511.0
40899,4316715.0
40900,2055379.0
40901,4467728.0
40902,3447890.0
40903,1756069.0
40904,6363241.0
40905,4888774.0
40906,3410878.0
40907,7217634.0
40908,3778621.0
40909,1149870.0
40910,1270499.0
40911,3982767.0
40912,4066618.0
40913,2267425.0
40914,5017319.0
40915,1882131.0
40916,2021934.0
40917,2792031.0
40918,2156098.0
40919,2792031.0
40920,6313221.0
40921,3752885.0
40922,3004429.0
40923,5017319.0
40924,2544857.0
40925,3956086.0
40926,1149870.0
40927,1149870.0
40928,3939804.0
40929,2018785.0
40930,4491607.0
40931,2344689.0
40932,3004429.0
40933,6412623.0
40934,3426169.0
40935,2097022.0
40936,2371202.0
40937,2792031.0
40938,1999097.0
40939,6412623.0
40940,2544857.0
40941,3004429.0
40942,3600467.0
40943,4100886.0
40944,1149870.0
40945,2058644.0
40946,2675511.0
40947,3004429.0
40948,3376145.0
40949,2954086.0
40950,1882131.0
40951,1734634.0
40952,7592272.0
40953,1270499.0
40954,1149870.0
40955,3028267.0
40956,4952255.0
40957,1999097.0
40958,6313221.0
40959,2018785.0
40960,3752885.0
40961,7592272.0
40962,8904084.0
40963,3218918.0
40964,9652350.0
40965,3982767.0
40966,3447890.0
40967,4015749.0
40968,4250758.0
40969,2018785.0
40970,5595267.0
40971,9262754.0
40972,4250553.0
40973,1270499.0
40974,3028267.0
40975,2344689.0
40976,2021934.0
40977,5500818.0
40978,1847826.0
40979,2544857.0
40980,8213524.0
40981,2732645.0
40982,1756069.0
40983,4952255.0
40984,2344689.0
40985,4052733.0
40986,1847826.0
40987,5906596.0
40988,6313221.0
40989,2058644.0
40990,3600467.0
40991,5525735.0
40992,4590423.0
40993,1756069.0
40994,3903884.0
40995,7592272.0
40996,6941173.0
40997,1763231.0
40998,4554237.0
40999,2551252.0
41000,6313221.0
41001,3447890.0
41002,2371202.0
41003,2525375.0
41004,4554237.0
41005,4350573.0
41006,3351383.0
41007,1882131.0
41008,4491607.0
41009,3410878.0
41010,2675511.0
41011,2344689.0
41012,1619683.0
41013,3778621.0
41014,7217634.0
41015,3410878.0
41016,3570392.0
41017,2792031.0
41018,1999097.0
41019,4807746.0
41020,6363241.0
41021,2390534.0
41022,3807496.0
41023,4066618.0
41024,1999097.0
41025,2267425.0
41026,3347767.0
41027,2344689.0
41028,6313221.0
41029,1999097.0
41030,3351383.0
41031,3727364.0
41032,6941173.0
41033,2993069.0
41034,4316715.0
41035,3810007.0
41036,1999097.0
41037,7201784.0
41038,8213524.0
41039,4264176.0
41040,3600467.0
41041,1756069.0
41042,9652350.0
41043,7592272.0
41044,7592272.0
41045,2018785.0
41046,1999097.0
41047,6836483.0
41048,3218918.0
41049,2097022.0
41050,6941173.0
41051,3745135.0
41052,2364478.0
41053,3410878.0
41054,3248660.0
41055,1619683.0
41056,3426169.0
41057,5166635.0
41058,1999097.0
41059,5595267.0
41060,8213524.0
41061,3426169.0
41062,2018785.0
41063,4491607.0
41064,1999097.0
41065,2021934.0
41066,9262754.0
41067,4250553.0
41068,1756069.0
41069,3004429.0
41070,3004429.0
41071,1904842.0
41072,4250553.0
41073,1999097.0
41074,6313221.0
41075,8213524.0
41076,1270499.0
41077,2021934.0
41078,3008199.0
41079,4067566.0
41080,3258837.0
41081,4467728.0
41082,3752885.0
41083,4554237.0
41084,2058644.0
41085,5166635.0
41086,4590423.0
41087,3218918.0
41088,1270499.0
41089,5525735.0
41090,1619683.0
41091,3347767.0
41092,2344689.0
41093,1270499.0
41094,1270499.0
41095,2993069.0
41096,4491607.0
41097,3248660.0
41098,6923131.0
41099,1999097.0
41100,3426169.0
41101,4250553.0
41102,4250553.0
41103,4066618.0
41104,1756069.0
41105,1149870.0
41106,2993069.0
41107,3347767.0
41108,2021934.0
41109,3004429.0
41110,3410878.0
41111,2383840.0
41112,2018785.0
41113,2021934.0
41114,3780019.0
41115,5435276.0
41116,4590423.0
41117,4250553.0
41118,2025297.0
41119,4590423.0
41120,5525735.0
41121,2344689.0
41122,3410878.0
41123,1847826.0
41124,4052733.0
41125,7495092.0
41126,1999097.0
41127,2675511.0
41128,4219263.0
41129,5595267.0
41130,3004429.0
41131,2097022.0
41132,2390534.0
41133,5500818.0
41134,2058644.0
41135,1756069.0
41136,3218918.0
41137,1904842.0
41138,4067566.0
41139,3351383.0
41140,4250553.0
41141,3752885.0
41142,6313221.0
41143,2344689.0
41144,3351383.0
41145,3199619.0
41146,2018785.0
41147,2390534.0
41148,4705945.0
41149,3745135.0
41150,1847826.0
41151,1734634.0
41152,4705945.0
41153,1999097.0
41154,3258837.0
41155,2018785.0
41156,3351383.0
41157,9262754.0
41158,3218918.0
41159,3261924.0
41160,2738052.0
41161,2018785.0
41162,3745135.0
41163,3004429.0
41164,3347767.0
41165,2551252.0
41166,3745135.0
41167,2058644.0
41168,4263629.0
41169,1756069.0
41170,6941173.0
41171,2055379.0
41172,2390534.0
41173,2390534.0
41174,4491607.0
41175,2083447.0
41176,7592272.0
41177,3248660.0
41178,3347767.0
41179,5444227.0
41180,5906596.0
41181,2525375.0
41182,6313221.0
41183,2058644.0
41184,4100886.0
41185,1756069.0
41186,3376145.0
41187,1619683.0
41188,6694797.0
41189,5500818.0
41190,5337526.0
41191,5787594.0
41192,2021934.0
41193,8894598.0
41194,3426169.0
41195,2344689.0
41196,3727364.0
41197,3410878.0
41198,2525375.0
41199,3982767.0
41200,3982767.0
41201,5017319.0
41202,3273041.0
41203,3956086.0
41204,1756069.0
41205,4350573.0
41206,1619683.0
41207,5525735.0
41208,3727364.0
41209,7201784.0
41210,5500818.0
41211,5787594.0
41212,3727364.0
41213,3351383.0
41214,2525375.0
41215,3410878.0
41216,7495092.0
41217,3351383.0
41218,1999097.0
41219,4316715.0
41220,8213524.0
41221,2732645.0
41222,5435276.0
41223,2344689.0
41224,5500818.0
41225,2344689.0
41226,8213524.0
41227,2993069.0
41228,2792031.0
41229,3778621.0
41230,4350573.0
41231,9652350.0
41232,1882131.0
41233,1149870.0
41234,3600467.0
41235,2055379.0
41236,3004429.0
41237,7217634.0
41238,2344689.0
41239,3445076.0
41240,2525375.0
41241,4066618.0
41242,7592272.0
41243,1619683.0
41244,2344689.0
41245,2021934.0
41246,7592272.0
41247,3836721.0
41248,5653753.0
41249,4952255.0
41250,2675511.0
41251,2390534.0
41252,3447890.0
41253,2058644.0
41254,3004429.0
41255,1149870.0
41256,13575224.0
41257,4052733.0
41258,6412623.0
41259,2675511.0
41260,4952255.0
41261,1999097.0
41262,4052733.0
41263,3410878.0
41264,3982767.0
41265,8213524.0
41266,2055379.0
41267,7217634.0
41268,5595267.0
41269,2021934.0
41270,3836721.0
41271,3347767.0
41272,4467728.0
41273,3410878.0
41274,8213524.0
41275,3426169.0
41276,2021934.0
41277,4350573.0
41278,3028267.0
41279,6363241.0
41280,4467728.0
41281,3258837.0
41282,1756069.0
41283,2675511.0
41284,3261924.0
41285,2390534.0
41286,6412623.0
41287,2156098.0
41288,5525735.0
41289,4882985.0
41290,3956086.0
41291,6941173.0
41292,5017319.0
41293,3600467.0
41294,3347767.0
41295,5906596.0
41296,2018785.0
41297,2675511.0
41298,3426169.0
41299,5444227.0
41300,5595267.0
41301,3351383.0
41302,3426169.0
41303,2055379.0
41304,2544857.0
41305,5595267.0
41306,4554237.0
41307,3199619.0
41308,2055379.0
41309,2954086.0
41310,1882131.0
41311,5906596.0
41312,3939804.0
41313,3600467.0
41314,1619683.0
41315,2371202.0
41316,2525375.0
41317,7201784.0
41318,4952255.0
41319,1734634.0
41320,1619683.0
41321,4554237.0
41322,2993069.0
41323,3745135.0
41324,6782425.0
41325,3939804.0
41326,5337526.0
41327,8904084.0
41328,5595267.0
41329,2792031.0
41330,6694797.0
41331,8213524.0
41332,3939804.0
41333,7865428.0
41334,2058644.0
41335,1882131.0
41336,4882985.0
41337,2344689.0
41338,2055379.0
41339,1756069.0
41340,6941173.0
41341,1847826.0
41342,7201784.0
41343,1999097.0
41344,3982767.0
41345,4066618.0
41346,3445076.0
41347,1882131.0
41348,4467728.0
41349,3452382.0
41350,2390534.0
41351,2390534.0
41352,3410878.0
41353,3351383.0
41354,2732645.0
41355,5787594.0
41356,4554237.0
41357,1904842.0
41358,2055379.0
41359,4554237.0
41360,6694797.0
41361,5017319.0
41362,4316715.0
41363,2544857.0
41364,5017319.0
41365,2544857.0
41366,2058644.0
41367,4250553.0
41368,2097022.0
41369,1999097.0
41370,3347767.0
41371,1882131.0
41372,3004429.0
41373,4780607.0
41374,1756069.0
41375,2097022.0
41376,3956086.0
41377,4015749.0
41378,4286645.0
41379,2267425.0
41380,1149870.0
41381,2021934.0
41382,2675511.0
41383,8213524.0
41384,4052733.0
41385,2993069.0
41386,2525375.0
41387,8213524.0
41388,2021934.0
41389,2156098.0
41390,3248660.0
41391,2999068.0
41392,2993069.0
41393,3752885.0
41394,2021934.0
41395,6412623.0
41396,4250553.0
41397,3445076.0
41398,1882131.0
41399,8213524.0
41400,1882131.0
41401,2993069.0
41402,4350573.0
41403,6412623.0
41404,2058644.0
41405,1847826.0
41406,4705945.0
41407,3745135.0
41408,4264176.0
41409,3004429.0
41410,3410878.0
41411,1270499.0
41412,6313221.0
41413,3347767.0
41414,7201784.0
41415,1882131.0
41416,2021934.0
41417,3939804.0
41418,2058644.0
41419,4705945.0
41420,1847826.0
41421,6363241.0
41422,3347767.0
41423,2390534.0
41424,4952255.0
41425,5337526.0
41426,4250553.0
41427,3445076.0
41428,3199619.0
41429,4100886.0
41430,2267425.0
41431,2097022.0
41432,1756069.0
41433,2156098.0
41434,3982767.0
41435,2058644.0
41436,1756069.0
41437,6941173.0
41438,2055379.0
41439,2018785.0
41440,4250758.0
41441,4888774.0
41442,4888774.0
41443,3810007.0
41444,3600467.0
41445,1149870.0
41446,13575224.0
41447,4952255.0
41448,2097022.0
41449,2018785.0
41450,1999097.0
41451,1756069.0
41452,2383840.0
41453,5337526.0
41454,2156098.0
41455,2390534.0
41456,6313221.0
41457,1756069.0
41458,2675511.0
41459,1734634.0
41460,2344689.0
41461,4264176.0
41462,3752885.0
41463,1999097.0
41464,3982767.0
41465,1270499.0
41466,1270499.0
41467,2097022.0
41468,3447890.0
41469,2675511.0
41470,2551252.0
41471,1847826.0
41472,6782425.0
41473,4491607.0
41474,3004429.0
41475,1999097.0
41476,6412623.0
41477,4952255.0
41478,1619683.0
41479,5595267.0
41480,4264176.0
41481,7495092.0
41482,2792031.0
41483,3447890.0
41484,2058644.0
41485,3752885.0
41486,3600467.0
41487,2544857.0
41488,4263629.0
41489,6836483.0
41490,4015749.0
41491,6313221.0
41492,1756069.0
41493,1756069.0
41494,3351383.0
41495,2738052.0
41496,3410878.0
41497,2018785.0
41498,2344689.0
41499,3778621.0
41500,1847826.0
41501,2097022.0
41502,8213524.0
41503,3982767.0
41504,3004429.0
41505,2738052.0
41506,2344689.0
41507,4263629.0
41508,4888774.0
41509,3745135.0
41510,4250553.0
41511,1999097.0
41512,2058644.0
41513,2544857.0
41514,2371202.0
41515,5525735.0
41516,4067566.0
41517,4888774.0
41518,4491607.0
41519,3903884.0
41520,4491607.0
41521,1149870.0
41522,1149870.0
41523,2058644.0
41524,2021934.0
41525,4491607.0
41526,2999068.0
41527,3410878.0
41528,3778621.0
41529,4219263.0
41530,3258837.0
41531,4219263.0
41532,2021934.0
41533,2999068.0
41534,1619683.0
41535,4067566.0
41536,5595267.0
41537,1149870.0
41538,1999097.0
41539,2025297.0
41540,1847826.0
41541,4350573.0
41542,3727364.0
41543,1619683.0
41544,7592272.0
41545,2675511.0
41546,1149870.0
41547,7592272.0
41548,6941173.0
41549,9262754.0
41550,2383840.0
41551,6836483.0
41552,4491607.0
41553,1619683.0
41554,2544857.0
41555,2993069.0
41556,1270499.0
41557,2371202.0
41558,4066618.0
41559,6941173.0
41560,4554237.0
41561,2097022.0
41562,2344689.0
41563,1882131.0
41564,5525735.0
41565,2544857.0
41566,1270499.0
41567,1756069.0
41568,3956086.0
41569,4807746.0
41570,3218918.0
41571,2371202.0
41572,3745135.0
41573,4952255.0
41574,4155435.0
41575,7201784.0
41576,6941173.0
41577,2344689.0
41578,3410878.0
41579,4554237.0
41580,4952255.0
41581,4316715.0
41582,3780019.0
41583,2021934.0
41584,3745135.0
41585,6412623.0
41586,9262754.0
41587,8213524.0
41588,5435276.0
41589,3745135.0
41590,4100886.0
41591,2058644.0
41592,5525735.0
41593,2058644.0
41594,4250553.0
41595,6363241.0
41596,2390534.0
41597,4263629.0
41598,6313221.0
41599,1847826.0
41600,2344689.0
41601,3028267.0
41602,3164972.0
41603,6941173.0
41604,1619683.0
41605,4780607.0
41606,4705945.0
41607,2551252.0
41608,6782425.0
41609,2267425.0
41610,4780607.0
41611,1270499.0
41612,4467728.0
41613,8213524.0
41614,3410878.0
41615,3447890.0
41616,6363241.0
41617,13575224.0
41618,6412623.0
41619,2544857.0
41620,6923131.0
41621,3410878.0
41622,2058644.0
41623,4491607.0
41624,1756069.0
41625,3004429.0
41626,4052733.0
41627,4264176.0
41628,3351383.0
41629,3982767.0
41630,4888774.0
41631,3248660.0
41632,1619683.0
41633,7217634.0
41634,5337526.0
41635,2097022.0
41636,4066618.0
41637,6782425.0
41638,3410878.0
41639,2993069.0
41640,6941173.0
41641,3273041.0
41642,3447890.0
41643,4491607.0
41644,4491607.0
41645,4067566.0
41646,1904842.0
41647,9262754.0
41648,2156098.0
41649,4554237.0
41650,4263629.0
41651,2390534.0
41652,2371202.0
41653,3956086.0
41654,4250553.0
41655,2551252.0
41656,6412623.0
41657,1904842.0
41658,2738052.0
41659,2344689.0
41660,3982767.0
41661,4286645.0
41662,2344689.0
41663,3347767.0
41664,3780019.0
41665,4350573.0
41666,3780019.0
41667,4250553.0
41668,2390534.0
41669,3351383.0
41670,4286645.0
41671,2156098.0
41672,2018785.0
41673,3273041.0
41674,4100886.0
41675,6363241.0
41676,5500818.0
41677,2018785.0
41678,4888774.0
41679,3447890.0
41680,4952255.0
41681,7217634.0
41682,1763231.0
41683,3004429.0
41684,2371202.0
41685,4067566.0
41686,8213524.0
41687,4952255.0
41688,3778621.0
41689,1756069.0
41690,2018785.0
41691,2675511.0
41692,1270499.0
41693,3982767.0
41694,2021934.0
41695,2018785.0
41696,2390534.0
41697,3347767.0
41698,2058644.0
41699,3347767.0
41700,4052733.0
41701,7592272.0
41702,3939804.0
41703,2021934.0
41704,3258837.0
41705,5595267.0
41706,8213524.0
41707,1149870.0
41708,3600467.0
41709,4554237.0
41710,2018785.0
41711,3447890.0
41712,3410878.0
41713,1999097.0
41714,5444227.0
41715,3004429.0
41716,2675511.0
41717,1149870.0
41718,2738052.0
41719,1763231.0
41720,3410878.0
41721,1763231.0
41722,1619683.0
41723,4264176.0
41724,4015749.0
41725,1149870.0
41726,1763231.0
41727,2525375.0
41728,3351383.0
41729,1999097.0
41730,4651866.0
41731,5595267.0
41732,2390534.0
41733,4250553.0
41734,2993069.0
41735,6836483.0
41736,1999097.0
41737,3347767.0
41738,1756069.0
41739,2344689.0
41740,1904842.0
41741,2371202.0
41742,3445076.0
41743,3273041.0
41744,2097022.0
41745,7592272.0
41746,1149870.0
41747,2675511.0
41748,5595267.0
41749,4888774.0
41750,1904842.0
41751,2097022.0
41752,1904842.0
41753,4155435.0
41754,3410878.0
41755,3410878.0
41756,2344689.0
41757,4219263.0
41758,3447890.0
41759,3261924.0
41760,3028267.0
41761,8904084.0
41762,2525375.0
41763,2993069.0
41764,3410878.0
41765,4250758.0
41766,3347767.0
41767,2021934.0
41768,3982767.0
41769,4705945.0
41770,4780607.0
41771,3347767.0
41772,3939804.0
41773,3939804.0
41774,6941173.0
41775,4155435.0
41776,3982767.0
41777,2740687.0
41778,2993069.0
41779,2390534.0
41780,4590423.0
41781,2738052.0
41782,2525375.0
41783,3410878.0
41784,4554237.0
41785,3426169.0
41786,3410878.0
41787,2156098.0
41788,2371202.0
41789,2525375.0
41790,3028267.0
41791,2267425.0
41792,1882131.0
41793,4316715.0
41794,5595267.0
41795,3780019.0
41796,3780019.0
41797,8213524.0
41798,3745135.0
41799,1999097.0
41800,8213524.0
41801,2267425.0
41802,7865428.0
41803,2390534.0
41804,2156098.0
41805,2058644.0
41806,3347767.0
41807,2390534.0
41808,3004429.0
41809,5017319.0
41810,3410878.0
41811,2058644.0
41812,3028267.0
41813,9652350.0
41814,3426169.0
41815,3351383.0
41816,1999097.0
41817,4554237.0
41818,8213524.0
41819,8213524.0
41820,1149870.0
41821,2025297.0
41822,8904084.0
41823,3351383.0
41824,2371202.0
41825,2544857.0
41826,1999097.0
41827,3982767.0
41828,1882131.0
41829,3752885.0
41830,2732645.0
41831,2156098.0
41832,3818055.0
41833,3447890.0
41834,3956086.0
41835,5595267.0
41836,4052733.0
41837,2371202.0
41838,1756069.0
41839,4264176.0
41840,3410878.0
41841,4705945.0
41842,4066618.0
41843,3218918.0
41844,7592272.0
41845,3752885.0
41846,3004429.0
41847,4250553.0
41848,2525375.0
41849,2058644.0
41850,2021934.0
41851,3410878.0
41852,4554237.0
41853,7201784.0
41854,2267425.0
41855,7217634.0
41856,3028267.0
41857,1847826.0
41858,3780019.0
41859,3410878.0
41860,6923131.0
41861,4100886.0
41862,5595267.0
41863,2544857.0
41864,3600467.0
41865,3807496.0
41866,2097022.0
41867,5525735.0
41868,3447890.0
41869,1270499.0
41870,4286645.0
41871,3745135.0
41872,1882131.0
41873,3445076.0
41874,3982767.0
41875,5017319.0
41876,4590423.0
41877,3347767.0
41878,2021934.0
41879,3600467.0
41880,4882985.0
41881,2156098.0
41882,2954086.0
41883,7201784.0
41884,3004429.0
41885,8904084.0
41886,4067566.0
41887,4067566.0
41888,1619683.0
41889,4015749.0
41890,1756069.0
41891,2021934.0
41892,4100886.0
41893,4888774.0
41894,3028267.0
41895,3028267.0
41896,2371202.0
41897,1847826.0
41898,2954086.0
41899,3778621.0
41900,4067566.0
41901,5787594.0
41902,2732645.0
41903,2551252.0
41904,5525735.0
41905,2544857.0
41906,1619683.0
41907,3982767.0
41908,3727364.0
41909,4263629.0
41910,2999068.0
41911,3028267.0
41912,2055379.0
41913,2025297.0
41914,3004429.0
41915,3807496.0
41916,1270499.0
41917,2021934.0
41918,2058644.0
41919,4882985.0
41920,2021934.0
41921,1999097.0
41922,1619683.0
41923,7592272.0
41924,3273041.0
41925,3347767.0
41926,2544857.0
41927,2993069.0
41928,3004429.0
41929,1734634.0
41930,3778621.0
41931,4052733.0
41932,1904842.0
41933,3347767.0
41934,3745135.0
41935,1999097.0
41936,4316715.0
41937,4467728.0
41938,1999097.0
41939,3447890.0
41940,7592272.0
41941,3004429.0
41942,1999097.0
41943,7865428.0
41944,3410878.0
41945,3351383.0
41946,4286645.0
41947,1999097.0
41948,3410878.0
41949,4467728.0
41950,4250758.0
41951,1270499.0
41952,2390534.0
41953,2021934.0
41954,2025297.0
41955,8213524.0
41956,2954086.0
41957,3004429.0
41958,2156098.0
41959,4067566.0
41960,6923131.0
41961,3347767.0
41962,1270499.0
41963,3807496.0
41964,2156098.0
41965,3752885.0
41966,3447890.0
41967,4491607.0
41968,1149870.0
41969,4067566.0
41970,1756069.0
41971,4705945.0
41972,4052733.0
41973,3982767.0
41974,2018785.0
41975,3351383.0
41976,5435276.0
41977,2544857.0
41978,4952255.0
41979,4263629.0
41980,3982767.0
41981,4316715.0
41982,3347767.0
41983,4554237.0
41984,4554237.0
41985,3778621.0
41986,1756069.0
41987,3410878.0
41988,7865428.0
41989,2344689.0
41990,2544857.0
41991,2551252.0
41992,3351383.0
41993,5653753.0
41994,3028267.0
41995,3347767.0
41996,3351383.0
41997,1904842.0
41998,2344689.0
41999,7217634.0
42000,2025297.0
42001,2058644.0
42002,7201784.0
42003,2097022.0
42004,3745135.0
42005,2344689.0
42006,3570392.0
42007,1619683.0
42008,1756069.0
42009,3004429.0
42010,4882985.0
42011,4100886.0
42012,4219263.0
42013,1847826.0
42014,3780019.0
42015,2954086.0
42016,3347767.0
42017,8213524.0
42018,16549064.0
42019,1904842.0
42020,2792031.0
42021,3447890.0
42022,5906596.0
42023,2344689.0
42024,3028267.0
42025,6412623.0
42026,6694797.0
42027,3939804.0
42028,1882131.0
42029,3248660.0
42030,2097022.0
42031,4052733.0
42032,5017319.0
42033,3745135.0
42034,2018785.0
42035,3347767.0
42036,4491607.0
42037,3028267.0
42038,2267425.0
42039,3347767.0
42040,5166635.0
42041,5653753.0
42042,3410878.0
42043,1756069.0
42044,2018785.0
42045,3376145.0
42046,4888774.0
42047,2390534.0
42048,4219263.0
42049,3745135.0
42050,2021934.0
42051,3939804.0
42052,4100886.0
42053,1270499.0
42054,2675511.0
42055,3351383.0
42056,4705945.0
42057,3347767.0
42058,1756069.0
42059,8213524.0
42060,3807496.0
42061,2993069.0
42062,7592272.0
42063,4136425.0
42064,2058644.0
42065,5595267.0
42066,4250758.0
42067,3447890.0
42068,4263629.0
42069,4554237.0
42070,3447890.0
42071,3447890.0
42072,4067566.0
42073,3004429.0
42074,9262754.0
42075,4705945.0
42076,6412623.0
42077,3351383.0
42078,5595267.0
42079,2344689.0
42080,1756069.0
42081,3447890.0
42082,2055379.0
42083,1904842.0
42084,7201784.0
42085,3351383.0
42086,2267425.0
42087,3410878.0
42088,2156098.0
42089,2551252.0
42090,4491607.0
42091,1619683.0
42092,4491607.0
42093,2021934.0
42094,1756069.0
42095,3410878.0
42096,3982767.0
42097,2344689.0
42098,4219263.0
42099,2344689.0
42100,3351383.0
42101,3351383.0
42102,1882131.0
42103,6941173.0
42104,3753720.0
42105,5906596.0
42106,2021934.0
42107,4554237.0
42108,4952255.0
42109,3836721.0
42110,4705945.0
42111,3836721.0
42112,3410878.0
42113,6836483.0
42114,2021934.0
42115,3982767.0
42116,1882131.0
42117,3752885.0
42118,5906596.0
42119,4350573.0
42120,2738052.0
42121,3745135.0
42122,4882985.0
42123,2390534.0
42124,3218918.0
42125,2383840.0
42126,1619683.0
42127,3778621.0
42128,4590423.0
42129,3258837.0
42130,8213524.0
42131,2267425.0
42132,1999097.0
42133,1999097.0
42134,2021934.0
42135,1999097.0
42136,4316715.0
42137,3982767.0
42138,2025297.0
42139,1763231.0
42140,6313221.0
42141,5500818.0
42142,2055379.0
42143,6941173.0
42144,5461700.0
42145,3351383.0
42146,6412623.0
42147,2993069.0
42148,3447890.0
42149,2792031.0
42150,5525735.0
42151,1734634.0
42152,4263629.0
42153,4554237.0
42154,4952255.0
42155,1756069.0
42156,3351383.0
42157,2021934.0
42158,1270499.0
42159,3258837.0
42160,3447890.0
42161,3028267.0
42162,6313221.0
42163,3939804.0
42164,2390534.0
42165,2390534.0
42166,6941173.0
42167,6313221.0
42168,3351383.0
42169,4554237.0
42170,2738052.0
42171,6836483.0
42172,2018785.0
42173,2344689.0
42174,2018785.0
42175,2740687.0
42176,9652350.0
42177,1763231.0
42178,3745135.0
42179,2732645.0
42180,4491607.0
42181,4250553.0
42182,6836483.0
42183,1270499.0
42184,1756069.0
42185,6836483.0
42186,2390534.0
42187,2525375.0
42188,3778621.0
42189,3600467.0
42190,3982767.0
42191,3780019.0
42192,4590423.0
42193,3248660.0
42194,2097022.0
42195,1149870.0
42196,9262754.0
42197,5166635.0
42198,3752885.0
42199,2267425.0
42200,3351383.0
42201,2344689.0
42202,2738052.0
42203,6313221.0
42204,2018785.0
42205,4264176.0
42206,2267425.0
42207,3376145.0
42208,3982767.0
42209,1999097.0
42210,3004429.0
42211,1270499.0
42212,2993069.0
42213,4015749.0
42214,3004429.0
42215,4263629.0
42216,1999097.0
42217,5595267.0
42218,4155435.0
42219,3351383.0
42220,4350573.0
42221,3600467.0
42222,1756069.0
42223,3956086.0
42224,3410878.0
42225,2055379.0
42226,2993069.0
42227,3410878.0
42228,7495092.0
42229,4705945.0
42230,3028267.0
42231,1756069.0
42232,3261924.0
42233,3426169.0
42234,1999097.0
42235,3376145.0
42236,5595267.0
42237,3600467.0
42238,4705945.0
42239,3982767.0
42240,3410878.0
42241,8213524.0
42242,4590423.0
42243,2390534.0
42244,3778621.0
42245,6412623.0
42246,3426169.0
42247,5595267.0
42248,9652350.0
42249,3347767.0
42250,4015749.0
42251,2021934.0
42252,1999097.0
42253,2525375.0
42254,3248660.0
42255,3004429.0
42256,3347767.0
42257,1270499.0
42258,2055379.0
42259,2267425.0
42260,4554237.0
42261,5653753.0
42262,2021934.0
42263,1763231.0
42264,8213524.0
42265,2021934.0
42266,3982767.0
42267,2097022.0
42268,3982767.0
42269,1882131.0
42270,3410878.0
42271,3351383.0
42272,6313221.0
42273,4067566.0
42274,1619683.0
42275,1999097.0
42276,3780019.0
42277,4264176.0
42278,4052733.0
42279,3410878.0
42280,1149870.0
42281,2097022.0
42282,3752885.0
42283,4350573.0
42284,1270499.0
42285,2097022.0
42286,16549064.0
42287,5906596.0
42288,6313221.0
42289,3261924.0
42290,3939804.0
42291,2390534.0
42292,3982767.0
42293,4015749.0
42294,6412623.0
42295,9652350.0
42296,2021934.0
42297,7495092.0
42298,2018785.0
42299,2097022.0
42300,3982767.0
42301,2792031.0
42302,7592272.0
42303,2544857.0
42304,7592272.0
42305,3836721.0
42306,1270499.0
42307,8213524.0
42308,6694797.0
42309,2267425.0
42310,3745135.0
42311,3982767.0
42312,1904842.0
42313,3939804.0
42314,2344689.0
42315,3939804.0
42316,2792031.0
42317,9262754.0
42318,3351383.0
42319,2097022.0
42320,3807496.0
42321,4067566.0
42322,3028267.0
42323,3745135.0
42324,2025297.0
42325,5161370.0
42326,2344689.0
42327,4952255.0
42328,2344689.0
42329,3426169.0
42330,3351383.0
42331,3218918.0
42332,2025297.0
42333,2544857.0
42334,4066618.0
42335,2738052.0
42336,2344689.0
42337,1847826.0
42338,4316715.0
42339,2525375.0
42340,8904084.0
42341,3410878.0
42342,3273041.0
42343,2525375.0
42344,2390534.0
42345,4067566.0
42346,8894598.0
42347,3004429.0
42348,1882131.0
42349,2390534.0
42350,1619683.0
42351,7592272.0
42352,3347767.0
42353,6694797.0
42354,3248660.0
42355,3982767.0
42356,7865428.0
42357,1270499.0
42358,3347767.0
42359,2551252.0
42360,3600467.0
42361,2675511.0
42362,1619683.0
42363,7592272.0
42364,2058644.0
42365,5461700.0
42366,1756069.0
42367,6836483.0
42368,4491607.0
42369,2021934.0
42370,3600467.0
42371,4052733.0
42372,1270499.0
42373,2018785.0
42374,1904842.0
42375,4066618.0
42376,3727364.0
42377,3780019.0
42378,7217634.0
42379,3426169.0
42380,2097022.0
42381,3004429.0
42382,2390534.0
42383,1149870.0
42384,6836483.0
42385,2058644.0
42386,2021934.0
42387,2021934.0
42388,2525375.0
42389,4467728.0
42390,6363241.0
42391,2954086.0
42392,7217634.0
42393,3410878.0
42394,5595267.0
42395,2344689.0
42396,4491607.0
42397,4491607.0
42398,9262754.0
42399,7201784.0
42400,7217634.0
42401,2058644.0
42402,4264176.0
42403,4780607.0
42404,3600467.0
42405,4491607.0
42406,2383840.0
42407,1999097.0
42408,6836483.0
42409,3410878.0
42410,7217634.0
42411,2021934.0
42412,2344689.0
42413,3810007.0
42414,3410878.0
42415,4807746.0
42416,3261924.0
42417,6412623.0
42418,3347767.0
42419,2390534.0
42420,3351383.0
42421,1756069.0
42422,2083447.0
42423,2018785.0
42424,2083447.0
42425,5906596.0
42426,4015749.0
42427,1847826.0
42428,6941173.0
42429,2058644.0
42430,3956086.0
42431,2738052.0
42432,2993069.0
42433,6694797.0
42434,2525375.0
42435,1999097.0
42436,5166635.0
42437,3347767.0
42438,3447890.0
42439,5595267.0
42440,4467728.0
42441,3410878.0
42442,3780019.0
42443,2551252.0
42444,5435276.0
42445,3426169.0
42446,2058644.0
42447,4250553.0
42448,1270499.0
42449,1270499.0
42450,3982767.0
42451,1270499.0
42452,1619683.0
42453,2344689.0
42454,2544857.0
42455,4491607.0
42456,6363241.0
42457,3028267.0
42458,1999097.0
42459,3810007.0
42460,1149870.0
42461,8904084.0
42462,8213524.0
42463,2055379.0
42464,4554237.0
42465,1149870.0
42466,2954086.0
42467,4263629.0
42468,4015749.0
42469,5500818.0
42470,2390534.0
42471,5595267.0
42472,3410878.0
42473,3376145.0
42474,4263629.0
42475,2018785.0
42476,3600467.0
42477,3426169.0
42478,4219263.0
42479,4067566.0
42480,1149870.0
42481,3982767.0
42482,4888774.0
42483,6313221.0
42484,3778621.0
42485,3445076.0
42486,2364478.0
42487,6836483.0
42488,5525735.0
42489,1619683.0
42490,6313221.0
42491,3410878.0
42492,3903884.0
42493,2390534.0
42494,2018785.0
42495,2344689.0
42496,8213524.0
42497,3727364.0
42498,3004429.0
42499,7201784.0
42500,1270499.0
42501,2344689.0
42502,2792031.0
42503,3410878.0
42504,9262754.0
42505,1999097.0
42506,6923131.0
42507,3351383.0
42508,7592272.0
42509,1999097.0
42510,5595267.0
42511,6363241.0
42512,3452382.0
42513,1882131.0
42514,6923131.0
42515,4807746.0
42516,4264176.0
42517,5595267.0
42518,3218918.0
42519,1756069.0
42520,7495092.0
42521,3004429.0
42522,2021934.0
42523,1270499.0
42524,4467728.0
42525,3982767.0
42526,6412623.0
42527,2732645.0
42528,1756069.0
42529,2267425.0
42530,3351383.0
42531,1619683.0
42532,3347767.0
42533,2097022.0
42534,4067566.0
42535,2058644.0
42536,3727364.0
42537,4780607.0
42538,5525735.0
42539,2675511.0
42540,1999097.0
42541,5525735.0
42542,2551252.0
42543,3410878.0
42544,1270499.0
42545,2021934.0
42546,3004429.0
42547,1619683.0
42548,1756069.0
42549,4350573.0
42550,7495092.0
42551,3004429.0
42552,2675511.0
42553,5435276.0
42554,1999097.0
42555,4264176.0
42556,4705945.0
42557,2544857.0
42558,9652350.0
42559,2018785.0
42560,3008199.0
42561,3410878.0
42562,1756069.0
42563,2097022.0
42564,1270499.0
42565,2156098.0
42566,3028267.0
42567,1904842.0
42568,2993069.0
42569,2792031.0
42570,1619683.0
42571,7201784.0
42572,3004429.0
42573,4780607.0
42574,2371202.0
42575,2390534.0
42576,3600467.0
42577,1999097.0
42578,3410878.0
42579,1847826.0
42580,3004429.0
42581,5017319.0
42582,7201784.0
42583,3780019.0
42584,4467728.0
42585,3600467.0
42586,2156098.0
42587,4015749.0
42588,1847826.0
42589,3982767.0
42590,4264176.0
42591,4952497.0
42592,1619683.0
42593,6923131.0
42594,2018785.0
42595,8213524.0
42596,3351383.0
42597,3600467.0
42598,4491607.0
42599,3752885.0
42600,2344689.0
42601,2344689.0
42602,3347767.0
42603,2544857.0
42604,4429512.0
42605,3410878.0
42606,2097022.0
42607,3410878.0
42608,2544857.0
42609,3745135.0
42610,4052733.0
42611,2390534.0
42612,3982767.0
42613,6694797.0
42614,2058644.0
42615,1619683.0
42616,5906596.0
42617,4952255.0
42618,5787594.0
42619,3426169.0
42620,2371202.0
42621,6694797.0
42622,2544857.0
42623,8213524.0
42624,1999097.0
42625,6782425.0
42626,2792031.0
42627,4155435.0
42628,4952255.0
42629,1763231.0
42630,3745135.0
42631,1270499.0
42632,3903884.0
42633,4316715.0
42634,2371202.0
42635,2055379.0
42636,4780607.0
42637,1619683.0
42638,3004429.0
42639,4219263.0
42640,3600467.0
42641,2551252.0
42642,3600467.0
42643,3028267.0
42644,4491607.0
42645,4066618.0
42646,5017319.0
42647,3426169.0
42648,2021934.0
42649,5595267.0
42650,9262754.0
42651,7592272.0
42652,4780607.0
42653,1756069.0
42654,3273041.0
42655,5435276.0
42656,3028267.0
42657,1756069.0
42658,3956086.0
42659,2792031.0
42660,3778621.0
42661,3347767.0
42662,4250758.0
42663,6694797.0
42664,6363241.0
42665,3218918.0
42666,3410878.0
42667,2021934.0
42668,1756069.0
42669,6694797.0
42670,1756069.0
42671,6782425.0
42672,1270499.0
42673,1999097.0
42674,3351383.0
42675,3261924.0
42676,3347767.0
42677,2025297.0
42678,1619683.0
42679,3410878.0
42680,2732645.0
42681,2058644.0
42682,3351383.0
42683,5525735.0
42684,1882131.0
42685,2740687.0
42686,3351383.0
42687,3778621.0
42688,2732645.0
42689,1999097.0
42690,3982767.0
42691,4264176.0
42692,3004429.0
42693,4067566.0
42694,2021934.0
42695,3447890.0
42696,4491607.0
42697,2738052.0
42698,4467728.0
42699,1999097.0
42700,6923131.0
42701,3753720.0
42702,1847826.0
42703,5444227.0
42704,2055379.0
42705,4491607.0
42706,6941173.0
42707,3347767.0
42708,4554237.0
42709,2055379.0
42710,5444227.0
42711,2525375.0
42712,3351383.0
42713,4264176.0
42714,3752885.0
42715,3410878.0
42716,8904084.0
42717,2021934.0
42718,2738052.0
42719,1999097.0
42720,6694797.0
42721,5017319.0
42722,4067566.0
42723,5595267.0
42724,1619683.0
42725,3445076.0
42726,3248660.0
42727,1999097.0
42728,3778621.0
42729,2344689.0
42730,5161370.0
42731,6694797.0
42732,7865428.0
42733,6923131.0
42734,2025297.0
42735,3807496.0
42736,2792031.0
42737,2390534.0
42738,2156098.0
42739,3426169.0
42740,2390534.0
42741,3956086.0
42742,2021934.0
42743,4052733.0
42744,3426169.0
42745,4651866.0
42746,2058644.0
42747,6412623.0
42748,3347767.0
42749,2058644.0
42750,3447890.0
42751,2097022.0
42752,2364478.0
42753,6363241.0
42754,2544857.0
42755,3778621.0
42756,2732645.0
42757,3445076.0
42758,2732645.0
42759,16549064.0
42760,5435276.0
42761,1756069.0
42762,2551252.0
42763,1756069.0
42764,4491607.0
42765,8213524.0
42766,4491607.0
42767,1882131.0
42768,6694797.0
42769,1734634.0
42770,4100886.0
42771,4952255.0
42772,3410878.0
42773,1756069.0
42774,4155435.0
42775,4066618.0
42776,5435276.0
42777,3807496.0
42778,4888774.0
42779,4015749.0
42780,2954086.0
42781,3410878.0
42782,3347767.0
42783,4705945.0
42784,2551252.0
42785,2675511.0
42786,3956086.0
42787,6941173.0
42788,2551252.0
42789,2344689.0
42790,2390534.0
42791,3351383.0
42792,5595267.0
42793,3351383.0
42794,2738052.0
42795,6313221.0
42796,2021934.0
42797,2390534.0
42798,4467728.0
42799,1619683.0
42800,3410878.0
42801,2344689.0
42802,3347767.0
42803,3836721.0
42804,3410878.0
42805,3807496.0
42806,3028267.0
42807,4350573.0
42808,6363241.0
42809,1619683.0
42810,3903884.0
42811,4491607.0
42812,1619683.0
42813,4015749.0
42814,2097022.0
42815,8904084.0
42816,1847826.0
42817,2344689.0
42818,4067566.0
42819,5166635.0
42820,2344689.0
42821,6941173.0
42822,2025297.0
42823,4491607.0
42824,1270499.0
42825,8213524.0
42826,1149870.0
42827,4780607.0
42828,8904084.0
42829,3258837.0
42830,1270499.0
42831,4705945.0
42832,3351383.0
42833,5595267.0
42834,3351383.0
42835,3261924.0
42836,1734634.0
42837,4491607.0
42838,3956086.0
42839,4491607.0
42840,4350573.0
42841,4491607.0
42842,1904842.0
42843,2021934.0
42844,6694797.0
42845,4350573.0
42846,2344689.0
42847,2999068.0
42848,3939804.0
42849,6313221.0
42850,4467728.0
42851,1999097.0
42852,4066618.0
42853,5500818.0
42854,2058644.0
42855,3982767.0
42856,1149870.0
42857,2018785.0
42858,2525375.0
42859,3351383.0
42860,3810007.0
42861,4067566.0
42862,3982767.0
42863,3410878.0
42864,1734634.0
42865,3258837.0
42866,4888774.0
42867,5906596.0
42868,2344689.0
42869,1847826.0
42870,9262754.0
42871,3410878.0
42872,2551252.0
42873,1763231.0
42874,2525375.0
42875,3028267.0
42876,2097022.0
42877,2018785.0
42878,7495092.0
42879,2732645.0
42880,2525375.0
42881,3778621.0
42882,2097022.0
42883,3347767.0
42884,1763231.0
42885,4100886.0
42886,2058644.0
42887,3752885.0
42888,1882131.0
42889,6694797.0
42890,2267425.0
42891,3982767.0
42892,5500818.0
42893,4264176.0
42894,3347767.0
42895,3727364.0
42896,1999097.0
42897,2344689.0
42898,4250553.0
42899,3836721.0
42900,1149870.0
42901,3347767.0
42902,4807746.0
42903,2018785.0
42904,4467728.0
42905,6836483.0
42906,4554237.0
42907,3004429.0
42908,7865428.0
42909,1847826.0
42910,4467728.0
42911,6694797.0
42912,3258837.0
42913,2018785.0
42914,2792031.0
42915,5461700.0
42916,3004429.0
42917,1149870.0
42918,3258837.0
42919,4066618.0
42920,3752885.0
42921,3745135.0
42922,2021934.0
42923,4705945.0
42924,4067566.0
42925,3600467.0
42926,2097022.0
42927,2390534.0
42928,3004429.0
42929,5166635.0
42930,3447890.0
42931,1999097.0
42932,3347767.0
42933,2371202.0
42934,9652350.0
42935,8904084.0
42936,3347767.0
42937,1149870.0
42938,1999097.0
42939,3939804.0
42940,3351383.0
42941,6412623.0
42942,4467728.0
42943,1756069.0
42944,6941173.0
42945,3248660.0
42946,5166635.0
42947,1999097.0
42948,4491607.0
42949,4250553.0
42950,1756069.0
42951,4155435.0
42952,2993069.0
42953,1904842.0
42954,3028267.0
42955,1756069.0
42956,7495092.0
42957,4554237.0
42958,1756069.0
42959,1847826.0
42960,3410878.0
42961,7495092.0
42962,2675511.0
42963,3600467.0
42964,3351383.0
42965,8213524.0
42966,2675511.0
42967,2267425.0
42968,3351383.0
42969,1904842.0
42970,1882131.0
42971,5595267.0
42972,4250553.0
42973,1270499.0
42974,3347767.0
42975,9262754.0
42976,4888774.0
42977,3410878.0
42978,3939804.0
42979,5444227.0
42980,3351383.0
42981,4066618.0
42982,4316715.0
42983,3273041.0
42984,1756069.0
42985,3447890.0
42986,5500818.0
42987,5461700.0
42988,1149870.0
42989,2551252.0
42990,6694797.0
42991,3982767.0
42992,5906596.0
42993,8213524.0
42994,4015749.0
42995,3218918.0
42996,8213524.0
42997,3248660.0
42998,2738052.0
42999,1882131.0
43000,1149870.0
43001,2544857.0
43002,1882131.0
43003,6941173.0
43004,3410878.0
43005,6363241.0
43006,4250553.0
43007,1149870.0
43008,3807496.0
43009,2544857.0
43010,6363241.0
43011,5595267.0
43012,5017319.0
43013,5500818.0
43014,3199619.0
43015,3778621.0
43016,2058644.0
43017,2156098.0
43018,2058644.0
43019,6313221.0
43020,3752885.0
43021,7592272.0
43022,2792031.0
43023,3939804.0
43024,4807746.0
43025,2097022.0
43026,3218918.0
43027,3410878.0
43028,4888774.0
43029,4350573.0
43030,2055379.0
43031,7201784.0
43032,8213524.0
43033,8213524.0
43034,5525735.0
43035,2364478.0
43036,3347767.0
43037,7865428.0
43038,4052733.0
43039,5435276.0
43040,3351383.0
43041,2390534.0
43042,6941173.0
43043,9652350.0
43044,3199619.0
43045,1999097.0
43046,3347767.0
43047,2018785.0
43048,1619683.0
43049,2021934.0
43050,4052733.0
43051,9262754.0
43052,2954086.0
43053,2390534.0
43054,1882131.0
43055,2371202.0
43056,3410878.0
43057,3347767.0
43058,4590423.0
43059,5525735.0
43060,6313221.0
43061,1999097.0
43062,6941173.0
43063,1882131.0
43064,3248660.0
43065,2156098.0
43066,1756069.0
43067,2675511.0
43068,1619683.0
43069,1882131.0
43070,2954086.0
43071,3410878.0
43072,6313221.0
43073,2267425.0
43074,4780607.0
43075,1999097.0
43076,3752885.0
43077,7592272.0
43078,3258837.0
43079,3028267.0
43080,2344689.0
43081,3600467.0
43082,2544857.0
43083,5595267.0
43084,3347767.0
43085,3273041.0
43086,2156098.0
43087,3199619.0
43088,4155435.0
43089,1619683.0
43090,7592272.0
43091,5595267.0
43092,5500818.0
43093,4350573.0
43094,3939804.0
43095,6923131.0
43096,1882131.0
43097,3600467.0
43098,9652350.0
43099,1756069.0
43100,1270499.0
43101,2344689.0
43102,1904842.0
43103,4250553.0
43104,1270499.0
43105,2083447.0
43106,5595267.0
43107,2390534.0
43108,4250553.0
43109,7217634.0
43110,3351383.0
43111,4807746.0
43112,4467728.0
43113,1756069.0
43114,3426169.0
43115,5906596.0
43116,3600467.0
43117,3351383.0
43118,3351383.0
43119,6836483.0
43120,2097022.0
43121,8904084.0
43122,8213524.0
43123,4590423.0
43124,1847826.0
43125,1904842.0
43126,1756069.0
43127,2344689.0
43128,5525735.0
43129,2738052.0
43130,2732645.0
43131,4155435.0
43132,3004429.0
43133,2390534.0
43134,2551252.0
43135,2055379.0
43136,8894598.0
43137,7217634.0
43138,1734634.0
43139,1756069.0
43140,3351383.0
43141,2097022.0
43142,4316715.0
43143,5906596.0
43144,2097022.0
43145,1756069.0
43146,4705945.0
43147,4554237.0
43148,2083447.0
43149,1999097.0
43150,8213524.0
43151,4100886.0
43152,3807496.0
43153,4264176.0
43154,3410878.0
43155,7201784.0
43156,2097022.0
43157,3426169.0
43158,1619683.0
43159,3004429.0
43160,3028267.0
43161,4286645.0
43162,3447890.0
43163,2018785.0
43164,4590423.0
43165,1999097.0
43166,3778621.0
43167,6923131.0
43168,5525735.0
43169,8904084.0
43170,1149870.0
43171,2525375.0
43172,1763231.0
43173,2344689.0
43174,8213524.0
43175,7201784.0
43176,6363241.0
43177,3600467.0
43178,4350573.0
43179,2551252.0
43180,3600467.0
43181,8213524.0
43182,9652350.0
43183,1619683.0
43184,3199619.0
43185,1999097.0
43186,4590423.0
43187,3836721.0
43188,3351383.0
43189,5595267.0
43190,9262754.0
43191,3004429.0
43192,1999097.0
43193,2097022.0
43194,2021934.0
43195,5595267.0
43196,3410878.0
43197,4350573.0
43198,3347767.0
43199,4554237.0
43200,7201784.0
43201,5966193.0
43202,3351383.0
43203,2792031.0
43204,6782425.0
43205,3778621.0
43206,3752885.0
43207,2525375.0
43208,4316715.0
43209,3780019.0
43210,3939804.0
43211,6694797.0
43212,3347767.0
43213,1999097.0
43214,1904842.0
43215,7217634.0
43216,2993069.0
43217,4705945.0
43218,1999097.0
43219,1882131.0
43220,3410878.0
43221,3939804.0
43222,4350573.0
43223,6836483.0
43224,1999097.0
43225,1149870.0
43226,4554237.0
43227,1270499.0
43228,6694797.0
43229,2344689.0
43230,9262754.0
43231,3982767.0
43232,7592272.0
43233,3351383.0
43234,5525735.0
43235,6412623.0
43236,3410878.0
43237,1619683.0
43238,3780019.0
43239,2058644.0
43240,1882131.0
43241,1999097.0
43242,4888774.0
43243,1756069.0
43244,2551252.0
43245,1999097.0
43246,3351383.0
43247,2525375.0
43248,1270499.0
43249,3347767.0
43250,1619683.0
43251,4052733.0
43252,2055379.0
43253,3778621.0
43254,8213524.0
43255,4219263.0
43256,3347767.0
43257,3836721.0
43258,6412623.0
43259,1149870.0
43260,4066618.0
43261,4052733.0
43262,2021934.0
43263,8213524.0
43264,5017319.0
43265,4705945.0
43266,3939804.0
43267,3600467.0
43268,2544857.0
43269,2675511.0
43270,4882985.0
43271,2344689.0
43272,2344689.0
43273,2156098.0
43274,3351383.0
43275,1270499.0
43276,3351383.0
43277,4705945.0
43278,4219263.0
43279,4882985.0
43280,4705945.0
43281,2364478.0
43282,6363241.0
43283,8213524.0
43284,3351383.0
43285,3004429.0
43286,4250758.0
43287,2083447.0
43288,3982767.0
43289,2732645.0
43290,4250553.0
43291,3600467.0
43292,5444227.0
43293,5653753.0
43294,2097022.0
43295,8213524.0
43296,6923131.0
43297,2097022.0
43298,2018785.0
43299,5906596.0
43300,3410878.0
43301,4264176.0
43302,1847826.0
43303,3780019.0
43304,6694797.0
43305,7592272.0
43306,1270499.0
43307,2993069.0
43308,1904842.0
43309,6412623.0
43310,2792031.0
43311,4067566.0
43312,1882131.0
43313,2344689.0
43314,2018785.0
43315,2097022.0
43316,1847826.0
43317,6923131.0
43318,2675511.0
43319,2344689.0
43320,1999097.0
43321,6782425.0
43322,4067566.0
43323,4491607.0
43324,3447890.0
43325,2390534.0
43326,2344689.0
43327,3347767.0
43328,2018785.0
43329,6313221.0
43330,2551252.0
43331,2021934.0
43332,5500818.0
43333,3807496.0
43334,4590423.0
43335,4052733.0
43336,2097022.0
43337,8213524.0
43338,3753720.0
43339,3727364.0
43340,2738052.0
43341,3004429.0
43342,5435276.0
43343,4250553.0
43344,6923131.0
43345,1904842.0
43346,7495092.0
43347,5595267.0
43348,8213524.0
43349,3347767.0
43350,7495092.0
43351,2344689.0
43352,3004429.0
43353,7217634.0
43354,2097022.0
43355,3199619.0
43356,3903884.0
43357,5166635.0
43358,3426169.0
43359,1904842.0
43360,1999097.0
43361,5595267.0
43362,1619683.0
43363,1270499.0
43364,3982767.0
43365,6313221.0
43366,1619683.0
43367,1882131.0
43368,6941173.0
43369,5337526.0
43370,2732645.0
43371,3445076.0
43372,5525735.0
43373,4100886.0
43374,5525735.0
43375,2544857.0
43376,3982767.0
43377,3745135.0
43378,3956086.0
43379,4066618.0
43380,3836721.0
43381,6412623.0
43382,2055379.0
43383,4052733.0
43384,7592272.0
43385,4015749.0
43386,3351383.0
43387,5595267.0
43388,3261924.0
43389,3347767.0
43390,3836721.0
43391,2018785.0
43392,1619683.0
43393,6923131.0
43394,1270499.0
43395,3600467.0
43396,1756069.0
43397,2058644.0
43398,1270499.0
43399,2732645.0
43400,3600467.0
43401,1149870.0
43402,7592272.0
43403,2097022.0
43404,4952255.0
43405,1999097.0
43406,8213524.0
43407,3004429.0
43408,3347767.0
43409,3351383.0
43410,5595267.0
43411,5595267.0
43412,1756069.0
43413,6923131.0
43414,3727364.0
43415,6412623.0
43416,4590423.0
43417,1763231.0
43418,3376145.0
43419,4067566.0
43420,4052733.0
43421,1882131.0
43422,1904842.0
43423,6313221.0
43424,5595267.0
43425,2732645.0
43426,6412623.0
43427,4705945.0
43428,8213524.0
43429,1756069.0
43430,2097022.0
43431,2021934.0
43432,1270499.0
43433,3410878.0
43434,3347767.0
43435,3939804.0
43436,5595267.0
43437,4888774.0
43438,4467728.0
43439,3004429.0
43440,2058644.0
43441,2021934.0
43442,4316715.0
43443,2344689.0
43444,3004429.0
43445,4467728.0
43446,5906596.0
43447,1882131.0
43448,2267425.0
43449,3982767.0
43450,1847826.0
43451,3745135.0
43452,2993069.0
43453,4052733.0
43454,3351383.0
43455,3351383.0
43456,4780607.0
43457,4491607.0
43458,1999097.0
43459,4067566.0
43460,3028267.0
43461,2267425.0
43462,1999097.0
43463,1999097.0
43464,4052733.0
43465,3727364.0
43466,8894598.0
43467,2344689.0
43468,2156098.0
43469,2525375.0
43470,3351383.0
43471,3903884.0
43472,4100886.0
43473,2344689.0
43474,6412623.0
43475,3199619.0
43476,3410878.0
43477,2525375.0
43478,3727364.0
43479,3261924.0
43480,4066618.0
43481,2058644.0
43482,7865428.0
43483,3982767.0
43484,7592272.0
43485,1270499.0
43486,2021934.0
43487,6694797.0
43488,1904842.0
43489,6412623.0
43490,2055379.0
43491,2058644.0
43492,4705945.0
43493,3410878.0
43494,4882985.0
43495,3982767.0
43496,3982767.0
43497,3258837.0
43498,2740687.0
43499,1999097.0
43500,2344689.0
43501,1756069.0
43502,2344689.0
43503,5525735.0
43504,4250758.0
43505,2021934.0
43506,2097022.0
43507,7592272.0
43508,4888774.0
43509,1999097.0
43510,3600467.0
43511,2344689.0
43512,5337526.0
43513,1756069.0
43514,1734634.0
43515,2738052.0
43516,3376145.0
43517,4250758.0
43518,5444227.0
43519,3248660.0
43520,3752885.0
43521,9652350.0
43522,2544857.0
43523,2390534.0
43524,7201784.0
43525,6836483.0
43526,1619683.0
43527,2058644.0
43528,6313221.0
43529,2344689.0
43530,3982767.0
43531,3351383.0
43532,4264176.0
43533,3752885.0
43534,3273041.0
43535,3347767.0
43536,1756069.0
43537,3426169.0
43538,2675511.0
43539,8213524.0
43540,3871344.0
43541,4705945.0
43542,3273041.0
43543,6941173.0
43544,1149870.0
43545,1734634.0
43546,6363241.0
43547,2021934.0
43548,1999097.0
43549,2018785.0
43550,4052733.0
43551,3600467.0
43552,3351383.0
43553,2055379.0
43554,6694797.0
43555,3982767.0
43556,1756069.0
43557,3199619.0
43558,1999097.0
43559,3261924.0
43560,1619683.0
43561,3445076.0
43562,4467728.0
43563,1904842.0
43564,3347767.0
43565,1756069.0
43566,4100886.0
43567,4590423.0
43568,3410878.0
43569,3982767.0
43570,9652350.0
43571,2390534.0
43572,3447890.0
43573,1763231.0
43574,4350573.0
43575,3447890.0
43576,3752885.0
43577,2058644.0
43578,1270499.0
43579,1149870.0
43580,1847826.0
43581,7592272.0
43582,2058644.0
43583,3778621.0
43584,8213524.0
43585,1149870.0
43586,2675511.0
43587,3347767.0
43588,3028267.0
43589,2025297.0
43590,1904842.0
43591,4067566.0
43592,2097022.0
43593,1904842.0
43594,8904084.0
43595,1756069.0
43596,2792031.0
43597,2055379.0
43598,3836721.0
43599,3351383.0
43600,3347767.0
43601,1882131.0
43602,4250758.0
43603,2390534.0
43604,3836721.0
43605,3939804.0
43606,3780019.0
43607,3218918.0
43608,1847826.0
43609,3780019.0
43610,3347767.0
43611,1756069.0
43612,4952255.0
43613,3752885.0
43614,2021934.0
43615,3982767.0
43616,7217634.0
43617,1882131.0
43618,1847826.0
43619,2732645.0
43620,2675511.0
43621,6313221.0
43622,3347767.0
43623,6694797.0
43624,1756069.0
43625,1734634.0
43626,2021934.0
43627,2021934.0
43628,6412623.0
43629,2732645.0
43630,3004429.0
43631,7592272.0
43632,3347767.0
43633,3410878.0
43634,6941173.0
43635,2344689.0
43636,5444227.0
43637,1756069.0
43638,2058644.0
43639,7201784.0
43640,4250553.0
43641,3600467.0
43642,8213524.0
43643,2738052.0
43644,1756069.0
43645,4264176.0
43646,4155435.0
43647,4554237.0
43648,3410878.0
43649,2058644.0
43650,1904842.0
43651,2371202.0
43652,1882131.0
43653,9262754.0
43654,5500818.0
43655,2055379.0
43656,2097022.0
43657,2083447.0
43658,3347767.0
43659,2371202.0
43660,3426169.0
43661,1756069.0
43662,3903884.0
43663,7592272.0
43664,4052733.0
43665,2058644.0
43666,2083447.0
43667,2792031.0
43668,6782425.0
43669,4491607.0
43670,6694797.0
43671,3452382.0
43672,1270499.0
43673,1734634.0
43674,3410878.0
43675,2344689.0
43676,3426169.0
43677,1756069.0
43678,2021934.0
43679,2097022.0
43680,6412623.0
43681,5444227.0
43682,8213524.0
43683,4264176.0
43684,5906596.0
43685,5500818.0
43686,6694797.0
43687,2525375.0
43688,4015749.0
43689,1270499.0
43690,4705945.0
43691,5166635.0
43692,4590423.0
43693,3982767.0
43694,3410878.0
43695,2390534.0
43696,1882131.0
43697,5286212.0
43698,4467728.0
43699,3410878.0
43700,4067566.0
43701,9262754.0
43702,3258837.0
43703,2390534.0
43704,3426169.0
43705,3004429.0
43706,6836483.0
43707,2097022.0
43708,2058644.0
43709,3836721.0
43710,3347767.0
43711,1882131.0
43712,2390534.0
43713,1619683.0
43714,3004429.0
43715,3982767.0
43716,2738052.0
43717,7865428.0
43718,2344689.0
43719,1270499.0
43720,3982767.0
43721,8213524.0
43722,2525375.0
43723,1756069.0
43724,2018785.0
43725,3982767.0
43726,3982767.0
43727,2097022.0
43728,4155435.0
43729,8904084.0
43730,4952255.0
43731,2097022.0
43732,2675511.0
43733,2383840.0
43734,3347767.0
43735,2018785.0
43736,3410878.0
43737,4066618.0
43738,3600467.0
43739,6694797.0
43740,4015749.0
43741,2738052.0
43742,1999097.0
43743,1763231.0
43744,7495092.0
43745,2344689.0
43746,5444227.0
43747,1756069.0
43748,2058644.0
43749,3447890.0
43750,1270499.0
43751,5525735.0
43752,3248660.0
43753,6836483.0
43754,3956086.0
43755,2390534.0
43756,2018785.0
43757,1270499.0
43758,4467728.0
43759,7495092.0
43760,6836483.0
43761,3347767.0
43762,4807746.0
43763,3410878.0
43764,2544857.0
43765,4350573.0
43766,3836721.0
43767,4155435.0
43768,3836721.0
43769,5595267.0
43770,3745135.0
43771,3351383.0
43772,3780019.0
43773,1999097.0
43774,4491607.0
43775,4554237.0
43776,5595267.0
43777,4067566.0
43778,1999097.0
43779,2058644.0
43780,2675511.0
43781,1149870.0
43782,2055379.0
43783,3939804.0
43784,3600467.0
43785,4066618.0
43786,4952255.0
43787,3982767.0
43788,3004429.0
43789,4780607.0
43790,1149870.0
43791,2344689.0
43792,8213524.0
43793,7592272.0
43794,6941173.0
43795,3004429.0
43796,3956086.0
43797,1999097.0
43798,4705945.0
43799,5525735.0
43800,4491607.0
43801,1734634.0
43802,3939804.0
43803,3982767.0
43804,4015749.0
43805,4554237.0
43806,2021934.0
43807,4250553.0
43808,5787594.0
43809,3600467.0
43810,2344689.0
43811,9652350.0
43812,2344689.0
43813,3410878.0
43814,3447890.0
43815,3410878.0
43816,3982767.0
43817,3410878.0
43818,1619683.0
43819,4888774.0
43820,8213524.0
43821,8213524.0
43822,2525375.0
43823,3982767.0
43824,2544857.0
43825,3727364.0
43826,5337526.0
43827,5525735.0
43828,3261924.0
43829,1756069.0
43830,3351383.0
43831,5435276.0
43832,3347767.0
43833,2025297.0
43834,5595267.0
43835,2544857.0
43836,4705945.0
43837,6923131.0
43838,3600467.0
43839,3982767.0
43840,2083447.0
43841,3248660.0
43842,1149870.0
43843,2738052.0
43844,4491607.0
43845,4052733.0
43846,2097022.0
43847,3982767.0
43848,5435276.0
43849,2954086.0
43850,1149870.0
43851,3982767.0
43852,7592272.0
43853,2058644.0
43854,5595267.0
43855,3727364.0
43856,7592272.0
43857,2267425.0
43858,3600467.0
43859,2267425.0
43860,4219263.0
43861,2021934.0
43862,3347767.0
43863,7201784.0
43864,7592272.0
43865,1999097.0
43866,2267425.0
43867,2344689.0
43868,3028267.0
43869,6941173.0
43870,3752885.0
43871,4250553.0
43872,2371202.0
43873,7592272.0
43874,3982767.0
43875,3028267.0
43876,3004429.0
43877,1270499.0
43878,2267425.0
43879,1149870.0
43880,3261924.0
43881,1756069.0
43882,1999097.0
43883,3745135.0
43884,4491607.0
43885,4350573.0
43886,6412623.0
43887,3351383.0
43888,8213524.0
43889,2390534.0
43890,2344689.0
43891,2156098.0
43892,1270499.0
43893,3351383.0
43894,5906596.0
43895,3410878.0
43896,4350573.0
43897,4467728.0
43898,5595267.0
43899,3008199.0
43900,1999097.0
43901,6363241.0
43902,3982767.0
43903,8904084.0
43904,4250553.0
43905,4467728.0
43906,1734634.0
43907,4554237.0
43908,4052733.0
43909,3347767.0
43910,2993069.0
43911,1999097.0
43912,8213524.0
43913,7865428.0
43914,4250758.0
43915,4286645.0
43916,2993069.0
43917,6313221.0
43918,4100886.0
43919,9262754.0
43920,1756069.0
43921,3982767.0
43922,3258837.0
43923,8213524.0
43924,1999097.0
43925,6941173.0
43926,2021934.0
43927,7201784.0
43928,3445076.0
43929,5444227.0
43930,2738052.0
43931,6836483.0
43932,2551252.0
43933,1734634.0
43934,3347767.0
43935,1149870.0
43936,1847826.0
43937,6836483.0
43938,3028267.0
43939,3004429.0
43940,7592272.0
43941,4100886.0
43942,3426169.0
43943,3004429.0
43944,2018785.0
43945,2021934.0
43946,1756069.0
43947,2544857.0
43948,3745135.0
43949,2525375.0
43950,4067566.0
43951,2993069.0
43952,4952255.0
43953,2544857.0
43954,3347767.0
43955,2344689.0
43956,2732645.0
43957,1734634.0
43958,3347767.0
43959,3982767.0
43960,4067566.0
43961,3410878.0
43962,1270499.0
43963,2551252.0
43964,1619683.0
43965,3600467.0
43966,4491607.0
43967,8904084.0
43968,1999097.0
43969,3982767.0
43970,2021934.0
43971,4952255.0
43972,1904842.0
43973,4705945.0
43974,3351383.0
43975,3939804.0
43976,3004429.0
43977,3426169.0
43978,5500818.0
43979,8213524.0
43980,4316715.0
43981,2344689.0
43982,4952255.0
43983,3004429.0
43984,4467728.0
43985,1270499.0
43986,2525375.0
43987,4705945.0
43988,8213524.0
43989,4491607.0
43990,3410878.0
43991,5017319.0
43992,2732645.0
43993,3982767.0
43994,2058644.0
43995,3410878.0
43996,2021934.0
43997,1847826.0
43998,5595267.0
43999,3445076.0
44000,3600467.0
44001,1882131.0
44002,7217634.0
44003,4067566.0
44004,3248660.0
44005,1270499.0
44006,7592272.0
44007,3745135.0
44008,1149870.0
44009,1847826.0
44010,7217634.0
44011,3780019.0
44012,1619683.0
44013,1999097.0
44014,9652350.0
44015,3347767.0
44016,5435276.0
44017,4491607.0
44018,6412623.0
44019,1763231.0
44020,3727364.0
44021,2344689.0
44022,3347767.0
44023,1270499.0
44024,2344689.0
44025,3376145.0
44026,3218918.0
44027,9262754.0
44028,5595267.0
44029,4429512.0
44030,2021934.0
44031,7865428.0
44032,4882985.0
44033,1270499.0
44034,3199619.0
44035,3248660.0
44036,8213524.0
44037,6836483.0
44038,5500818.0
44039,5525735.0
44040,2344689.0
44041,2344689.0
44042,1847826.0
44043,4250553.0
44044,1847826.0
44045,3347767.0
44046,4705945.0
44047,2058644.0
44048,3780019.0
44049,9262754.0
44050,4052733.0
44051,1270499.0
44052,1999097.0
44053,1763231.0
44054,2058644.0
44055,3752885.0
44056,2055379.0
44057,3004429.0
44058,3351383.0
44059,3600467.0
44060,3028267.0
44061,3347767.0
44062,2954086.0
44063,6363241.0
44064,5017319.0
44065,4491607.0
44066,3727364.0
44067,3028267.0
44068,8213524.0
44069,3028267.0
44070,1999097.0
44071,3745135.0
44072,4264176.0
44073,4219263.0
44074,5435276.0
44075,4491607.0
44076,8213524.0
44077,6412623.0
44078,3836721.0
44079,2390534.0
44080,3273041.0
44081,1756069.0
44082,1149870.0
44083,2058644.0
44084,2344689.0
44085,4467728.0
44086,3008199.0
44087,2544857.0
44088,5017319.0
44089,3445076.0
44090,2021934.0
44091,2058644.0
44092,1756069.0
44093,3447890.0
44094,2344689.0
44095,4067566.0
44096,4705945.0
44097,3248660.0
44098,5017319.0
44099,6313221.0
44100,5595267.0
44101,5525735.0
44102,4952255.0
44103,4491607.0
44104,4067566.0
44105,1999097.0
44106,3745135.0
44107,4780607.0
44108,5461700.0
44109,1619683.0
44110,2156098.0
44111,2344689.0
44112,6313221.0
44113,9262754.0
44114,2544857.0
44115,3004429.0
44116,4250553.0
44117,3447890.0
44118,4350573.0
44119,6363241.0
44120,7865428.0
44121,2018785.0
44122,2025297.0
44123,4316715.0
44124,3956086.0
44125,2390534.0
44126,4350573.0
44127,3956086.0
44128,5787594.0
44129,2097022.0
44130,3351383.0
44131,3784230.0
44132,2156098.0
44133,1619683.0
44134,3258837.0
44135,2993069.0
44136,4052733.0
44137,3727364.0
44138,2025297.0
44139,3426169.0
44140,4467728.0
44141,3836721.0
44142,2083447.0
44143,3004429.0
44144,5525735.0
44145,2390534.0
44146,1270499.0
44147,2058644.0
44148,2025297.0
44149,2021934.0
44150,2058644.0
44151,4467728.0
44152,2025297.0
44153,2097022.0
44154,6694797.0
44155,3778621.0
44156,2021934.0
44157,1763231.0
44158,3727364.0
44159,1763231.0
44160,4758476.0
44161,3028267.0
44162,4554237.0
44163,5595267.0
44164,1999097.0
44165,4758476.0
44166,3426169.0
44167,4780607.0
44168,1149870.0
44169,3447890.0
44170,2344689.0
44171,2544857.0
44172,2267425.0
44173,6412623.0
44174,3600467.0
44175,3410878.0
44176,6941173.0
44177,2390534.0
44178,2993069.0
44179,3982767.0
44180,3600467.0
44181,2156098.0
44182,2740687.0
44183,5525735.0
44184,2344689.0
44185,3982767.0
44186,3347767.0
44187,4155435.0
44188,3351383.0
44189,2544857.0
44190,3273041.0
44191,4491607.0
44192,3004429.0
44193,4067566.0
44194,6412623.0
44195,3351383.0
44196,1756069.0
44197,7217634.0
44198,8213524.0
44199,3445076.0
44200,1756069.0
44201,4467728.0
44202,1619683.0
44203,2344689.0
44204,7217634.0
44205,1847826.0
44206,5906596.0
44207,2021934.0
44208,2097022.0
44209,4952255.0
44210,2097022.0
44211,1999097.0
44212,1847826.0
44213,4264176.0
44214,3218918.0
44215,2544857.0
44216,3028267.0
44217,2390534.0
44218,7865428.0
44219,4491607.0
44220,4491607.0
44221,4350573.0
44222,8630682.0
44223,3410878.0
44224,1270499.0
44225,3745135.0
44226,5525735.0
44227,3982767.0
44228,3778621.0
44229,5461700.0
44230,4067566.0
44231,3248660.0
44232,1149870.0
44233,2344689.0
44234,3347767.0
44235,3903884.0
44236,2993069.0
44237,1734634.0
44238,6313221.0
44239,3745135.0
44240,1149870.0
44241,7217634.0
44242,1619683.0
44243,2267425.0
44244,4316715.0
44245,3982767.0
44246,2058644.0
44247,4467728.0
44248,2021934.0
44249,2383840.0
44250,1270499.0
44251,2544857.0
44252,4888774.0
44253,1756069.0
44254,4264176.0
44255,4136425.0
44256,3004429.0
44257,3745135.0
44258,4316715.0
44259,2058644.0
44260,3939804.0
44261,4052733.0
44262,6941173.0
44263,1999097.0
44264,2058644.0
44265,2544857.0
44266,6941173.0
44267,4015749.0
44268,3939804.0
44269,2021934.0
44270,7217634.0
44271,2055379.0
44272,8213524.0
44273,5595267.0
44274,3982767.0
44275,3903884.0
44276,5500818.0
44277,4554237.0
44278,3351383.0
44279,5595267.0
44280,3903884.0
44281,5500818.0
44282,2390534.0
44283,3600467.0
44284,3807496.0
44285,6923131.0
44286,4952255.0
44287,3004429.0
44288,2025297.0
44289,8213524.0
44290,3248660.0
44291,6694797.0
44292,6313221.0
44293,3600467.0
44294,5500818.0
44295,3939804.0
44296,4491607.0
44297,4491607.0
44298,1999097.0
44299,1756069.0
44300,3727364.0
44301,3939804.0
44302,5787594.0
44303,3752885.0
44304,1270499.0
44305,3600467.0
44306,3447890.0
44307,2021934.0
44308,5595267.0
44309,3347767.0
44310,2993069.0
44311,2025297.0
44312,6412623.0
44313,2055379.0
44314,2738052.0
44315,2390534.0
44316,4952255.0
44317,5906596.0
44318,4250553.0
44319,4263629.0
44320,4350573.0
44321,2267425.0
44322,3780019.0
44323,4100886.0
44324,6782425.0
44325,6412623.0
44326,2792031.0
44327,6313221.0
44328,2544857.0
44329,3164972.0
44330,2371202.0
44331,7592272.0
44332,4590423.0
44333,4264176.0
44334,13575224.0
44335,2097022.0
44336,6694797.0
44337,2267425.0
44338,6941173.0
44339,3982767.0
44340,3745135.0
44341,3410878.0
44342,5525735.0
44343,1999097.0
44344,4590423.0
44345,1999097.0
44346,2058644.0
44347,4952255.0
44348,1756069.0
44349,1270499.0
44350,1270499.0
44351,3727364.0
44352,1763231.0
44353,7592272.0
44354,3939804.0
44355,3939804.0
44356,3600467.0
44357,3410878.0
44358,4316715.0
44359,1149870.0
44360,1756069.0
44361,3600467.0
44362,2993069.0
44363,2344689.0
44364,2954086.0
44365,2097022.0
44366,1756069.0
44367,7592272.0
44368,2544857.0
44369,2058644.0
44370,5653753.0
44371,6923131.0
44372,3351383.0
44373,2344689.0
44374,4219263.0
44375,4015749.0
44376,5595267.0
44377,5525735.0
44378,4554237.0
44379,7592272.0
44380,2344689.0
44381,2551252.0
44382,2021934.0
44383,4250553.0
44384,2021934.0
44385,2993069.0
44386,1904842.0
44387,5166635.0
44388,3836721.0
44389,8213524.0
44390,8904084.0
44391,1270499.0
44392,1999097.0
44393,1149870.0
44394,3028267.0
44395,3727364.0
44396,2551252.0
44397,2058644.0
44398,3004429.0
44399,4554237.0
44400,4015749.0
44401,3004429.0
44402,1763231.0
44403,3426169.0
44404,5161370.0
44405,2551252.0
44406,1847826.0
44407,2551252.0
44408,2390534.0
44409,7217634.0
44410,6836483.0
44411,6836483.0
44412,7495092.0
44413,3939804.0
44414,1270499.0
44415,3218918.0
44416,6412623.0
44417,1149870.0
44418,2344689.0
44419,3004429.0
44420,2792031.0
44421,4888774.0
44422,3351383.0
44423,2058644.0
44424,2792031.0
44425,5906596.0
44426,3258837.0
44427,5461700.0
44428,9262754.0
44429,2544857.0
44430,2344689.0
44431,1904842.0
44432,1270499.0
44433,1904842.0
44434,1149870.0
44435,2018785.0
44436,2675511.0
44437,2018785.0
44438,1619683.0
44439,5444227.0
44440,19696939.0
44441,9262754.0
44442,4264176.0
44443,5017319.0
44444,3600467.0
44445,1619683.0
44446,3410878.0
44447,2738052.0
44448,1270499.0
44449,5906596.0
44450,1999097.0
44451,4554237.0
44452,3939804.0
44453,3600467.0
44454,3778621.0
44455,2390534.0
44456,6412623.0
44457,4590423.0
44458,2021934.0
44459,4015749.0
44460,1149870.0
44461,3426169.0
44462,3939804.0
44463,4052733.0
44464,3982767.0
44465,2055379.0
44466,6782425.0
44467,1270499.0
44468,1149870.0
44469,2544857.0
44470,4590423.0
44471,3445076.0
44472,2371202.0
44473,1847826.0
44474,1763231.0
44475,4052733.0
44476,3600467.0
44477,2058644.0
44478,2055379.0
44479,2371202.0
44480,3410878.0
44481,2025297.0
44482,5906596.0
44483,2344689.0
44484,6313221.0
44485,4888774.0
44486,2732645.0
44487,2055379.0
44488,5787594.0
44489,3273041.0
44490,1619683.0
44491,2021934.0
44492,8904084.0
44493,3956086.0
44494,3426169.0
44495,2097022.0
44496,1847826.0
44497,2025297.0
44498,3939804.0
44499,1270499.0
44500,2156098.0
44501,2675511.0
44502,4780607.0
44503,4015749.0
44504,3982767.0
44505,3778621.0
44506,4491607.0
44507,2525375.0
44508,3351383.0
44509,2344689.0
44510,3956086.0
44511,2544857.0
44512,3410878.0
44513,3347767.0
44514,4705945.0
44515,5787594.0
44516,1149870.0
44517,1882131.0
44518,6923131.0
44519,2021934.0
44520,4491607.0
44521,2025297.0
44522,5444227.0
44523,1619683.0
44524,4491607.0
44525,2018785.0
44526,3939804.0
44527,1149870.0
44528,3784230.0
44529,7592272.0
44530,3956086.0
44531,6313221.0
44532,4052733.0
44533,4067566.0
44534,3778621.0
44535,6412623.0
44536,3982767.0
44537,3982767.0
44538,4467728.0
44539,4350573.0
44540,1149870.0
44541,4066618.0
44542,6836483.0
44543,1756069.0
44544,3347767.0
44545,5787594.0
44546,3745135.0
44547,4590423.0
44548,2097022.0
44549,4888774.0
44550,5161370.0
44551,3939804.0
44552,3956086.0
44553,4780607.0
44554,4882985.0
44555,3807496.0
44556,3351383.0
44557,4250553.0
44558,2058644.0
44559,1756069.0
44560,2083447.0
44561,4780607.0
44562,1882131.0
44563,4286645.0
44564,4052733.0
44565,2097022.0
44566,4350573.0
44567,3004429.0
44568,1149870.0
44569,13575224.0
44570,7217634.0
44571,2267425.0
44572,6941173.0
44573,6313221.0
44574,3780019.0
44575,1847826.0
44576,4067566.0
44577,6363241.0
44578,4100886.0
44579,3351383.0
44580,3347767.0
44581,2999068.0
44582,2021934.0
44583,4467728.0
44584,6836483.0
44585,1270499.0
44586,2055379.0
44587,6694797.0
44588,5500818.0
44589,1270499.0
44590,3727364.0
44591,4250553.0
44592,2097022.0
44593,5525735.0
44594,2055379.0
44595,5017319.0
44596,2018785.0
44597,1904842.0
44598,4780607.0
44599,4052733.0
44600,3258837.0
44601,1999097.0
44602,4219263.0
44603,8904084.0
44604,1882131.0
44605,4952255.0
44606,5787594.0
44607,4250758.0
44608,1756069.0
44609,2267425.0
44610,1619683.0
44611,4467728.0
44612,4136425.0
44613,3347767.0
44614,1149870.0
44615,7217634.0
44616,2364478.0
44617,1904842.0
44618,9262754.0
44619,2544857.0
44620,3939804.0
44621,2021934.0
44622,1149870.0
44623,2371202.0
44624,3982767.0
44625,4066618.0
44626,3028267.0
44627,3600467.0
44628,5286212.0
44629,2993069.0
44630,8894598.0
44631,2018785.0
44632,2390534.0
44633,4250553.0
44634,2021934.0
44635,5653753.0
44636,2344689.0
44637,3347767.0
44638,2525375.0
44639,3727364.0
44640,1882131.0
44641,3410878.0
44642,6782425.0
44643,7592272.0
44644,1904842.0
44645,3745135.0
44646,3258837.0
44647,3956086.0
44648,4705945.0
44649,3347767.0
44650,3426169.0
44651,2732645.0
44652,3347767.0
44653,3818055.0
44654,3939804.0
44655,3570392.0
44656,1763231.0
44657,1882131.0
44658,3347767.0
44659,2055379.0
44660,5435276.0
44661,2738052.0
44662,3351383.0
44663,3008199.0
44664,4015749.0
44665,4316715.0
44666,9262754.0
44667,1619683.0
44668,3258837.0
44669,2267425.0
44670,1882131.0
44671,1904842.0
44672,2025297.0
44673,6836483.0
44674,3351383.0
44675,3347767.0
44676,3600467.0
44677,2371202.0
44678,3452382.0
44679,2732645.0
44680,3982767.0
44681,2025297.0
44682,2267425.0
44683,2097022.0
44684,3410878.0
44685,3008199.0
44686,1270499.0
44687,7592272.0
44688,5595267.0
44689,1270499.0
44690,5444227.0
44691,4882985.0
44692,3004429.0
44693,3410878.0
44694,1756069.0
44695,3376145.0
44696,3347767.0
44697,3982767.0
44698,2544857.0
44699,4491607.0
44700,4554237.0
44701,3410878.0
44702,3261924.0
44703,3939804.0
44704,2055379.0
44705,2021934.0
44706,3600467.0
44707,4952255.0
44708,1149870.0
44709,2732645.0
44710,8213524.0
44711,3753720.0
44712,3445076.0
44713,3600467.0
44714,3956086.0
44715,2344689.0
44716,2058644.0
44717,1619683.0
44718,1149870.0
44719,3258837.0
44720,6694797.0
44721,2156098.0
44722,6941173.0
44723,2344689.0
44724,2055379.0
44725,2390534.0
44726,5525735.0
44727,3351383.0
44728,6941173.0
44729,7495092.0
44730,2732645.0
44731,4554237.0
44732,8213524.0
44733,3780019.0
44734,3745135.0
44735,2390534.0
44736,4888774.0
44737,6694797.0
44738,2058644.0
44739,3258837.0
44740,1756069.0
44741,5595267.0
44742,4066618.0
44743,2544857.0
44744,6941173.0
44745,4052733.0
44746,4780607.0
44747,4100886.0
44748,6313221.0
44749,4066618.0
44750,2675511.0
44751,2267425.0
44752,3258837.0
44753,1999097.0
44754,3600467.0
44755,7201784.0
44756,3447890.0
44757,2364478.0
44758,1270499.0
44759,2525375.0
44760,1734634.0
44761,1734634.0
44762,3600467.0
44763,3347767.0
44764,8904084.0
44765,3780019.0
44766,4316715.0
44767,3351383.0
44768,4067566.0
44769,2021934.0
44770,5595267.0
44771,6923131.0
44772,1734634.0
44773,4250758.0
44774,4155435.0
44775,2156098.0
44776,5337526.0
44777,3028267.0
44778,2551252.0
44779,1756069.0
44780,1847826.0
44781,4155435.0
44782,1734634.0
44783,3410878.0
44784,3727364.0
44785,9262754.0
44786,3447890.0
44787,5525735.0
44788,5500818.0
44789,4350573.0
44790,3004429.0
44791,3600467.0
44792,1270499.0
44793,8904084.0
44794,3351383.0
44795,6694797.0
44796,5595267.0
44797,6313221.0
44798,3376145.0
44799,3745135.0
44800,3600467.0
44801,2344689.0
44802,4491607.0
44803,2058644.0
44804,2732645.0
44805,7201784.0
44806,1756069.0
44807,4250553.0
44808,2525375.0
44809,1270499.0
44810,3351383.0
44811,1904842.0
44812,1756069.0
44813,5595267.0
44814,3982767.0
44815,2018785.0
44816,7495092.0
44817,4705945.0
44818,3982767.0
44819,3347767.0
44820,2993069.0
44821,2058644.0
44822,2675511.0
44823,5017319.0
44824,2383840.0
44825,3410878.0
44826,2792031.0
44827,3218918.0
44828,2025297.0
44829,5017319.0
44830,3807496.0
44831,4052733.0
44832,3752885.0
44833,5595267.0
44834,9262754.0
44835,2675511.0
44836,2344689.0
44837,7201784.0
44838,3426169.0
44839,3164972.0
44840,1734634.0
44841,2021934.0
44842,1756069.0
44843,5525735.0
44844,1270499.0
44845,2058644.0
44846,2344689.0
44847,3028267.0
44848,2344689.0
44849,3028267.0
44850,9652350.0
44851,6694797.0
44852,1149870.0
44853,3258837.0
44854,2390534.0
44855,5461700.0
44856,2390534.0
44857,3347767.0
44858,3004429.0
44859,3351383.0
44860,4491607.0
44861,2018785.0
44862,2018785.0
44863,2954086.0
44864,2055379.0
44865,3351383.0
44866,8894598.0
44867,4467728.0
44868,3600467.0
44869,6412623.0
44870,3410878.0
44871,2097022.0
44872,7495092.0
44873,2021934.0
44874,3347767.0
44875,1904842.0
44876,9262754.0
44877,1999097.0
44878,4067566.0
44879,7495092.0
44880,13575224.0
44881,3982767.0
44882,3727364.0
44883,6923131.0
44884,4705945.0
44885,4316715.0
44886,1619683.0
44887,4264176.0
44888,4952255.0
44889,3939804.0
44890,8213524.0
44891,4066618.0
44892,7495092.0
44893,3004429.0
44894,1999097.0
44895,7592272.0
44896,3982767.0
44897,7201784.0
44898,2792031.0
44899,3410878.0
44900,3956086.0
44901,2738052.0
44902,1734634.0
44903,4100886.0
44904,8213524.0
44905,2390534.0
44906,3248660.0
44907,6412623.0
44908,3273041.0
44909,4705945.0
44910,5444227.0
44911,3351383.0
44912,2344689.0
44913,4067566.0
44914,3982767.0
44915,4780607.0
44916,1619683.0
44917,1904842.0
44918,1904842.0
44919,2021934.0
44920,2058644.0
44921,3745135.0
44922,5017319.0
44923,1763231.0
44924,1734634.0
44925,2954086.0
44926,1619683.0
44927,4882985.0
44928,2058644.0
44929,4136425.0
44930,5653753.0
44931,3351383.0
44932,3351383.0
44933,2018785.0
44934,4264176.0
44935,2021934.0
44936,5595267.0
44937,1847826.0
44938,8904084.0
44939,1270499.0
44940,1882131.0
44941,4052733.0
44942,8213524.0
44943,7201784.0
44944,3347767.0
44945,2551252.0
44946,2738052.0
44947,3600467.0
44948,1756069.0
44949,5435276.0
44950,1904842.0
44951,3982767.0
44952,2544857.0
44953,3982767.0
44954,8213524.0
44955,7217634.0
44956,8213524.0
44957,1999097.0
44958,6941173.0
44959,2954086.0
44960,1999097.0
44961,5653753.0
44962,2792031.0
44963,9652350.0
44964,3199619.0
44965,3273041.0
44966,1904842.0
44967,1756069.0
44968,2993069.0
44969,2021934.0
44970,1756069.0
44971,1999097.0
44972,1270499.0
44973,2792031.0
44974,8213524.0
44975,2792031.0
44976,3376145.0
44977,1763231.0
44978,3004429.0
44979,2021934.0
44980,5017319.0
44981,2083447.0
44982,1999097.0
44983,2344689.0
44984,3982767.0
44985,4100886.0
44986,1999097.0
44987,2738052.0
44988,16549064.0
44989,6923131.0
44990,1619683.0
44991,8213524.0
44992,3447890.0
44993,2525375.0
44994,2021934.0
44995,3351383.0
44996,6313221.0
44997,3752885.0
44998,2525375.0
44999,2018785.0
45000,4250553.0
45001,4491607.0
45002,3727364.0
45003,3028267.0
45004,3347767.0
45005,4467728.0
45006,2390534.0
45007,8213524.0
45008,7217634.0
45009,4780607.0
45010,3347767.0
45011,3218918.0
45012,4052733.0
45013,1756069.0
45014,2344689.0
45015,3447890.0
45016,4250553.0
45017,3836721.0
45018,2021934.0
45019,3004429.0
45020,6313221.0
45021,3600467.0
45022,8213524.0
45023,3600467.0
45024,3818055.0
45025,3780019.0
45026,1149870.0
45027,3939804.0
45028,2018785.0
45029,3600467.0
45030,2551252.0
45031,4554237.0
45032,3836721.0
45033,2390534.0
45034,2018785.0
45035,3199619.0
45036,2058644.0
45037,1270499.0
45038,3248660.0
45039,2097022.0
45040,2344689.0
45041,2021934.0
45042,3426169.0
45043,4286645.0
45044,6941173.0
45045,1149870.0
45046,3410878.0
45047,4066618.0
45048,5787594.0
45049,3199619.0
45050,5444227.0
45051,4882985.0
45052,2544857.0
45053,1270499.0
45054,4015749.0
45055,3745135.0
45056,7495092.0
45057,8904084.0
45058,1904842.0
45059,1847826.0
45060,2267425.0
45061,5595267.0
45062,6412623.0
45063,2055379.0
45064,3452382.0
45065,3347767.0
45066,2544857.0
45067,2551252.0
45068,6941173.0
45069,1619683.0
45070,1882131.0
45071,3780019.0
45072,5337526.0
45073,2732645.0
45074,4066618.0
45075,1149870.0
45076,4554237.0
45077,3248660.0
45078,2097022.0
45079,3410878.0
45080,1999097.0
45081,2018785.0
45082,2055379.0
45083,2738052.0
45084,3410878.0
45085,2344689.0
45086,5500818.0
45087,2390534.0
45088,1149870.0
45089,2021934.0
45090,1847826.0
45091,3600467.0
45092,3956086.0
45093,2738052.0
45094,3982767.0
45095,3410878.0
45096,4052733.0
45097,4052733.0
45098,6836483.0
45099,3004429.0
45100,4888774.0
45101,3410878.0
45102,3727364.0
45103,5161370.0
45104,6923131.0
45105,3982767.0
45106,6941173.0
45107,2156098.0
45108,4429512.0
45109,9262754.0
45110,2675511.0
45111,4316715.0
45112,3982767.0
45113,4015749.0
45114,4888774.0
45115,3745135.0
45116,3347767.0
45117,6836483.0
45118,7201784.0
45119,3004429.0
45120,1847826.0
45121,4250553.0
45122,2390534.0
45123,3426169.0
45124,4264176.0
45125,6836483.0
45126,3028267.0
45127,4015749.0
45128,6694797.0
45129,6313221.0
45130,4952255.0
45131,2344689.0
45132,3807496.0
45133,3982767.0
45134,5500818.0
45135,5166635.0
45136,1270499.0
45137,3351383.0
45138,1756069.0
45139,1756069.0
45140,2344689.0
45141,3780019.0
45142,3028267.0
45143,3351383.0
45144,4350573.0
45145,4250553.0
45146,4952255.0
45147,3447890.0
45148,1619683.0
45149,1149870.0
45150,2021934.0
45151,1756069.0
45152,2525375.0
45153,2055379.0
45154,4219263.0
45155,4491607.0
45156,6313221.0
45157,3745135.0
45158,4015749.0
45159,2058644.0
45160,3426169.0
45161,1270499.0
45162,6694797.0
45163,1619683.0
45164,6836483.0
45165,2675511.0
45166,1149870.0
45167,2344689.0
45168,4250553.0
45169,3727364.0
45170,4888774.0
45171,3780019.0
45172,2156098.0
45173,7217634.0
45174,2525375.0
45175,7592272.0
45176,2021934.0
45177,3410878.0
45178,5595267.0
45179,3836721.0
45180,4491607.0
45181,1763231.0
45182,2267425.0
45183,6923131.0
45184,5595267.0
45185,2267425.0
45186,4100886.0
45187,4491607.0
45188,2371202.0
45189,3004429.0
45190,3351383.0
45191,3376145.0
45192,5017319.0
45193,3410878.0
45194,1882131.0
45195,8904084.0
45196,2055379.0
45197,4590423.0
45198,6363241.0
45199,2551252.0
45200,3778621.0
45201,3351383.0
45202,2344689.0
45203,2018785.0
45204,1270499.0
45205,4952255.0
45206,2525375.0
45207,6836483.0
45208,2344689.0
45209,3351383.0
45210,1999097.0
45211,3447890.0
45212,5595267.0
45213,3004429.0
45214,2097022.0
45215,2097022.0
45216,2156098.0
45217,4491607.0
45218,3426169.0
45219,9262754.0
45220,5017319.0
45221,4467728.0
45222,4052733.0
45223,4155435.0
45224,7865428.0
45225,3600467.0
45226,5017319.0
45227,5500818.0
45228,1756069.0
45229,2344689.0
45230,1763231.0
45231,6782425.0
45232,16549064.0
45233,4219263.0
45234,4250553.0
45235,1270499.0
45236,1999097.0
45237,1149870.0
45238,2732645.0
45239,6694797.0
45240,2344689.0
45241,3028267.0
45242,2993069.0
45243,2732645.0
45244,3004429.0
45245,6836483.0
45246,2097022.0
45247,4067566.0
45248,1149870.0
45249,3982767.0
45250,3347767.0
45251,6941173.0
45252,2544857.0
45253,2058644.0
45254,1999097.0
45255,4350573.0
45256,3600467.0
45257,6363241.0
45258,2525375.0
45259,3956086.0
45260,3004429.0
45261,4952255.0
45262,4491607.0
45263,2097022.0
45264,2551252.0
45265,3376145.0
45266,1149870.0
45267,2738052.0
45268,2344689.0
45269,7201784.0
45270,4590423.0
45271,3004429.0
45272,3600467.0
45273,2021934.0
45274,4952255.0
45275,4807746.0
45276,4067566.0
45277,1149870.0
45278,2732645.0
45279,3982767.0
45280,5435276.0
45281,2344689.0
45282,3939804.0
45283,3780019.0
45284,3753720.0
45285,4066618.0
45286,6694797.0
45287,1882131.0
45288,3004429.0
45289,8213524.0
45290,3752885.0
45291,3347767.0
45292,2792031.0
45293,3351383.0
45294,4491607.0
45295,2732645.0
45296,8213524.0
45297,2025297.0
45298,3376145.0
45299,5787594.0
45300,5461700.0
45301,3982767.0
45302,2156098.0
45303,3818055.0
45304,2525375.0
45305,1270499.0
45306,3376145.0
45307,4705945.0
45308,3818055.0
45309,3258837.0
45310,2954086.0
45311,1999097.0
45312,2058644.0
45313,1149870.0
45314,3351383.0
45315,6836483.0
45316,1619683.0
45317,1882131.0
45318,6941173.0
45319,3028267.0
45320,1270499.0
45321,3410878.0
45322,3410878.0
45323,1999097.0
45324,8904084.0
45325,1999097.0
45326,3600467.0
45327,4780607.0
45328,6694797.0
45329,4350573.0
45330,3004429.0
45331,4052733.0
45332,4316715.0
45333,2551252.0
45334,3871344.0
45335,3600467.0
45336,4015749.0
45337,1149870.0
45338,2097022.0
45339,3164972.0
45340,2675511.0
45341,4491607.0
45342,1999097.0
45343,4952255.0
45344,2738052.0
45345,2018785.0
45346,1270499.0
45347,2055379.0
45348,2058644.0
45349,6941173.0
45350,8213524.0
45351,2344689.0
45352,2544857.0
45353,4807746.0
45354,6694797.0
45355,7495092.0
45356,3258837.0
45357,4219263.0
45358,7217634.0
45359,3410878.0
45360,2058644.0
45361,3273041.0
45362,3956086.0
45363,1619683.0
45364,1882131.0
45365,6941173.0
45366,3982767.0
45367,3447890.0
45368,2525375.0
45369,8904084.0
45370,2097022.0
45371,1999097.0
45372,3447890.0
45373,1847826.0
45374,1882131.0
45375,3752885.0
45376,4888774.0
45377,3752885.0
45378,4052733.0
45379,6694797.0
45380,5500818.0
45381,8213524.0
45382,2999068.0
45383,1619683.0
45384,4015749.0
45385,7495092.0
45386,3347767.0
45387,4052733.0
45388,1756069.0
45389,3426169.0
45390,2344689.0
45391,3956086.0
45392,4882985.0
45393,6694797.0
45394,1270499.0
45395,3273041.0
45396,4491607.0
45397,5525735.0
45398,2383840.0
45399,5595267.0
45400,1756069.0
45401,4263629.0
45402,1734634.0
45403,3982767.0
45404,2738052.0
45405,2344689.0
45406,4052733.0
45407,4067566.0
45408,4888774.0
45409,3752885.0
45410,3727364.0
45411,5653753.0
45412,2055379.0
45413,2344689.0
45414,5166635.0
45415,2544857.0
45416,2058644.0
45417,2954086.0
45418,5653753.0
45419,4554237.0
45420,4067566.0
45421,7865428.0
45422,2097022.0
45423,4316715.0
45424,3351383.0
45425,4467728.0
45426,8213524.0
45427,2993069.0
45428,4705945.0
45429,1270499.0
45430,2390534.0
45431,3347767.0
45432,1756069.0
45433,3752885.0
45434,4491607.0
45435,3351383.0
45436,2267425.0
45437,3261924.0
45438,4705945.0
45439,4554237.0
45440,5286212.0
45441,4250553.0
45442,7495092.0
45443,7495092.0
45444,3745135.0
45445,4952255.0
45446,8213524.0
45447,2025297.0
45448,4952255.0
45449,4705945.0
45450,2058644.0
45451,4052733.0
45452,1149870.0
45453,2675511.0
45454,2058644.0
45455,5595267.0
45456,4052733.0
45457,3347767.0
45458,4052733.0
45459,4467728.0
45460,2018785.0
45461,1149870.0
45462,4467728.0
45463,2792031.0
45464,5906596.0
45465,2732645.0
45466,4250758.0
45467,4264176.0
45468,2021934.0
45469,1270499.0
45470,2018785.0
45471,2097022.0
45472,5166635.0
45473,2344689.0
45474,1619683.0
45475,2021934.0
45476,6941173.0
45477,4316715.0
45478,4066618.0
45479,3956086.0
45480,3780019.0
45481,3753720.0
45482,3780019.0
45483,3982767.0
45484,1999097.0
45485,1756069.0
45486,2344689.0
45487,2055379.0
45488,4250553.0
45489,7865428.0
45490,6923131.0
45491,5166635.0
45492,3028267.0
45493,1847826.0
45494,3410878.0
45495,3982767.0
45496,2267425.0
45497,3351383.0
45498,7592272.0
45499,8213524.0
45500,1999097.0
45501,5595267.0
45502,1270499.0
45503,4100886.0
45504,2738052.0
45505,6836483.0
45506,1619683.0
45507,1619683.0
45508,2732645.0
45509,2021934.0
45510,4590423.0
45511,2344689.0
45512,3426169.0
45513,3351383.0
45514,6941173.0
45515,2390534.0
45516,2390534.0
45517,1149870.0
45518,5500818.0
45519,2267425.0
45520,3004429.0
45521,2058644.0
45522,4067566.0
45523,1270499.0
45524,4554237.0
45525,3982767.0
45526,2344689.0
45527,4264176.0
45528,1149870.0
45529,4250553.0
45530,2058644.0
45531,3410878.0
45532,3727364.0
45533,1734634.0
45534,3347767.0
45535,2675511.0
45536,4491607.0
45537,1270499.0
45538,4067566.0
45539,1270499.0
45540,2267425.0
45541,3351383.0
45542,2344689.0
45543,1763231.0
45544,3956086.0
45545,2383840.0
45546,2058644.0
45547,1999097.0
45548,6313221.0
45549,3780019.0
45550,5435276.0
45551,2371202.0
45552,7592272.0
45553,3982767.0
45554,2021934.0
45555,2551252.0
45556,4491607.0
45557,8213524.0
45558,2390534.0
45559,6313221.0
45560,1149870.0
45561,3745135.0
45562,5525735.0
45563,2058644.0
45564,1270499.0
45565,3410878.0
45566,2018785.0
45567,3836721.0
45568,1149870.0
45569,1999097.0
45570,2058644.0
45571,3410878.0
45572,7217634.0
45573,8213524.0
45574,2390534.0
45575,1999097.0
45576,3939804.0
45577,7201784.0
45578,3004429.0
45579,3347767.0
45580,1763231.0
45581,4705945.0
45582,5525735.0
45583,4052733.0
45584,1619683.0
45585,2390534.0
45586,3199619.0
45587,7201784.0
45588,1619683.0
45589,6694797.0
45590,2383840.0
45591,4952255.0
45592,4250553.0
45593,1882131.0
45594,4219263.0
45595,9652350.0
45596,1882131.0
45597,4491607.0
45598,1734634.0
45599,3248660.0
45600,3600467.0
45601,2097022.0
45602,3600467.0
45603,2390534.0
45604,4066618.0
45605,3447890.0
45606,4952255.0
45607,4052733.0
45608,1756069.0
45609,2097022.0
45610,6313221.0
45611,5525735.0
45612,2344689.0
45613,1999097.0
45614,4066618.0
45615,2993069.0
45616,4888774.0
45617,6782425.0
45618,3982767.0
45619,4250553.0
45620,2390534.0
45621,4100886.0
45622,3376145.0
45623,3248660.0
45624,4554237.0
45625,3273041.0
45626,3376145.0
45627,1847826.0
45628,1270499.0
45629,7495092.0
45630,3028267.0
45631,2732645.0
45632,3004429.0
45633,7217634.0
45634,5966193.0
45635,1270499.0
45636,6313221.0
45637,8213524.0
45638,3351383.0
45639,2344689.0
45640,3199619.0
45641,3982767.0
45642,7865428.0
45643,3982767.0
45644,3347767.0
45645,2993069.0
45646,2055379.0
45647,3410878.0
45648,2344689.0
45649,2021934.0
45650,5435276.0
45651,2675511.0
45652,5337526.0
45653,3248660.0
45654,2544857.0
45655,5525735.0
45656,3028267.0
45657,7592272.0
45658,2344689.0
45659,4316715.0
45660,6923131.0
45661,1756069.0
45662,4067566.0
45663,4066618.0
45664,1999097.0
45665,2344689.0
45666,3745135.0
45667,2371202.0
45668,5787594.0
45669,1999097.0
45670,5500818.0
45671,3261924.0
45672,1847826.0
45673,3600467.0
45674,2544857.0
45675,5435276.0
45676,2344689.0
45677,4705945.0
45678,7592272.0
45679,6313221.0
45680,2344689.0
45681,2021934.0
45682,3426169.0
45683,1999097.0
45684,3727364.0
45685,7592272.0
45686,8213524.0
45687,4705945.0
45688,2738052.0
45689,5017319.0
45690,3347767.0
45691,3410878.0
45692,8213524.0
45693,6363241.0
45694,6313221.0
45695,1847826.0
45696,7865428.0
45697,3727364.0
45698,3939804.0
45699,3028267.0
45700,2525375.0
45701,7592272.0
45702,2097022.0
45703,2021934.0
45704,4952255.0
45705,6923131.0
45706,3810007.0
45707,1904842.0
45708,7217634.0
45709,3028267.0
45710,1149870.0
45711,8213524.0
45712,2390534.0
45713,1904842.0
45714,3261924.0
45715,4136425.0
45716,2058644.0
45717,1619683.0
45718,2732645.0
45719,3004429.0
45720,4350573.0
45721,1756069.0
45722,1756069.0
45723,5525735.0
45724,2390534.0
45725,2021934.0
45726,3956086.0
45727,4015749.0
45728,4052733.0
45729,2267425.0
45730,2097022.0
45731,3903884.0
45732,2058644.0
45733,2544857.0
45734,2551252.0
45735,3248660.0
45736,3347767.0
45737,3752885.0
45738,4590423.0
45739,3351383.0
45740,5525735.0
45741,2675511.0
45742,3410878.0
45743,3347767.0
45744,3410878.0
45745,2018785.0
45746,1149870.0
45747,6941173.0
45748,3836721.0
45749,6923131.0
45750,5966193.0
45751,3028267.0
45752,2097022.0
45753,4052733.0
45754,3745135.0
45755,3351383.0
45756,3164972.0
45757,3258837.0
45758,1847826.0
45759,3351383.0
45760,2055379.0
45761,2364478.0
45762,2344689.0
45763,2390534.0
45764,3004429.0
45765,3982767.0
45766,1734634.0
45767,3347767.0
45768,5461700.0
45769,1619683.0
45770,3836721.0
45771,2344689.0
45772,3836721.0
45773,4052733.0
45774,2954086.0
45775,3982767.0
45776,3347767.0
45777,4651866.0
45778,4067566.0
45779,1882131.0
45780,2021934.0
45781,1999097.0
45782,7217634.0
45783,7201784.0
45784,5017319.0
45785,3778621.0
45786,1734634.0
45787,3600467.0
45788,3008199.0
45789,2267425.0
45790,4590423.0
45791,3600467.0
45792,3248660.0
45793,3164972.0
45794,4250553.0
45795,3778621.0
45796,3004429.0
45797,3956086.0
45798,4219263.0
45799,9262754.0
45800,8213524.0
45801,3410878.0
45802,1149870.0
45803,1149870.0
45804,7592272.0
45805,2954086.0
45806,2954086.0
45807,1734634.0
45808,6941173.0
45809,3452382.0
45810,3426169.0
45811,6412623.0
45812,8904084.0
45813,3727364.0
45814,1999097.0
45815,5525735.0
45816,5017319.0
45817,2058644.0
45818,2344689.0
45819,3745135.0
45820,5337526.0
45821,1882131.0
45822,2390534.0
45823,2058644.0
45824,5500818.0
45825,2390534.0
45826,4015749.0
45827,3871344.0
45828,4952255.0
45829,3727364.0
45830,1882131.0
45831,5166635.0
45832,1270499.0
45833,2097022.0
45834,3445076.0
45835,1999097.0
45836,4350573.0
45837,6941173.0
45838,6412623.0
45839,1149870.0
45840,1149870.0
45841,6412623.0
45842,5017319.0
45843,4052733.0
45844,7217634.0
45845,1149870.0
45846,2390534.0
45847,2021934.0
45848,6836483.0
45849,6694797.0
45850,3600467.0
45851,2390534.0
45852,3982767.0
45853,3248660.0
45854,1149870.0
45855,5595267.0
45856,3727364.0
45857,3351383.0
45858,2732645.0
45859,6694797.0
45860,3447890.0
45861,2097022.0
45862,2544857.0
45863,2058644.0
45864,6412623.0
45865,3447890.0
45866,1756069.0
45867,8213524.0
45868,3780019.0
45869,7592272.0
45870,5017319.0
45871,4100886.0
45872,2058644.0
45873,2525375.0
45874,2018785.0
45875,2344689.0
45876,2544857.0
45877,6412623.0
45878,3347767.0
45879,1619683.0
45880,6941173.0
45881,2344689.0
45882,4219263.0
45883,4250758.0
45884,4952497.0
45885,5595267.0
45886,7201784.0
45887,2390534.0
45888,4264176.0
45889,2344689.0
45890,3028267.0
45891,2055379.0
45892,3410878.0
45893,3410878.0
45894,3351383.0
45895,2544857.0
45896,2344689.0
45897,4263629.0
45898,3004429.0
45899,2344689.0
45900,2097022.0
45901,8213524.0
45902,5595267.0
45903,6941173.0
45904,3778621.0
45905,1999097.0
45906,1882131.0
45907,6412623.0
45908,4052733.0
45909,5017319.0
45910,9262754.0
45911,3004429.0
45912,3753720.0
45913,3778621.0
45914,1904842.0
45915,6363241.0
45916,1756069.0
45917,4807746.0
45918,9652350.0
45919,2097022.0
45920,7592272.0
45921,2344689.0
45922,2390534.0
45923,7495092.0
45924,3410878.0
45925,2390534.0
45926,9652350.0
45927,2371202.0
45928,7592272.0
45929,2954086.0
45930,4491607.0
45931,1149870.0
45932,2551252.0
45933,1999097.0
45934,3745135.0
45935,2344689.0
45936,2344689.0
45937,3982767.0
45938,2371202.0
45939,1847826.0
45940,8213524.0
45941,1270499.0
45942,2390534.0
45943,6412623.0
45944,1847826.0
45945,2390534.0
45946,1999097.0
45947,3410878.0
45948,4491607.0
45949,2993069.0
45950,2156098.0
45951,2390534.0
45952,2267425.0
45953,4952255.0
45954,2390534.0
45955,4807746.0
45956,3982767.0
45957,6313221.0
45958,7201784.0
45959,1270499.0
45960,1999097.0
45961,1149870.0
45962,7201784.0
45963,5595267.0
45964,3784230.0
45965,2097022.0
45966,3600467.0
45967,2675511.0
45968,3727364.0
45969,3004429.0
45970,3982767.0
45971,1999097.0
45972,1619683.0
45973,8213524.0
45974,1882131.0
45975,2055379.0
45976,7592272.0
45977,3028267.0
45978,2738052.0
45979,6836483.0
45980,1149870.0
45981,5337526.0
45982,3273041.0
45983,4067566.0
45984,1619683.0
45985,6412623.0
45986,2097022.0
45987,3745135.0
45988,4590423.0
45989,1763231.0
45990,2267425.0
45991,1999097.0
45992,2675511.0
45993,3258837.0
45994,5500818.0
45995,3570392.0
45996,3004429.0
45997,9262754.0
45998,3347767.0
45999,4100886.0
46000,2097022.0
46001,2364478.0
46002,1756069.0
46003,3752885.0
46004,2018785.0
46005,3600467.0
46006,5525735.0
46007,1619683.0
46008,6923131.0
46009,7865428.0
46010,4350573.0
46011,3351383.0
46012,4888774.0
46013,7865428.0
46014,3778621.0
46015,5525735.0
46016,2390534.0
46017,6941173.0
46018,4491607.0
46019,6694797.0
46020,2097022.0
46021,2525375.0
46022,2058644.0
46023,5595267.0
46024,1149870.0
46025,1999097.0
46026,3745135.0
46027,3780019.0
46028,6941173.0
46029,2738052.0
46030,2097022.0
46031,3347767.0
46032,2097022.0
46033,1270499.0
46034,3745135.0
46035,5435276.0
46036,3982767.0
46037,3982767.0
46038,5017319.0
46039,6412623.0
46040,2993069.0
46041,3982767.0
46042,5906596.0
46043,4467728.0
46044,5337526.0
46045,1270499.0
46046,8213524.0
46047,3727364.0
46048,3347767.0
46049,2344689.0
46050,3836721.0
46051,3347767.0
46052,1999097.0
46053,1619683.0
46054,7592272.0
46055,3982767.0
46056,3347767.0
46057,3600467.0
46058,6313221.0
46059,3745135.0
46060,3347767.0
46061,3004429.0
46062,6836483.0
46063,3752885.0
46064,3727364.0
46065,4264176.0
46066,3410878.0
46067,1999097.0
46068,3351383.0
46069,1904842.0
46070,1270499.0
46071,2732645.0
46072,3028267.0
46073,3351383.0
46074,2055379.0
46075,3273041.0
46076,2058644.0
46077,3939804.0
46078,3261924.0
46079,3982767.0
46080,5595267.0
46081,8213524.0
46082,6694797.0
46083,1149870.0
46084,1756069.0
46085,2267425.0
46086,4350573.0
46087,3351383.0
46088,2344689.0
46089,1734634.0
46090,5435276.0
46091,4590423.0
46092,3982767.0
46093,8904084.0
46094,2097022.0
46095,9652350.0
46096,2097022.0
46097,5166635.0
46098,1734634.0
46099,3426169.0
46100,3426169.0
46101,3956086.0
46102,2021934.0
46103,2344689.0
46104,1734634.0
46105,2058644.0
46106,3600467.0
46107,4067566.0
46108,3939804.0
46109,1270499.0
46110,6694797.0
46111,7865428.0
46112,8213524.0
46113,3752885.0
46114,2097022.0
46115,4705945.0
46116,6313221.0
46117,2021934.0
46118,3028267.0
46119,6782425.0
46120,5337526.0
46121,3956086.0
46122,6313221.0
46123,3347767.0
46124,3347767.0
46125,2058644.0
46126,4015749.0
46127,6941173.0
46128,3028267.0
46129,8213524.0
46130,2738052.0
46131,3600467.0
46132,4264176.0
46133,3004429.0
46134,3273041.0
46135,2732645.0
46136,4467728.0
46137,3727364.0
46138,6782425.0
46139,2097022.0
46140,13575224.0
46141,4067566.0
46142,3447890.0
46143,3939804.0
46144,2675511.0
46145,3600467.0
46146,3410878.0
46147,3004429.0
46148,1756069.0
46149,3753720.0
46150,2993069.0
46151,2675511.0
46152,2156098.0
46153,4350573.0
46154,5525735.0
46155,1149870.0
46156,2993069.0
46157,1149870.0
46158,5525735.0
46159,3982767.0
46160,7217634.0
46161,1847826.0
46162,3347767.0
46163,1270499.0
46164,2021934.0
46165,1756069.0
46166,2055379.0
46167,3752885.0
46168,2055379.0
46169,2156098.0
46170,3028267.0
46171,3600467.0
46172,2344689.0
46173,1999097.0
46174,2544857.0
46175,2058644.0
46176,2021934.0
46177,2993069.0
46178,3982767.0
46179,4263629.0
46180,7201784.0
46181,4264176.0
46182,5017319.0
46183,2544857.0
46184,1882131.0
46185,8213524.0
46186,5166635.0
46187,3351383.0
46188,1756069.0
46189,3956086.0
46190,9652350.0
46191,4705945.0
46192,3745135.0
46193,2058644.0
46194,2344689.0
46195,2156098.0
46196,1734634.0
46197,2097022.0
46198,3836721.0
46199,6836483.0
46200,2954086.0
46201,6782425.0
46202,2993069.0
46203,3982767.0
46204,3347767.0
46205,2058644.0
46206,3982767.0
46207,8213524.0
46208,4250553.0
46209,3199619.0
46210,3956086.0
46211,4052733.0
46212,4952255.0
46213,4888774.0
46214,6836483.0
46215,8213524.0
46216,2383840.0
46217,3982767.0
46218,8213524.0
46219,4888774.0
46220,2738052.0
46221,2083447.0
46222,3028267.0
46223,4015749.0
46224,3426169.0
46225,4067566.0
46226,5525735.0
46227,6836483.0
46228,3956086.0
46229,4952255.0
46230,3410878.0
46231,4052733.0
46232,4250553.0
46233,4100886.0
46234,2058644.0
46235,4554237.0
46236,1619683.0
46237,2344689.0
46238,2267425.0
46239,1999097.0
46240,2371202.0
46241,4888774.0
46242,2097022.0
46243,5595267.0
46244,1763231.0
46245,2021934.0
46246,5500818.0
46247,3752885.0
46248,7201784.0
46249,1619683.0
46250,6694797.0
46251,5461700.0
46252,3426169.0
46253,6836483.0
46254,3447890.0
46255,4590423.0
46256,3982767.0
46257,1270499.0
46258,2055379.0
46259,2732645.0
46260,9262754.0
46261,2675511.0
46262,1847826.0
46263,1756069.0
46264,2344689.0
46265,4250758.0
46266,2267425.0
46267,3956086.0
46268,6836483.0
46269,4429512.0
46270,2267425.0
46271,6412623.0
46272,3248660.0
46273,1999097.0
46274,4015749.0
46275,7201784.0
46276,4250553.0
46277,3218918.0
46278,2267425.0
46279,5525735.0
46280,1270499.0
46281,2097022.0
46282,4250553.0
46283,4807746.0
46284,3778621.0
46285,4491607.0
46286,2097022.0
46287,2390534.0
46288,3836721.0
46289,3004429.0
46290,3982767.0
46291,3780019.0
46292,2371202.0
46293,3347767.0
46294,1734634.0
46295,3939804.0
46296,1149870.0
46297,1149870.0
46298,6836483.0
46299,1756069.0
46300,2993069.0
46301,3273041.0
46302,4067566.0
46303,2344689.0
46304,2551252.0
46305,3004429.0
46306,4429512.0
46307,7865428.0
46308,5595267.0
46309,1619683.0
46310,1270499.0
46311,4250758.0
46312,7217634.0
46313,2732645.0
46314,3410878.0
46315,2097022.0
46316,7495092.0
46317,1882131.0
46318,3351383.0
46319,1756069.0
46320,4316715.0
46321,2021934.0
46322,2018785.0
46323,2344689.0
46324,3351383.0
46325,3199619.0
46326,1270499.0
46327,5435276.0
46328,7201784.0
46329,2371202.0
46330,4467728.0
46331,2058644.0
46332,3982767.0
46333,9262754.0
46334,2021934.0
46335,4067566.0
46336,3727364.0
46337,1270499.0
46338,3410878.0
46339,4705945.0
46340,2097022.0
46341,3351383.0
46342,4952255.0
46343,2021934.0
46344,2021934.0
46345,9262754.0
46346,2525375.0
46347,2999068.0
46348,2993069.0
46349,8213524.0
46350,2055379.0
46351,2344689.0
46352,4705945.0
46353,2344689.0
46354,8213524.0
46355,1149870.0
46356,2732645.0
46357,5525735.0
46358,2525375.0
46359,7201784.0
46360,4952255.0
46361,1999097.0
46362,8213524.0
46363,2383840.0
46364,3447890.0
46365,1149870.0
46366,3426169.0
46367,3939804.0
46368,2993069.0
46369,1149870.0
46370,5595267.0
46371,3351383.0
46372,2954086.0
46373,4286645.0
46374,4429512.0
46375,3982767.0
46376,6941173.0
46377,2058644.0
46378,4250553.0
46379,5017319.0
46380,1756069.0
46381,2058644.0
46382,3351383.0
46383,2058644.0
46384,4067566.0
46385,3004429.0
46386,6923131.0
46387,2267425.0
46388,3261924.0
46389,3982767.0
46390,2544857.0
46391,1847826.0
46392,4952497.0
46393,2055379.0
46394,3939804.0
46395,3410878.0
46396,4264176.0
46397,3410878.0
46398,2055379.0
46399,3745135.0
46400,3004429.0
46401,3903884.0
46402,1149870.0
46403,2058644.0
46404,4952497.0
46405,6836483.0
46406,3780019.0
46407,3028267.0
46408,7217634.0
46409,4015749.0
46410,2738052.0
46411,8213524.0
46412,1756069.0
46413,3410878.0
46414,6836483.0
46415,2021934.0
46416,1999097.0
46417,1619683.0
46418,1270499.0
46419,5595267.0
46420,1756069.0
46421,3347767.0
46422,3261924.0
46423,1882131.0
46424,4491607.0
46425,3004429.0
46426,1734634.0
46427,2267425.0
46428,1619683.0
46429,5595267.0
46430,1734634.0
46431,3727364.0
46432,4491607.0
46433,2021934.0
46434,2732645.0
46435,3347767.0
46436,3836721.0
46437,3347767.0
46438,1734634.0
46439,3600467.0
46440,4491607.0
46441,2021934.0
46442,2097022.0
46443,5525735.0
46444,3351383.0
46445,2993069.0
46446,2390534.0
46447,4807746.0
46448,3780019.0
46449,3778621.0
46450,2344689.0
46451,6363241.0
46452,4780607.0
46453,4807746.0
46454,1149870.0
46455,2344689.0
46456,4052733.0
46457,3004429.0
46458,1270499.0
46459,2018785.0
46460,1756069.0
46461,6694797.0
46462,3447890.0
46463,4219263.0
46464,2021934.0
46465,1270499.0
46466,2551252.0
46467,2018785.0
46468,3982767.0
46469,2156098.0
46470,3745135.0
46471,3810007.0
46472,7217634.0
46473,1756069.0
46474,3836721.0
46475,6941173.0
46476,3351383.0
46477,1904842.0
46478,3956086.0
46479,2390534.0
46480,2371202.0
46481,4250553.0
46482,4316715.0
46483,2390534.0
46484,2344689.0
46485,1149870.0
46486,4780607.0
46487,1763231.0
46488,4491607.0
46489,4316715.0
46490,2344689.0
46491,4952255.0
46492,1270499.0
46493,2021934.0
46494,1904842.0
46495,2267425.0
46496,2544857.0
46497,3248660.0
46498,1756069.0
46499,4467728.0
46500,4952255.0
46501,1619683.0
46502,6694797.0
46503,7592272.0
46504,5595267.0
46505,2371202.0
46506,5595267.0
46507,7865428.0
46508,2390534.0
46509,1999097.0
46510,2097022.0
46511,5595267.0
46512,2344689.0
46513,3004429.0
46514,4491607.0
46515,1882131.0
46516,4316715.0
46517,3410878.0
46518,5500818.0
46519,3727364.0
46520,3218918.0
46521,2732645.0
46522,3939804.0
46523,3426169.0
46524,16549064.0
46525,3351383.0
46526,1619683.0
46527,7592272.0
46528,4250553.0
46529,3753720.0
46530,4316715.0
46531,3347767.0
46532,4250553.0
46533,4705945.0
46534,3351383.0
46535,3410878.0
46536,3780019.0
46537,3982767.0
46538,3939804.0
46539,7865428.0
46540,1270499.0
46541,3447890.0
46542,4100886.0
46543,3261924.0
46544,2097022.0
46545,5787594.0
46546,1619683.0
46547,2344689.0
46548,2390534.0
46549,3028267.0
46550,1999097.0
46551,6941173.0
46552,3347767.0
46553,2390534.0
46554,2021934.0
46555,2021934.0
46556,3028267.0
46557,2544857.0
46558,2544857.0
46559,3410878.0
46560,2551252.0
46561,3347767.0
46562,2792031.0
46563,2344689.0
46564,3004429.0
46565,4952255.0
46566,1270499.0
46567,6941173.0
46568,2390534.0
46569,3903884.0
46570,1734634.0
46571,7201784.0
46572,8213524.0
46573,2954086.0
46574,1756069.0
46575,4052733.0
46576,3600467.0
46577,2675511.0
46578,2021934.0
46579,2954086.0
46580,2021934.0
46581,3745135.0
46582,1882131.0
46583,1904842.0
46584,1619683.0
46585,2021934.0
46586,6941173.0
46587,1847826.0
46588,3008199.0
46589,9262754.0
46590,3745135.0
46591,3347767.0
46592,3600467.0
46593,3004429.0
46594,4052733.0
46595,4467728.0
46596,3258837.0
46597,7865428.0
46598,3376145.0
46599,4316715.0
46600,1734634.0
46601,7865428.0
46602,4067566.0
46603,2792031.0
46604,3410878.0
46605,2371202.0
46606,2993069.0
46607,4250758.0
46608,2267425.0
46609,2344689.0
46610,3410878.0
46611,3004429.0
46612,1904842.0
46613,4067566.0
46614,3778621.0
46615,2156098.0
46616,3410878.0
46617,5525735.0
46618,2390534.0
46619,2058644.0
46620,7495092.0
46621,4467728.0
46622,3351383.0
46623,2267425.0
46624,7592272.0
46625,7592272.0
46626,4052733.0
46627,7201784.0
46628,2083447.0
46629,2344689.0
46630,4015749.0
46631,3008199.0
46632,5166635.0
46633,4952255.0
46634,3426169.0
46635,7495092.0
46636,3982767.0
46637,2371202.0
46638,1847826.0
46639,4015749.0
46640,2025297.0
46641,1149870.0
46642,3004429.0
46643,2675511.0
46644,6836483.0
46645,3376145.0
46646,4705945.0
46647,1270499.0
46648,2732645.0
46649,3351383.0
46650,3004429.0
46651,2097022.0
46652,3261924.0
46653,3426169.0
46654,2738052.0
46655,2055379.0
46656,2097022.0
46657,3426169.0
46658,2058644.0
46659,7592272.0
46660,5653753.0
46661,3028267.0
46662,5444227.0
46663,3780019.0
46664,8213524.0
46665,6941173.0
46666,1756069.0
46667,3600467.0
46668,2740687.0
46669,8213524.0
46670,2025297.0
46671,2344689.0
46672,5787594.0
46673,2954086.0
46674,7865428.0
46675,1882131.0
46676,4491607.0
46677,5595267.0
46678,2344689.0
46679,1756069.0
46680,5653753.0
46681,4467728.0
46682,1904842.0
46683,1270499.0
46684,2792031.0
46685,3836721.0
46686,3347767.0
46687,2058644.0
46688,3836721.0
46689,3376145.0
46690,4286645.0
46691,5595267.0
46692,2344689.0
46693,2344689.0
46694,6694797.0
46695,2344689.0
46696,1619683.0
46697,4780607.0
46698,4705945.0
46699,3347767.0
46700,2344689.0
46701,1882131.0
46702,2021934.0
46703,4888774.0
46704,2738052.0
46705,2551252.0
46706,6694797.0
46707,3753720.0
46708,3410878.0
46709,1619683.0
46710,1904842.0
46711,3982767.0
46712,8213524.0
46713,3727364.0
46714,2058644.0
46715,2018785.0
46716,3347767.0
46717,3347767.0
46718,3028267.0
46719,3351383.0
46720,1756069.0
46721,2344689.0
46722,2267425.0
46723,5595267.0
46724,2390534.0
46725,4264176.0
46726,4780607.0
46727,2551252.0
46728,4052733.0
46729,1619683.0
46730,4015749.0
46731,8213524.0
46732,4491607.0
46733,3752885.0
46734,2083447.0
46735,3956086.0
46736,1619683.0
46737,2058644.0
46738,1734634.0
46739,2371202.0
46740,3778621.0
46741,1270499.0
46742,2390534.0
46743,1999097.0
46744,2021934.0
46745,1149870.0
46746,2021934.0
46747,6313221.0
46748,1756069.0
46749,3351383.0
46750,1149870.0
46751,3376145.0
46752,3347767.0
46753,4807746.0
46754,2738052.0
46755,2371202.0
46756,3727364.0
46757,1619683.0
46758,3600467.0
46759,4554237.0
46760,3447890.0
46761,3939804.0
46762,2021934.0
46763,1149870.0
46764,5525735.0
46765,2021934.0
46766,3410878.0
46767,2383840.0
46768,6313221.0
46769,3376145.0
46770,4705945.0
46771,5017319.0
46772,1847826.0
46773,2792031.0
46774,4780607.0
46775,8213524.0
46776,4100886.0
46777,2055379.0
46778,5161370.0
46779,3199619.0
46780,1756069.0
46781,1756069.0
46782,6412623.0
46783,7495092.0
46784,4136425.0
46785,2018785.0
46786,1734634.0
46787,2267425.0
46788,2675511.0
46789,2344689.0
46790,3727364.0
46791,4316715.0
46792,1619683.0
46793,1270499.0
46794,3351383.0
46795,2792031.0
46796,3248660.0
46797,4350573.0
46798,1882131.0
46799,2021934.0
46800,1904842.0
46801,2055379.0
46802,6941173.0
46803,3982767.0
46804,3939804.0
46805,4155435.0
46806,3745135.0
46807,3745135.0
46808,3410878.0
46809,4263629.0
46810,3347767.0
46811,1619683.0
46812,4250553.0
46813,2021934.0
46814,6313221.0
46815,4100886.0
46816,4590423.0
46817,2018785.0
46818,1999097.0
46819,2021934.0
46820,2097022.0
46821,2097022.0
46822,1756069.0
46823,3351383.0
46824,8213524.0
46825,5461700.0
46826,3351383.0
46827,3836721.0
46828,4467728.0
46829,1882131.0
46830,8213524.0
46831,3939804.0
46832,1999097.0
46833,3752885.0
46834,5525735.0
46835,3784230.0
46836,1756069.0
46837,3600467.0
46838,4250553.0
46839,8213524.0
46840,2018785.0
46841,2097022.0
46842,7592272.0
46843,1619683.0
46844,2021934.0
46845,9262754.0
46846,4316715.0
46847,7495092.0
46848,3004429.0
46849,2792031.0
46850,2025297.0
46851,4350573.0
46852,2344689.0
46853,4015749.0
46854,3248660.0
46855,2371202.0
46856,1619683.0
46857,3347767.0
46858,1619683.0
46859,2525375.0
46860,1882131.0
46861,5653753.0
46862,3004429.0
46863,3956086.0
46864,3745135.0
46865,2390534.0
46866,3982767.0
46867,1756069.0
46868,3445076.0
46869,8213524.0
46870,3903884.0
46871,2097022.0
46872,3903884.0
46873,5595267.0
46874,4052733.0
46875,5444227.0
46876,2021934.0
46877,1619683.0
46878,4015749.0
46879,2525375.0
46880,1149870.0
46881,2390534.0
46882,3447890.0
46883,4467728.0
46884,7495092.0
46885,16549064.0
46886,2993069.0
46887,3600467.0
46888,2025297.0
46889,4015749.0
46890,1763231.0
46891,6923131.0
46892,3745135.0
46893,1756069.0
46894,4554237.0
46895,3447890.0
46896,5595267.0
46897,3807496.0
46898,7592272.0
46899,3745135.0
46900,1756069.0
46901,9262754.0
46902,2390534.0
46903,3004429.0
46904,2544857.0
46905,8213524.0
46906,7592272.0
46907,2058644.0
46908,3727364.0
46909,3745135.0
46910,3753720.0
46911,2097022.0
46912,4350573.0
46913,2267425.0
46914,2792031.0
46915,3218918.0
46916,3600467.0
46917,1619683.0
46918,4350573.0
46919,4952255.0
46920,2055379.0
46921,5337526.0
46922,1999097.0
46923,4052733.0
46924,3600467.0
46925,3004429.0
46926,2097022.0
46927,1619683.0
46928,4100886.0
46929,1270499.0
46930,2021934.0
46931,4052733.0
46932,5461700.0
46933,13575224.0
46934,4350573.0
46935,3028267.0
46936,3004429.0
46937,4491607.0
46938,4590423.0
46939,1999097.0
46940,5595267.0
46941,2025297.0
46942,1999097.0
46943,1904842.0
46944,4705945.0
46945,2383840.0
46946,2021934.0
46947,5595267.0
46948,3199619.0
46949,1270499.0
46950,3273041.0
46951,2993069.0
46952,3351383.0
46953,3600467.0
46954,4264176.0
46955,3752885.0
46956,3004429.0
46957,1999097.0
46958,3351383.0
46959,4066618.0
46960,8213524.0
46961,1619683.0
46962,3445076.0
46963,3982767.0
46964,3447890.0
46965,6694797.0
46966,2018785.0
46967,2018785.0
46968,4100886.0
46969,3410878.0
46970,3351383.0
46971,4052733.0
46972,2344689.0
46973,2371202.0
46974,1149870.0
46975,2018785.0
46976,1882131.0
46977,2954086.0
46978,2083447.0
46979,1756069.0
46980,4554237.0
46981,3347767.0
46982,3752885.0
46983,1270499.0
46984,3982767.0
46985,2344689.0
46986,1999097.0
46987,3004429.0
46988,2021934.0
46989,1756069.0
46990,3258837.0
46991,1734634.0
46992,3939804.0
46993,1149870.0
46994,5595267.0
46995,2058644.0
46996,3727364.0
46997,7495092.0
46998,5286212.0
46999,3956086.0
47000,4286645.0
47001,4350573.0
47002,2083447.0
47003,4491607.0
47004,2544857.0
47005,3004429.0
47006,3351383.0
47007,2055379.0
47008,2055379.0
47009,3752885.0
47010,3426169.0
47011,3745135.0
47012,3745135.0
47013,2344689.0
47014,3258837.0
47015,1270499.0
47016,3982767.0
47017,4888774.0
47018,4250553.0
47019,3810007.0
47020,5525735.0
47021,2675511.0
47022,5444227.0
47023,6836483.0
47024,3028267.0
47025,4316715.0
47026,3351383.0
47027,4250553.0
47028,5444227.0
47029,3028267.0
47030,3410878.0
47031,2058644.0
47032,3376145.0
47033,3903884.0
47034,6412623.0
47035,6412623.0
47036,6941173.0
47037,4705945.0
47038,3261924.0
47039,1999097.0
47040,4554237.0
47041,5906596.0
47042,4250553.0
47043,4286645.0
47044,5525735.0
47045,2525375.0
47046,4780607.0
47047,4705945.0
47048,4491607.0
47049,2364478.0
47050,2738052.0
47051,6412623.0
47052,1999097.0
47053,3600467.0
47054,3004429.0
47055,3778621.0
47056,16549064.0
47057,1999097.0
47058,1756069.0
47059,2675511.0
47060,3445076.0
47061,4067566.0
47062,4015749.0
47063,5166635.0
47064,3351383.0
47065,5906596.0
47066,5337526.0
47067,3752885.0
47068,3351383.0
47069,4554237.0
47070,2344689.0
47071,3004429.0
47072,3600467.0
47073,3600467.0
47074,4467728.0
47075,3982767.0
47076,3956086.0
47077,2738052.0
47078,4491607.0
47079,3273041.0
47080,6923131.0
47081,3939804.0
47082,1999097.0
47083,4491607.0
47084,3248660.0
47085,2344689.0
47086,4491607.0
47087,2055379.0
47088,2097022.0
47089,1756069.0
47090,5444227.0
47091,2551252.0
47092,2097022.0
47093,3218918.0
47094,4491607.0
47095,3248660.0
47096,6836483.0
47097,3347767.0
47098,1149870.0
47099,1999097.0
47100,2021934.0
47101,8904084.0
47102,4067566.0
47103,1999097.0
47104,3347767.0
47105,3982767.0
47106,3347767.0
47107,2738052.0
47108,3004429.0
47109,4155435.0
47110,2021934.0
47111,2738052.0
47112,4052733.0
47113,1619683.0
47114,3351383.0
47115,6694797.0
47116,4250553.0
47117,2097022.0
47118,3410878.0
47119,4250553.0
47120,3004429.0
47121,2551252.0
47122,2954086.0
47123,3956086.0
47124,5444227.0
47125,2058644.0
47126,4780607.0
47127,5500818.0
47128,2390534.0
47129,3780019.0
47130,3745135.0
47131,3753720.0
47132,5595267.0
47133,7592272.0
47134,1270499.0
47135,2018785.0
47136,1763231.0
47137,3004429.0
47138,3347767.0
47139,3727364.0
47140,2675511.0
47141,2740687.0
47142,1763231.0
47143,2525375.0
47144,3351383.0
47145,5525735.0
47146,4780607.0
47147,4250553.0
47148,3426169.0
47149,1756069.0
47150,1882131.0
47151,2097022.0
47152,2544857.0
47153,3347767.0
47154,4015749.0
47155,4250758.0
47156,2058644.0
47157,3004429.0
47158,2018785.0
47159,8904084.0
47160,3347767.0
47161,1619683.0
47162,2525375.0
47163,3347767.0
47164,4052733.0
47165,3956086.0
47166,2732645.0
47167,3351383.0
47168,3199619.0
47169,2344689.0
47170,2390534.0
47171,1999097.0
47172,2021934.0
47173,2364478.0
47174,6363241.0
47175,5906596.0
47176,3273041.0
47177,5595267.0
47178,5595267.0
47179,6412623.0
47180,3939804.0
47181,2018785.0
47182,4705945.0
47183,8213524.0
47184,7592272.0
47185,2344689.0
47186,1619683.0
47187,6694797.0
47188,3351383.0
47189,1149870.0
47190,1270499.0
47191,1882131.0
47192,2097022.0
47193,3600467.0
47194,2993069.0
47195,6923131.0
47196,3600467.0
47197,4705945.0
47198,3004429.0
47199,2018785.0
47200,4467728.0
47201,4316715.0
47202,3780019.0
47203,4491607.0
47204,4705945.0
47205,6694797.0
47206,2267425.0
47207,1904842.0
47208,5017319.0
47209,2018785.0
47210,2999068.0
47211,2021934.0
47212,2551252.0
47213,1149870.0
47214,3004429.0
47215,2993069.0
47216,4491607.0
47217,1999097.0
47218,6363241.0
47219,3347767.0
47220,4491607.0
47221,3836721.0
47222,7592272.0
47223,4590423.0
47224,2021934.0
47225,4067566.0
47226,4316715.0
47227,4219263.0
47228,4067566.0
47229,3347767.0
47230,1999097.0
47231,5435276.0
47232,1847826.0
47233,8213524.0
47234,4491607.0
47235,3956086.0
47236,5595267.0
47237,1149870.0
47238,3752885.0
47239,3426169.0
47240,3745135.0
47241,5017319.0
47242,5525735.0
47243,2097022.0
47244,4250553.0
47245,2551252.0
47246,3780019.0
47247,5525735.0
47248,4491607.0
47249,3347767.0
47250,4590423.0
47251,3447890.0
47252,2792031.0
47253,4491607.0
47254,4491607.0
47255,5595267.0
47256,5906596.0
47257,2097022.0
47258,4350573.0
47259,5525735.0
47260,2525375.0
47261,3836721.0
47262,4066618.0
47263,2344689.0
47264,4052733.0
47265,2018785.0
47266,5595267.0
47267,2097022.0
47268,2058644.0
47269,2018785.0
47270,2344689.0
47271,2018785.0
47272,1999097.0
47273,3351383.0
47274,3410878.0
47275,2058644.0
47276,3347767.0
47277,3452382.0
47278,3258837.0
47279,3745135.0
47280,2097022.0
47281,3452382.0
47282,3347767.0
47283,4491607.0
47284,3376145.0
47285,3752885.0
47286,3410878.0
47287,6836483.0
47288,4015749.0
47289,3903884.0
47290,4780607.0
47291,2390534.0
47292,1756069.0
47293,1763231.0
47294,2058644.0
47295,7217634.0
47296,4952255.0
47297,4780607.0
47298,8904084.0
47299,2364478.0
47300,3261924.0
47301,2738052.0
47302,6923131.0
47303,2525375.0
47304,1619683.0
47305,4067566.0
47306,4882985.0
47307,3956086.0
47308,3745135.0
47309,1270499.0
47310,2344689.0
47311,4067566.0
47312,2018785.0
47313,3248660.0
47314,1882131.0
47315,6694797.0
47316,4554237.0
47317,1619683.0
47318,2097022.0
47319,2097022.0
47320,2058644.0
47321,3258837.0
47322,2993069.0
47323,4015749.0
47324,3410878.0
47325,3410878.0
47326,3410878.0
47327,8213524.0
47328,2058644.0
47329,2058644.0
47330,6923131.0
47331,2021934.0
47332,3347767.0
47333,4015749.0
47334,4015749.0
47335,2390534.0
47336,3004429.0
47337,6941173.0
47338,2018785.0
47339,4952255.0
47340,3410878.0
47341,8894598.0
47342,7865428.0
47343,3426169.0
47344,7217634.0
47345,8213524.0
47346,2025297.0
47347,5461700.0
47348,3982767.0
47349,2097022.0
47350,1882131.0
47351,3982767.0
47352,1999097.0
47353,2156098.0
47354,8213524.0
47355,3447890.0
47356,2025297.0
47357,2267425.0
47358,8904084.0
47359,6363241.0
47360,4554237.0
47361,5286212.0
47362,2058644.0
47363,3600467.0
47364,6412623.0
47365,6923131.0
47366,3600467.0
47367,4015749.0
47368,3004429.0
47369,1756069.0
47370,3347767.0
47371,3261924.0
47372,5017319.0
47373,6941173.0
47374,2993069.0
47375,1756069.0
47376,2021934.0
47377,3351383.0
47378,1734634.0
47379,3600467.0
47380,3218918.0
47381,3347767.0
47382,4015749.0
47383,4155435.0
47384,1149870.0
47385,3410878.0
47386,5017319.0
47387,1882131.0
47388,2267425.0
47389,6923131.0
47390,3347767.0
47391,5787594.0
47392,3008199.0
47393,4250553.0
47394,2083447.0
47395,2344689.0
47396,1882131.0
47397,2544857.0
47398,3351383.0
47399,2021934.0
47400,3956086.0
47401,4250758.0
47402,4067566.0
47403,2390534.0
47404,2544857.0
47405,2544857.0
47406,1999097.0
47407,3447890.0
47408,8213524.0
47409,1149870.0
47410,3600467.0
47411,4491607.0
47412,3410878.0
47413,7201784.0
47414,6363241.0
47415,6694797.0
47416,1904842.0
47417,3004429.0
47418,2371202.0
47419,1756069.0
47420,4250758.0
47421,1756069.0
47422,5906596.0
47423,3939804.0
47424,3218918.0
47425,4491607.0
47426,4705945.0
47427,4952255.0
47428,2390534.0
47429,4250758.0
47430,5525735.0
47431,3261924.0
47432,4066618.0
47433,2954086.0
47434,4350573.0
47435,8213524.0
47436,2390534.0
47437,3351383.0
47438,3261924.0
47439,6923131.0
47440,3600467.0
47441,5337526.0
47442,2344689.0
47443,4888774.0
47444,1999097.0
47445,1756069.0
47446,2525375.0
47447,2021934.0
47448,3004429.0
47449,3447890.0
47450,2675511.0
47451,3753720.0
47452,2344689.0
47453,2018785.0
47454,2055379.0
47455,2055379.0
47456,2371202.0
47457,3347767.0
47458,2390534.0
47459,2055379.0
47460,4467728.0
47461,2058644.0
47462,1756069.0
47463,2390534.0
47464,1270499.0
47465,8904084.0
47466,5525735.0
47467,3248660.0
47468,9262754.0
47469,5525735.0
47470,3410878.0
47471,5595267.0
47472,3426169.0
47473,2371202.0
47474,2738052.0
47475,4952255.0
47476,2097022.0
47477,2156098.0
47478,6313221.0
47479,3004429.0
47480,1847826.0
47481,5500818.0
47482,4705945.0
47483,1149870.0
47484,4491607.0
47485,6836483.0
47486,1756069.0
47487,2267425.0
47488,1619683.0
47489,2390534.0
47490,4705945.0
47491,6363241.0
47492,2344689.0
47493,6836483.0
47494,5017319.0
47495,3376145.0
47496,5286212.0
47497,3982767.0
47498,4100886.0
47499,3273041.0
47500,2740687.0
47501,3376145.0
47502,3745135.0
47503,3745135.0
47504,1734634.0
47505,2156098.0
47506,2018785.0
47507,3347767.0
47508,3445076.0
47509,2021934.0
47510,7592272.0
47511,4491607.0
47512,3727364.0
47513,6923131.0
47514,3347767.0
47515,2344689.0
47516,2544857.0
47517,3261924.0
47518,3982767.0
47519,4350573.0
47520,2018785.0
47521,8894598.0
47522,2675511.0
47523,1999097.0
47524,5017319.0
47525,6694797.0
47526,4052733.0
47527,3426169.0
47528,4807746.0
47529,6941173.0
47530,3982767.0
47531,3248660.0
47532,2371202.0
47533,4491607.0
47534,3199619.0
47535,8213524.0
47536,1270499.0
47537,3426169.0
47538,9262754.0
47539,4705945.0
47540,2390534.0
47541,2675511.0
47542,5166635.0
47543,2344689.0
47544,1999097.0
47545,2993069.0
47546,1149870.0
47547,1882131.0
47548,6412623.0
47549,2675511.0
47550,1882131.0
47551,4219263.0
47552,4052733.0
47553,8904084.0
47554,3939804.0
47555,3351383.0
47556,1149870.0
47557,3410878.0
47558,2371202.0
47559,1999097.0
47560,1904842.0
47561,1619683.0
47562,6412623.0
47563,3347767.0
47564,4250553.0
47565,16549064.0
47566,3004429.0
47567,4491607.0
47568,4067566.0
47569,5166635.0
47570,2371202.0
47571,2025297.0
47572,3600467.0
47573,2383840.0
47574,4219263.0
47575,2058644.0
47576,1904842.0
47577,3426169.0
47578,6836483.0
47579,2792031.0
47580,2267425.0
47581,3004429.0
47582,4467728.0
47583,2675511.0
47584,5161370.0
47585,5787594.0
47586,6782425.0
47587,6412623.0
47588,2058644.0
47589,1734634.0
47590,2058644.0
47591,1270499.0
47592,9262754.0
47593,6694797.0
47594,4491607.0
47595,4067566.0
47596,3004429.0
47597,3351383.0
47598,3745135.0
47599,3600467.0
47600,3004429.0
47601,2058644.0
47602,6313221.0
47603,4491607.0
47604,5906596.0
47605,4052733.0
47606,1882131.0
47607,3982767.0
47608,3903884.0
47609,2544857.0
47610,7495092.0
47611,8894598.0
47612,1847826.0
47613,3028267.0
47614,3778621.0
47615,3261924.0
47616,1149870.0
47617,3410878.0
47618,6941173.0
47619,4067566.0
47620,4067566.0
47621,2344689.0
47622,4250553.0
47623,4316715.0
47624,2390534.0
47625,4067566.0
47626,2954086.0
47627,3447890.0
47628,8213524.0
47629,2344689.0
47630,4554237.0
47631,1149870.0
47632,4067566.0
47633,2390534.0
47634,2018785.0
47635,2344689.0
47636,1149870.0
47637,5595267.0
47638,7592272.0
47639,3982767.0
47640,3745135.0
47641,3004429.0
47642,4250553.0
47643,4100886.0
47644,5595267.0
47645,2999068.0
47646,3351383.0
47647,6782425.0
47648,2390534.0
47649,3752885.0
47650,1149870.0
47651,3426169.0
47652,3445076.0
47653,3410878.0
47654,3982767.0
47655,2792031.0
47656,2544857.0
47657,3780019.0
47658,5787594.0
47659,3004429.0
47660,3351383.0
47661,3347767.0
47662,4015749.0
47663,6836483.0
47664,4491607.0
47665,2058644.0
47666,4067566.0
47667,4066618.0
47668,4066618.0
47669,3004429.0
47670,1756069.0
47671,3164972.0
47672,2954086.0
47673,6694797.0
47674,7201784.0
47675,2097022.0
47676,3410878.0
47677,4467728.0
47678,2058644.0
47679,5500818.0
47680,3600467.0
47681,3600467.0
47682,6782425.0
47683,4066618.0
47684,2097022.0
47685,1619683.0
47686,3745135.0
47687,3028267.0
47688,2344689.0
47689,1756069.0
47690,3410878.0
47691,1904842.0
47692,6923131.0
47693,3745135.0
47694,3727364.0
47695,2544857.0
47696,5435276.0
47697,7495092.0
47698,2675511.0
47699,4491607.0
47700,5525735.0
47701,3939804.0
47702,7217634.0
47703,3753720.0
47704,1734634.0
47705,2675511.0
47706,3261924.0
47707,4067566.0
47708,2551252.0
47709,8213524.0
47710,2993069.0
47711,3004429.0
47712,16549064.0
47713,2993069.0
47714,2738052.0
47715,3982767.0
47716,5595267.0
47717,2021934.0
47718,3982767.0
47719,3836721.0
47720,2792031.0
47721,2058644.0
47722,3780019.0
47723,2390534.0
47724,4780607.0
47725,2055379.0
47726,2675511.0
47727,2021934.0
47728,3347767.0
47729,4350573.0
47730,1619683.0
47731,2525375.0
47732,3004429.0
47733,3410878.0
47734,1756069.0
47735,2364478.0
47736,3752885.0
47737,2364478.0
47738,6782425.0
47739,4066618.0
47740,1756069.0
47741,3956086.0
47742,4491607.0
47743,4491607.0
47744,2058644.0
47745,2344689.0
47746,3004429.0
47747,3410878.0
47748,3351383.0
47749,1756069.0
47750,4590423.0
47751,2371202.0
47752,4467728.0
47753,3347767.0
47754,3004429.0
47755,4316715.0
47756,1847826.0
47757,8213524.0
47758,2097022.0
47759,5525735.0
47760,2364478.0
47761,3836721.0
47762,6941173.0
47763,3028267.0
47764,5161370.0
47765,2021934.0
47766,3410878.0
47767,3410878.0
47768,4888774.0
47769,2993069.0
47770,4780607.0
47771,2993069.0
47772,2055379.0
47773,4250553.0
47774,4491607.0
47775,3956086.0
47776,1270499.0
47777,1756069.0
47778,3199619.0
47779,8213524.0
47780,6782425.0
47781,6363241.0
47782,3745135.0
47783,3347767.0
47784,5595267.0
47785,4263629.0
47786,3982767.0
47787,4350573.0
47788,3258837.0
47789,3447890.0
47790,2097022.0
47791,1619683.0
47792,2344689.0
47793,2058644.0
47794,1619683.0
47795,2058644.0
47796,2097022.0
47797,4952255.0
47798,2675511.0
47799,4467728.0
47800,2544857.0
47801,3447890.0
47802,5653753.0
47803,5595267.0
47804,2732645.0
47805,2021934.0
47806,3745135.0
47807,2675511.0
47808,1999097.0
47809,3727364.0
47810,6941173.0
47811,1882131.0
47812,2954086.0
47813,3004429.0
47814,3956086.0
47815,3939804.0
47816,1756069.0
47817,4467728.0
47818,4250553.0
47819,5461700.0
47820,3780019.0
47821,3004429.0
47822,2390534.0
47823,4491607.0
47824,7217634.0
47825,2675511.0
47826,1270499.0
47827,2364478.0
47828,3028267.0
47829,6694797.0
47830,3347767.0
47831,2058644.0
47832,2156098.0
47833,4316715.0
47834,3778621.0
47835,3410878.0
47836,6836483.0
47837,2097022.0
47838,4467728.0
47839,3818055.0
47840,4052733.0
47841,4316715.0
47842,1270499.0
47843,3807496.0
47844,2058644.0
47845,8630682.0
47846,1619683.0
47847,3600467.0
47848,3199619.0
47849,7495092.0
47850,3752885.0
47851,4250553.0
47852,2018785.0
47853,3452382.0
47854,3028267.0
47855,5500818.0
47856,4491607.0
47857,1270499.0
47858,1763231.0
47859,4015749.0
47860,4250553.0
47861,2097022.0
47862,4888774.0
47863,2267425.0
47864,3410878.0
47865,2732645.0
47866,7495092.0
47867,2738052.0
47868,4066618.0
47869,1619683.0
47870,4780607.0
47871,3004429.0
47872,4491607.0
47873,3410878.0
47874,2055379.0
47875,6923131.0
47876,2021934.0
47877,3939804.0
47878,2267425.0
47879,2156098.0
47880,4350573.0
47881,3982767.0
47882,2058644.0
47883,2058644.0
47884,1756069.0
47885,3410878.0
47886,2021934.0
47887,1619683.0
47888,3273041.0
47889,3778621.0
47890,6694797.0
47891,2344689.0
47892,2097022.0
47893,1270499.0
47894,1619683.0
47895,1847826.0
47896,1619683.0
47897,5461700.0
47898,3347767.0
47899,3410878.0
47900,2792031.0
47901,2267425.0
47902,2021934.0
47903,2344689.0
47904,3347767.0
47905,2371202.0
47906,1149870.0
47907,3410878.0
47908,4952255.0
47909,1847826.0
47910,3008199.0
47911,2344689.0
47912,3982767.0
47913,4100886.0
47914,4780607.0
47915,2544857.0
47916,3199619.0
47917,3004429.0
47918,8213524.0
47919,1763231.0
47920,6694797.0
47921,3818055.0
47922,1904842.0
47923,7217634.0
47924,2371202.0
47925,2267425.0
47926,3028267.0
47927,3903884.0
47928,2083447.0
47929,1882131.0
47930,4491607.0
47931,6836483.0
47932,3426169.0
47933,5337526.0
47934,1270499.0
47935,2551252.0
47936,4015749.0
47937,7495092.0
47938,2551252.0
47939,3745135.0
47940,2018785.0
47941,2551252.0
47942,4651866.0
47943,1270499.0
47944,4952255.0
47945,4052733.0
47946,1999097.0
47947,2525375.0
47948,3982767.0
47949,5444227.0
47950,7201784.0
47951,2021934.0
47952,2390534.0
47953,4052733.0
47954,7592272.0
47955,4491607.0
47956,3410878.0
47957,9262754.0
47958,2675511.0
47959,5595267.0
47960,5500818.0
47961,2021934.0
47962,5461700.0
47963,4888774.0
47964,5017319.0
47965,3199619.0
47966,1847826.0
47967,6412623.0
47968,4350573.0
47969,2525375.0
47970,7495092.0
47971,2267425.0
47972,2738052.0
47973,8213524.0
47974,2344689.0
47975,4052733.0
47976,3600467.0
47977,1999097.0
47978,1847826.0
47979,1270499.0
47980,5595267.0
47981,2383840.0
47982,1270499.0
47983,2344689.0
47984,4316715.0
47985,2390534.0
47986,8213524.0
47987,2525375.0
47988,3199619.0
47989,2390534.0
47990,2675511.0
47991,6782425.0
47992,4705945.0
47993,4100886.0
47994,3351383.0
47995,2551252.0
47996,2732645.0
47997,1149870.0
47998,4705945.0
47999,1270499.0
48000,3347767.0
48001,1270499.0
48002,4264176.0
48003,4100886.0
48004,5435276.0
48005,4100886.0
48006,1999097.0
48007,2021934.0
48008,6313221.0
48009,2055379.0
48010,6694797.0
48011,7865428.0
48012,5525735.0
48013,2021934.0
48014,5017319.0
48015,2021934.0
48016,5906596.0
48017,1999097.0
48018,1999097.0
48019,3248660.0
48020,2018785.0
48021,16549064.0
48022,3004429.0
48023,3447890.0
48024,6412623.0
48025,2344689.0
48026,6941173.0
48027,4015749.0
48028,8213524.0
48029,2097022.0
48030,2083447.0
48031,6923131.0
48032,2097022.0
48033,1847826.0
48034,3939804.0
48035,1999097.0
48036,2021934.0
48037,3199619.0
48038,4052733.0
48039,3445076.0
48040,3008199.0
48041,3982767.0
48042,7865428.0
48043,2390534.0
48044,2055379.0
48045,2390534.0
48046,3004429.0
48047,6313221.0
48048,3810007.0
48049,4100886.0
48050,2021934.0
48051,3004429.0
48052,3347767.0
48053,1149870.0
48054,2993069.0
48055,2371202.0
48056,1999097.0
48057,8213524.0
48058,1847826.0
48059,4467728.0
48060,3956086.0
48061,2390534.0
48062,3410878.0
48063,7592272.0
48064,3445076.0
48065,4882985.0
48066,2018785.0
48067,2021934.0
48068,2058644.0
48069,3784230.0
48070,3752885.0
48071,3836721.0
48072,1270499.0
48073,2344689.0
48074,8213524.0
48075,4952255.0
48076,2025297.0
48077,2097022.0
48078,3600467.0
48079,1270499.0
48080,4705945.0
48081,1904842.0
48082,6313221.0
48083,2267425.0
48084,6923131.0
48085,4015749.0
48086,3028267.0
48087,1763231.0
48088,3447890.0
48089,1619683.0
48090,7592272.0
48091,2058644.0
48092,2025297.0
48093,3753720.0
48094,3248660.0
48095,2390534.0
48096,1756069.0
48097,3351383.0
48098,3778621.0
48099,2267425.0
48100,2097022.0
48101,4888774.0
48102,1999097.0
48103,4250553.0
48104,1756069.0
48105,2058644.0
48106,6836483.0
48107,3836721.0
48108,4888774.0
48109,2344689.0
48110,7201784.0
48111,3004429.0
48112,3600467.0
48113,3939804.0
48114,2267425.0
48115,2390534.0
48116,3004429.0
48117,8213524.0
48118,2058644.0
48119,2018785.0
48120,1999097.0
48121,6313221.0
48122,2792031.0
48123,2390534.0
48124,2021934.0
48125,2055379.0
48126,1270499.0
48127,5595267.0
48128,5500818.0
48129,3261924.0
48130,2097022.0
48131,3218918.0
48132,3426169.0
48133,2544857.0
48134,3745135.0
48135,2544857.0
48136,2792031.0
48137,3780019.0
48138,6412623.0
48139,1619683.0
48140,3956086.0
48141,3004429.0
48142,5461700.0
48143,2999068.0
48144,1999097.0
48145,4316715.0
48146,3745135.0
48147,4100886.0
48148,6412623.0
48149,5017319.0
48150,2058644.0
48151,3982767.0
48152,3982767.0
48153,5525735.0
48154,6836483.0
48155,2018785.0
48156,7592272.0
48157,8904084.0
48158,1999097.0
48159,1999097.0
48160,3004429.0
48161,3347767.0
48162,8904084.0
48163,1756069.0
48164,1882131.0
48165,1904842.0
48166,2058644.0
48167,2058644.0
48168,2675511.0
48169,4067566.0
48170,1999097.0
48171,1756069.0
48172,4952255.0
48173,1270499.0
48174,3028267.0
48175,2021934.0
48176,5435276.0
48177,2344689.0
48178,3351383.0
48179,4052733.0
48180,6923131.0
48181,5337526.0
48182,3410878.0
48183,3004429.0
48184,2021934.0
48185,4263629.0
48186,3376145.0
48187,3248660.0
48188,1999097.0
48189,4952255.0
48190,6923131.0
48191,6412623.0
48192,1149870.0
48193,3836721.0
48194,3347767.0
48195,4807746.0
48196,3347767.0
48197,5461700.0
48198,3956086.0
48199,2390534.0
48200,4491607.0
48201,1847826.0
48202,2097022.0
48203,7217634.0
48204,3004429.0
48205,1882131.0
48206,3600467.0
48207,6923131.0
48208,4952255.0
48209,3004429.0
48210,3982767.0
48211,6941173.0
48212,4491607.0
48213,3600467.0
48214,4067566.0
48215,5595267.0
48216,7592272.0
48217,6941173.0
48218,2058644.0
48219,3028267.0
48220,2732645.0
48221,4067566.0
48222,1270499.0
48223,6941173.0
48224,4316715.0
48225,3004429.0
48226,4705945.0
48227,1756069.0
48228,8213524.0
48229,7865428.0
48230,3410878.0
48231,4888774.0
48232,8213524.0
48233,4467728.0
48234,4807746.0
48235,3447890.0
48236,1882131.0
48237,1149870.0
48238,4554237.0
48239,2525375.0
48240,3939804.0
48241,3956086.0
48242,4952255.0
48243,1999097.0
48244,3004429.0
48245,4429512.0
48246,3745135.0
48247,3004429.0
48248,3982767.0
48249,2993069.0
48250,6694797.0
48251,4651866.0
48252,2025297.0
48253,3745135.0
48254,1149870.0
48255,9262754.0
48256,4316715.0
48257,3351383.0
48258,2993069.0
48259,4066618.0
48260,2055379.0
48261,2021934.0
48262,1149870.0
48263,6836483.0
48264,4491607.0
48265,4066618.0
48266,2058644.0
48267,1904842.0
48268,5906596.0
48269,3376145.0
48270,4250758.0
48271,4491607.0
48272,2344689.0
48273,3004429.0
48274,1999097.0
48275,2058644.0
48276,1270499.0
48277,5906596.0
48278,1999097.0
48279,3745135.0
48280,5017319.0
48281,1756069.0
48282,1999097.0
48283,4250553.0
48284,2954086.0
48285,1904842.0
48286,2544857.0
48287,4052733.0
48288,3410878.0
48289,3445076.0
48290,3447890.0
48291,3752885.0
48292,2551252.0
48293,2792031.0
48294,2058644.0
48295,2738052.0
48296,2058644.0
48297,2999068.0
48298,2058644.0
48299,6694797.0
48300,3410878.0
48301,2675511.0
48302,3261924.0
48303,2058644.0
48304,5525735.0
48305,5595267.0
48306,2544857.0
48307,2018785.0
48308,4467728.0
48309,5017319.0
48310,1882131.0
48311,6836483.0
48312,4100886.0
48313,2058644.0
48314,2371202.0
48315,1904842.0
48316,3028267.0
48317,5461700.0
48318,3351383.0
48319,3273041.0
48320,2097022.0
48321,2792031.0
48322,1999097.0
48323,9652350.0
48324,3004429.0
48325,2267425.0
48326,7201784.0
48327,3780019.0
48328,3347767.0
48329,2018785.0
48330,6412623.0
48331,2058644.0
48332,5906596.0
48333,3410878.0
48334,4250553.0
48335,3753720.0
48336,2058644.0
48337,1270499.0
48338,3982767.0
48339,1847826.0
48340,4316715.0
48341,4155435.0
48342,4264176.0
48343,3600467.0
48344,3445076.0
48345,3745135.0
48346,2018785.0
48347,3410878.0
48348,3004429.0
48349,4286645.0
48350,2018785.0
48351,3600467.0
48352,3199619.0
48353,6923131.0
48354,1999097.0
48355,3753720.0
48356,3199619.0
48357,2021934.0
48358,1756069.0
48359,5525735.0
48360,2021934.0
48361,2390534.0
48362,2025297.0
48363,2993069.0
48364,2792031.0
48365,5595267.0
48366,1882131.0
48367,3351383.0
48368,1149870.0
48369,1999097.0
48370,3004429.0
48371,3982767.0
48372,3600467.0
48373,3780019.0
48374,2390534.0
48375,6836483.0
48376,4467728.0
48377,6941173.0
48378,8213524.0
48379,2675511.0
48380,3982767.0
48381,3600467.0
48382,5435276.0
48383,3982767.0
48384,3351383.0
48385,4250553.0
48386,4316715.0
48387,2792031.0
48388,3164972.0
48389,2058644.0
48390,5286212.0
48391,3727364.0
48392,2097022.0
48393,8213524.0
48394,6363241.0
48395,6941173.0
48396,6412623.0
48397,2525375.0
48398,3447890.0
48399,1734634.0
48400,3939804.0
48401,1763231.0
48402,2097022.0
48403,2021934.0
48404,1847826.0
48405,1734634.0
48406,1619683.0
48407,1270499.0
48408,2156098.0
48409,7865428.0
48410,1847826.0
48411,1847826.0
48412,3752885.0
48413,3248660.0
48414,8213524.0
48415,8904084.0
48416,3248660.0
48417,2732645.0
48418,1904842.0
48419,1619683.0
48420,3982767.0
48421,8213524.0
48422,7201784.0
48423,3600467.0
48424,2083447.0
48425,3836721.0
48426,1619683.0
48427,4136425.0
48428,4705945.0
48429,6313221.0
48430,5595267.0
48431,1999097.0
48432,3426169.0
48433,1999097.0
48434,8213524.0
48435,2058644.0
48436,2018785.0
48437,4952255.0
48438,2740687.0
48439,3807496.0
48440,5444227.0
48441,3351383.0
48442,1270499.0
48443,9262754.0
48444,2544857.0
48445,2675511.0
48446,1149870.0
48447,1999097.0
48448,4066618.0
48449,4952255.0
48450,2993069.0
48451,6941173.0
48452,4250553.0
48453,4491607.0
48454,1847826.0
48455,4100886.0
48456,2097022.0
48457,3410878.0
48458,3004429.0
48459,4705945.0
48460,3261924.0
48461,2058644.0
48462,4067566.0
48463,3347767.0
48464,2018785.0
48465,3939804.0
48466,2371202.0
48467,3745135.0
48468,1149870.0
48469,3836721.0
48470,3982767.0
48471,2055379.0
48472,3410878.0
48473,5166635.0
48474,3426169.0
48475,2390534.0
48476,1619683.0
48477,4052733.0
48478,3004429.0
48479,2675511.0
48480,4952497.0
48481,2390534.0
48482,1149870.0
48483,5500818.0
48484,4250553.0
48485,2675511.0
48486,5906596.0
48487,2058644.0
48488,3004429.0
48489,9652350.0
48490,2675511.0
48491,3982767.0
48492,2544857.0
48493,4350573.0
48494,1999097.0
48495,4491607.0
48496,5595267.0
48497,4705945.0
48498,3248660.0
48499,2021934.0
48500,2525375.0
48501,3939804.0
48502,4052733.0
48503,6694797.0
48504,3753720.0
48505,4015749.0
48506,7495092.0
48507,6694797.0
48508,2390534.0
48509,2018785.0
48510,7217634.0
48511,2371202.0
48512,2021934.0
48513,5906596.0
48514,4316715.0
48515,5906596.0
48516,4429512.0
48517,2344689.0
48518,4554237.0
48519,3004429.0
48520,2058644.0
48521,7592272.0
48522,3347767.0
48523,4467728.0
48524,3727364.0
48525,2738052.0
48526,3600467.0
48527,3004429.0
48528,2097022.0
48529,3600467.0
48530,3376145.0
48531,5435276.0
48532,3780019.0
48533,2344689.0
48534,2344689.0
48535,1756069.0
48536,7495092.0
48537,3261924.0
48538,3727364.0
48539,1999097.0
48540,1270499.0
48541,3836721.0
48542,2383840.0
48543,2097022.0
48544,2525375.0
48545,4952255.0
48546,3982767.0
48547,2267425.0
48548,3004429.0
48549,3939804.0
48550,4015749.0
48551,1149870.0
48552,3447890.0
48553,2344689.0
48554,6782425.0
48555,7592272.0
48556,5525735.0
48557,2390534.0
48558,1149870.0
48559,2097022.0
48560,9262754.0
48561,4052733.0
48562,2097022.0
48563,2018785.0
48564,3347767.0
48565,2021934.0
48566,2021934.0
48567,2267425.0
48568,4590423.0
48569,3752885.0
48570,4286645.0
48571,3218918.0
48572,2021934.0
48573,2021934.0
48574,4052733.0
48575,4952255.0
48576,7495092.0
48577,2058644.0
48578,1270499.0
48579,4264176.0
48580,2525375.0
48581,4705945.0
48582,3410878.0
48583,3445076.0
48584,3410878.0
48585,2344689.0
48586,1619683.0
48587,8894598.0
48588,2021934.0
48589,4467728.0
48590,3410878.0
48591,1149870.0
48592,3351383.0
48593,5500818.0
48594,4052733.0
48595,2058644.0
48596,5500818.0
48597,4491607.0
48598,3351383.0
48599,6412623.0
48600,3028267.0
48601,8213524.0
48602,2025297.0
48603,3410878.0
48604,2058644.0
48605,4219263.0
48606,3004429.0
48607,3347767.0
48608,2371202.0
48609,4264176.0
48610,2364478.0
48611,1270499.0
48612,2371202.0
48613,1882131.0
48614,2018785.0
48615,3351383.0
48616,3939804.0
48617,4350573.0
48618,2675511.0
48619,6363241.0
48620,3447890.0
48621,4100886.0
48622,2371202.0
48623,1763231.0
48624,3004429.0
48625,4052733.0
48626,2371202.0
48627,1999097.0
48628,2267425.0
48629,2018785.0
48630,5906596.0
48631,4952255.0
48632,4015749.0
48633,6836483.0
48634,3810007.0
48635,1882131.0
48636,6941173.0
48637,4052733.0
48638,3982767.0
48639,2097022.0
48640,2390534.0
48641,4219263.0
48642,2156098.0
48643,2525375.0
48644,6782425.0
48645,1847826.0
48646,1756069.0
48647,3028267.0
48648,1734634.0
48649,4807746.0
48650,6836483.0
48651,6313221.0
48652,9262754.0
48653,2025297.0
48654,1756069.0
48655,2025297.0
48656,3903884.0
48657,4651866.0
48658,3939804.0
48659,1619683.0
48660,1882131.0
48661,6412623.0
48662,3347767.0
48663,1882131.0
48664,4467728.0
48665,3753720.0
48666,7217634.0
48667,2156098.0
48668,3004429.0
48669,1999097.0
48670,4250553.0
48671,4316715.0
48672,4952255.0
48673,6313221.0
48674,8213524.0
48675,3351383.0
48676,2344689.0
48677,2371202.0
48678,2058644.0
48679,2792031.0
48680,3727364.0
48681,3956086.0
48682,1619683.0
48683,3347767.0
48684,5525735.0
48685,1882131.0
48686,2792031.0
48687,3347767.0
48688,7495092.0
48689,5444227.0
48690,2954086.0
48691,6313221.0
48692,4467728.0
48693,1756069.0
48694,1270499.0
48695,7592272.0
48696,2058644.0
48697,2383840.0
48698,5906596.0
48699,3004429.0
48700,2993069.0
48701,1619683.0
48702,3426169.0
48703,2055379.0
48704,3982767.0
48705,1999097.0
48706,1270499.0
48707,2792031.0
48708,3351383.0
48709,5595267.0
48710,2156098.0
48711,6363241.0
48712,2525375.0
48713,6836483.0
48714,3410878.0
48715,4467728.0
48716,4286645.0
48717,1999097.0
48718,2675511.0
48719,2058644.0
48720,2018785.0
48721,9262754.0
48722,2055379.0
48723,3939804.0
48724,2058644.0
48725,3410878.0
48726,5166635.0
48727,2021934.0
48728,7201784.0
48729,1999097.0
48730,5595267.0
48731,6313221.0
48732,5595267.0
48733,2525375.0
48734,3004429.0
48735,3600467.0
48736,3745135.0
48737,3410878.0
48738,2525375.0
48739,3600467.0
48740,2055379.0
48741,3982767.0
48742,4780607.0
48743,2083447.0
48744,5461700.0
48745,6836483.0
48746,1619683.0
48747,7217634.0
48748,2018785.0
48749,2344689.0
48750,4250758.0
48751,1619683.0
48752,3752885.0
48753,3836721.0
48754,1619683.0
48755,4491607.0
48756,4952255.0
48757,1270499.0
48758,5595267.0
48759,4705945.0
48760,6412623.0
48761,3939804.0
48762,3347767.0
48763,2055379.0
48764,1619683.0
48765,1270499.0
48766,3600467.0
48767,7217634.0
48768,3273041.0
48769,9262754.0
48770,4467728.0
48771,4705945.0
48772,4155435.0
48773,2021934.0
48774,1756069.0
48775,2390534.0
48776,4705945.0
48777,2021934.0
48778,7217634.0
48779,3982767.0
48780,3600467.0
48781,1904842.0
48782,2792031.0
48783,1149870.0
48784,2390534.0
48785,2740687.0
48786,1756069.0
48787,2999068.0
48788,2018785.0
48789,2097022.0
48790,3745135.0
48791,3218918.0
48792,2344689.0
48793,4705945.0
48794,2097022.0
48795,4219263.0
48796,1882131.0
48797,2344689.0
48798,3004429.0
48799,1999097.0
48800,6694797.0
48801,3347767.0
48802,1882131.0
48803,2675511.0
48804,1270499.0
48805,5653753.0
48806,3410878.0
48807,2156098.0
48808,2018785.0
48809,3570392.0
48810,1149870.0
48811,6923131.0
48812,1149870.0
48813,3199619.0
48814,1999097.0
48815,6836483.0
48816,3351383.0
48817,2344689.0
48818,5017319.0
48819,4067566.0
48820,1619683.0
48821,2675511.0
48822,3956086.0
48823,3745135.0
48824,2390534.0
48825,2390534.0
48826,2097022.0
48827,2390534.0
48828,2156098.0
48829,4705945.0
48830,3218918.0
48831,1270499.0
48832,5525735.0
48833,1756069.0
48834,4491607.0
48835,4250553.0
48836,3164972.0
48837,4590423.0
48838,5017319.0
48839,1619683.0
48840,4888774.0
48841,2021934.0
48842,3982767.0
48843,2021934.0
48844,3410878.0
48845,1270499.0
48846,1847826.0
48847,3982767.0
48848,1619683.0
48849,2954086.0
48850,2344689.0
48851,1847826.0
48852,3410878.0
48853,2018785.0
48854,5525735.0
48855,5444227.0
48856,3445076.0
48857,1619683.0
48858,3780019.0
48859,4467728.0
48860,2021934.0
48861,1999097.0
48862,1763231.0
48863,3248660.0
48864,3752885.0
48865,4491607.0
48866,3028267.0
48867,5595267.0
48868,1756069.0
48869,2544857.0
48870,4250553.0
48871,4250553.0
48872,2097022.0
48873,8213524.0
48874,4052733.0
48875,1999097.0
48876,3410878.0
48877,2544857.0
48878,3351383.0
48879,6836483.0
48880,2390534.0
48881,2551252.0
48882,6782425.0
48883,2792031.0
48884,4052733.0
48885,3004429.0
48886,3347767.0
48887,4316715.0
48888,2993069.0
48889,1619683.0
48890,7865428.0
48891,4882985.0
48892,1847826.0
48893,3426169.0
48894,6694797.0
48895,1847826.0
48896,2021934.0
48897,1847826.0
48898,3410878.0
48899,4590423.0
48900,3426169.0
48901,3351383.0
48902,1756069.0
48903,3351383.0
48904,4250553.0
48905,2675511.0
48906,2383840.0
48907,2732645.0
48908,3376145.0
48909,1149870.0
48910,4807746.0
48911,4316715.0
48912,5166635.0
48913,1847826.0
48914,3982767.0
48915,5595267.0
48916,2993069.0
48917,3004429.0
48918,6412623.0
48919,4780607.0
48920,4250553.0
48921,2344689.0
48922,3410878.0
48923,2738052.0
48924,2525375.0
48925,2097022.0
48926,4015749.0
48927,1999097.0
48928,2097022.0
48929,3426169.0
48930,2021934.0
48931,2018785.0
48932,3273041.0
48933,2993069.0
48934,6412623.0
48935,2390534.0
48936,2058644.0
48937,3410878.0
48938,6412623.0
48939,1763231.0
48940,4952255.0
48941,2544857.0
48942,3727364.0
48943,8213524.0
48944,3752885.0
48945,2344689.0
48946,5906596.0
48947,4100886.0
48948,6363241.0
48949,1270499.0
48950,7592272.0
48951,7592272.0
48952,2525375.0
48953,2993069.0
48954,1149870.0
48955,3982767.0
48956,9262754.0
48957,2390534.0
48958,4491607.0
48959,2738052.0
48960,3752885.0
48961,2999068.0
48962,1756069.0
48963,3028267.0
48964,2097022.0
48965,3982767.0
48966,2055379.0
48967,2344689.0
48968,4067566.0
48969,2021934.0
48970,3028267.0
48971,5595267.0
48972,4554237.0
48973,5595267.0
48974,3410878.0
48975,5595267.0
48976,3752885.0
48977,3727364.0
48978,4554237.0
48979,5161370.0
48980,3258837.0
48981,2551252.0
48982,3004429.0
48983,4888774.0
48984,3410878.0
48985,1882131.0
48986,2344689.0
48987,1756069.0
48988,3982767.0
48989,7201784.0
48990,2390534.0
48991,3410878.0
48992,1882131.0
48993,9262754.0
48994,1847826.0
48995,2383840.0
48996,1999097.0
48997,1847826.0
48998,2344689.0
48999,3351383.0
49000,4590423.0
49001,2058644.0
49002,1756069.0
49003,4264176.0
49004,2083447.0
49005,4015749.0
49006,3351383.0
49007,3199619.0
49008,3347767.0
49009,6363241.0
49010,2021934.0
49011,2993069.0
49012,6313221.0
49013,1999097.0
49014,2390534.0
49015,7865428.0
49016,7592272.0
49017,3410878.0
49018,2058644.0
49019,2344689.0
49020,3410878.0
49021,9262754.0
49022,8213524.0
49023,3261924.0
49024,3752885.0
49025,1999097.0
49026,4250553.0
49027,1270499.0
49028,2792031.0
49029,4780607.0
49030,3982767.0
49031,2675511.0
49032,2525375.0
49033,4316715.0
49034,3836721.0
49035,5017319.0
49036,2390534.0
49037,2551252.0
49038,2021934.0
49039,2738052.0
49040,2732645.0
49041,2021934.0
49042,4780607.0
49043,9262754.0
49044,2390534.0
49045,2738052.0
49046,6412623.0
49047,1882131.0
49048,2021934.0
49049,2551252.0
49050,1734634.0
49051,3351383.0
49052,3600467.0
49053,6412623.0
49054,3780019.0
49055,6694797.0
49056,3745135.0
49057,2021934.0
49058,4952255.0
49059,1882131.0
49060,1270499.0
49061,1756069.0
49062,1756069.0
49063,4467728.0
49064,7201784.0
49065,2525375.0
49066,3028267.0
49067,2021934.0
49068,2344689.0
49069,3248660.0
49070,1999097.0
49071,7592272.0
49072,2021934.0
49073,2371202.0
49074,4350573.0
49075,3426169.0
49076,2021934.0
49077,1999097.0
49078,3570392.0
49079,1847826.0
49080,2551252.0
49081,3982767.0
49082,3004429.0
49083,9262754.0
49084,2058644.0
49085,2055379.0
49086,3004429.0
49087,6363241.0
49088,3410878.0
49089,5595267.0
49090,6412623.0
49091,8213524.0
49092,5525735.0
49093,3982767.0
49094,4554237.0
49095,3600467.0
49096,4066618.0
49097,2675511.0
49098,1270499.0
49099,3982767.0
49100,2267425.0
49101,3028267.0
49102,7201784.0
49103,1999097.0
49104,5595267.0
49105,3028267.0
49106,4952255.0
49107,3780019.0
49108,6782425.0
49109,6941173.0
49110,5595267.0
49111,1270499.0
49112,2525375.0
49113,1999097.0
49114,4316715.0
49115,3347767.0
49116,1763231.0
49117,6363241.0
49118,2018785.0
49119,4491607.0
49120,2097022.0
49121,3982767.0
49122,3727364.0
49123,3410878.0
49124,3351383.0
49125,5966193.0
49126,5595267.0
49127,3727364.0
49128,7865428.0
49129,7217634.0
49130,1904842.0
49131,2058644.0
49132,4015749.0
49133,6836483.0
49134,2018785.0
49135,2097022.0
49136,3745135.0
49137,8213524.0
49138,6412623.0
49139,3745135.0
49140,4066618.0
49141,3347767.0
49142,1904842.0
49143,6694797.0
49144,3956086.0
49145,6313221.0
49146,4705945.0
49147,6313221.0
49148,4705945.0
49149,3351383.0
49150,1756069.0
49151,7201784.0
49152,9262754.0
49153,2551252.0
49154,3745135.0
49155,2156098.0
49156,4067566.0
49157,3426169.0
49158,2792031.0
49159,7592272.0
49160,1149870.0
49161,9262754.0
49162,3903884.0
49163,5595267.0
49164,4052733.0
49165,3982767.0
49166,3199619.0
49167,2156098.0
49168,3347767.0
49169,7592272.0
49170,3836721.0
49171,4491607.0
49172,3426169.0
49173,6694797.0
49174,4467728.0
49175,2058644.0
49176,1763231.0
49177,2344689.0
49178,6923131.0
49179,3351383.0
49180,2675511.0
49181,1149870.0
49182,1756069.0
49183,3745135.0
49184,2021934.0
49185,2018785.0
49186,3426169.0
49187,4067566.0
49188,6412623.0
49189,7217634.0
49190,1270499.0
49191,2525375.0
49192,2675511.0
49193,2738052.0
49194,3452382.0
49195,2021934.0
49196,4952255.0
49197,4067566.0
49198,8213524.0
49199,3410878.0
49200,4316715.0
49201,4467728.0
49202,2097022.0
49203,2792031.0
49204,7592272.0
49205,3347767.0
49206,1149870.0
49207,2055379.0
49208,2675511.0
49209,4705945.0
49210,2738052.0
49211,2055379.0
49212,2058644.0
49213,3351383.0
49214,2371202.0
49215,6313221.0
49216,2097022.0
49217,1999097.0
49218,7495092.0
49219,4491607.0
49220,5500818.0
49221,3218918.0
49222,2390534.0
49223,7592272.0
49224,5595267.0
49225,4780607.0
49226,2390534.0
49227,4286645.0
49228,1847826.0
49229,4067566.0
49230,3426169.0
49231,2083447.0
49232,4066618.0
49233,2156098.0
49234,8904084.0
49235,4250553.0
49236,5906596.0
49237,3351383.0
49238,3780019.0
49239,3780019.0
49240,1619683.0
49241,5787594.0
49242,9262754.0
49243,3939804.0
49244,2371202.0
49245,2055379.0
49246,1882131.0
49247,8904084.0
49248,5595267.0
49249,3780019.0
49250,3982767.0
49251,5595267.0
49252,3600467.0
49253,3600467.0
49254,6412623.0
49255,2390534.0
49256,6363241.0
49257,3410878.0
49258,3004429.0
49259,1756069.0
49260,2021934.0
49261,9262754.0
49262,3008199.0
49263,5906596.0
49264,1734634.0
49265,2371202.0
49266,4264176.0
49267,2551252.0
49268,5595267.0
49269,2792031.0
49270,2525375.0
49271,1763231.0
49272,2058644.0
49273,4350573.0
49274,3410878.0
49275,7592272.0
49276,2021934.0
49277,1847826.0
49278,9262754.0
49279,3261924.0
49280,4429512.0
49281,7495092.0
49282,3426169.0
49283,3410878.0
49284,5500818.0
49285,3445076.0
49286,2390534.0
49287,3956086.0
49288,2021934.0
49289,3004429.0
49290,3347767.0
49291,8904084.0
49292,4952255.0
49293,6941173.0
49294,2993069.0
49295,2021934.0
49296,6836483.0
49297,3956086.0
49298,2267425.0
49299,4705945.0
49300,3982767.0
49301,2083447.0
49302,3600467.0
49303,2525375.0
49304,3447890.0
49305,2058644.0
49306,1763231.0
49307,5525735.0
49308,2097022.0
49309,6941173.0
49310,8213524.0
49311,2097022.0
49312,3780019.0
49313,2025297.0
49314,3982767.0
49315,3939804.0
49316,2732645.0
49317,2018785.0
49318,2097022.0
49319,7217634.0
49320,3836721.0
49321,2055379.0
49322,4590423.0
49323,4100886.0
49324,1999097.0
49325,2267425.0
49326,2344689.0
49327,3836721.0
49328,2083447.0
49329,1756069.0
49330,7592272.0
49331,2025297.0
49332,6923131.0
49333,2732645.0
49334,2025297.0
49335,5444227.0
49336,3778621.0
49337,5017319.0
49338,4705945.0
49339,3248660.0
49340,2018785.0
49341,6782425.0
49342,5525735.0
49343,4066618.0
49344,3956086.0
49345,3261924.0
49346,3982767.0
49347,4067566.0
49348,3600467.0
49349,6923131.0
49350,3600467.0
49351,2993069.0
49352,2344689.0
49353,2058644.0
49354,4052733.0
49355,3410878.0
49356,4888774.0
49357,2792031.0
49358,1882131.0
49359,2021934.0
49360,2738052.0
49361,4286645.0
49362,3426169.0
49363,4052733.0
49364,2738052.0
49365,2018785.0
49366,1270499.0
49367,3939804.0
49368,3778621.0
49369,1734634.0
49370,7592272.0
49371,5500818.0
49372,6694797.0
49373,3248660.0
49374,7592272.0
49375,4429512.0
49376,5906596.0
49377,4705945.0
49378,2732645.0
49379,9262754.0
49380,4554237.0
49381,3347767.0
49382,6363241.0
49383,1882131.0
49384,1882131.0
49385,4952255.0
49386,4590423.0
49387,7201784.0
49388,3745135.0
49389,2525375.0
49390,4219263.0
49391,2954086.0
49392,3248660.0
49393,3199619.0
49394,3780019.0
49395,2738052.0
49396,1763231.0
49397,2025297.0
49398,4491607.0
49399,4952255.0
49400,3452382.0
49401,2344689.0
49402,3780019.0
49403,1847826.0
49404,2025297.0
49405,1619683.0
49406,6836483.0
49407,2055379.0
49408,3939804.0
49409,2021934.0
49410,2021934.0
49411,2058644.0
49412,4780607.0
49413,3248660.0
49414,6313221.0
49415,2058644.0
49416,4491607.0
49417,8213524.0
49418,3410878.0
49419,7592272.0
49420,3347767.0
49421,2021934.0
49422,3347767.0
49423,7201784.0
49424,4066618.0
49425,2021934.0
49426,1904842.0
49427,4100886.0
49428,4015749.0
49429,7495092.0
49430,8213524.0
49431,2021934.0
49432,1756069.0
49433,1619683.0
49434,3778621.0
49435,2097022.0
49436,5461700.0
49437,6694797.0
49438,3778621.0
49439,2544857.0
49440,4952255.0
49441,1619683.0
49442,4491607.0
49443,1149870.0
49444,2344689.0
49445,3410878.0
49446,3410878.0
49447,2097022.0
49448,3447890.0
49449,3004429.0
49450,3351383.0
49451,1149870.0
49452,2344689.0
49453,2544857.0
49454,2993069.0
49455,3347767.0
49456,2156098.0
49457,3778621.0
49458,2267425.0
49459,1734634.0
49460,3199619.0
49461,7217634.0
49462,7201784.0
49463,3347767.0
49464,2058644.0
49465,3410878.0
49466,2544857.0
49467,2544857.0
49468,4250553.0
49469,2267425.0
49470,6313221.0
49471,1149870.0
49472,2675511.0
49473,8213524.0
49474,1149870.0
49475,2371202.0
49476,3752885.0
49477,1999097.0
49478,3939804.0
49479,6941173.0
49480,5525735.0
49481,3376145.0
49482,4350573.0
49483,3410878.0
49484,2097022.0
49485,2083447.0
49486,2792031.0
49487,1847826.0
49488,2025297.0
49489,2058644.0
49490,2371202.0
49491,1619683.0
49492,1904842.0
49493,6313221.0
49494,2344689.0
49495,7592272.0
49496,2267425.0
49497,3351383.0
49498,5286212.0
49499,2156098.0
49500,4316715.0
49501,7201784.0
49502,6941173.0
49503,1882131.0
49504,3028267.0
49505,2738052.0
49506,4067566.0
49507,1619683.0
49508,2267425.0
49509,1270499.0
49510,1999097.0
49511,7201784.0
49512,5017319.0
49513,2021934.0
49514,2525375.0
49515,6836483.0
49516,3982767.0
49517,3745135.0
49518,3778621.0
49519,4250553.0
49520,4350573.0
49521,3745135.0
49522,1999097.0
49523,1763231.0
49524,6836483.0
49525,3004429.0
49526,2390534.0
49527,3351383.0
49528,4052733.0
49529,1734634.0
49530,1999097.0
49531,3426169.0
49532,3004429.0
49533,1619683.0
49534,6923131.0
49535,1619683.0
49536,4491607.0
49537,2792031.0
49538,3028267.0
49539,5461700.0
49540,3199619.0
49541,4705945.0
49542,3447890.0
49543,4705945.0
49544,2551252.0
49545,3248660.0
49546,3248660.0
49547,4316715.0
49548,4882985.0
49549,3028267.0
49550,6941173.0
49551,2344689.0
49552,3600467.0
49553,7592272.0
49554,3600467.0
49555,3351383.0
49556,5966193.0
49557,2018785.0
49558,2732645.0
49559,3939804.0
49560,2364478.0
49561,3600467.0
49562,3982767.0
49563,2267425.0
49564,3008199.0
49565,6363241.0
49566,2018785.0
49567,4491607.0
49568,6782425.0
49569,2267425.0
49570,5500818.0
49571,3956086.0
49572,3752885.0
49573,8213524.0
49574,5595267.0
49575,3426169.0
49576,2371202.0
49577,6923131.0
49578,1270499.0
49579,2364478.0
49580,1619683.0
49581,5444227.0
49582,2551252.0
49583,3426169.0
49584,4467728.0
49585,5286212.0
49586,7201784.0
49587,1882131.0
49588,2021934.0
49589,3939804.0
49590,1149870.0
49591,3836721.0
49592,6836483.0
49593,3447890.0
49594,2732645.0
49595,1149870.0
49596,8213524.0
49597,1999097.0
49598,2018785.0
49599,4250553.0
49600,5787594.0
49601,2156098.0
49602,3447890.0
49603,2097022.0
49604,7495092.0
49605,3780019.0
49606,4467728.0
49607,1999097.0
49608,1756069.0
49609,3004429.0
49610,3410878.0
49611,2525375.0
49612,2058644.0
49613,1619683.0
49614,3410878.0
49615,4590423.0
49616,3600467.0
49617,1270499.0
49618,2675511.0
49619,6694797.0
49620,4429512.0
49621,2525375.0
49622,3351383.0
49623,7201784.0
49624,3351383.0
49625,1756069.0
49626,3410878.0
49627,6923131.0
49628,2993069.0
49629,3004429.0
49630,4316715.0
49631,4554237.0
49632,2732645.0
49633,3600467.0
49634,1149870.0
49635,4250553.0
49636,2058644.0
49637,4067566.0
49638,3028267.0
49639,2083447.0
49640,2344689.0
49641,2058644.0
49642,3778621.0
49643,4491607.0
49644,1999097.0
49645,1847826.0
49646,2058644.0
49647,3447890.0
49648,3347767.0
49649,2018785.0
49650,2390534.0
49651,3028267.0
49652,2792031.0
49653,4316715.0
49654,7217634.0
49655,3410878.0
49656,2675511.0
49657,1149870.0
49658,2551252.0
49659,4807746.0
49660,3939804.0
49661,2097022.0
49662,8213524.0
49663,1999097.0
49664,2058644.0
49665,5166635.0
49666,9262754.0
49667,4250553.0
49668,1734634.0
49669,3028267.0
49670,3410878.0
49671,2993069.0
49672,3376145.0
49673,8213524.0
49674,1734634.0
49675,3780019.0
49676,2344689.0
49677,3410878.0
49678,4052733.0
49679,3347767.0
49680,6313221.0
49681,6313221.0
49682,3351383.0
49683,2344689.0
49684,2390534.0
49685,6313221.0
49686,3600467.0
49687,3939804.0
49688,3745135.0
49689,2097022.0
49690,6941173.0
49691,3347767.0
49692,3004429.0
49693,3810007.0
49694,2732645.0
49695,2792031.0
49696,6694797.0
49697,2344689.0
49698,3248660.0
49699,2551252.0
49700,2390534.0
49701,3351383.0
49702,4100886.0
49703,2055379.0
49704,5337526.0
49705,3004429.0
49706,5461700.0
49707,2058644.0
49708,3600467.0
49709,3871344.0
49710,3939804.0
49711,3351383.0
49712,4952255.0
49713,8213524.0
49714,3351383.0
49715,6412623.0
49716,2021934.0
49717,1149870.0
49718,5444227.0
49719,7592272.0
49720,2993069.0
49721,1999097.0
49722,1763231.0
49723,3982767.0
49724,8213524.0
49725,6923131.0
49726,1847826.0
49727,6923131.0
49728,5435276.0
49729,2018785.0
49730,2018785.0
49731,5525735.0
49732,4705945.0
49733,3028267.0
49734,2544857.0
49735,2097022.0
49736,3956086.0
49737,1619683.0
49738,6412623.0
49739,1882131.0
49740,8213524.0
49741,5500818.0
49742,4052733.0
49743,6941173.0
49744,3939804.0
49745,3600467.0
49746,2344689.0
49747,9652350.0
49748,5787594.0
49749,3600467.0
49750,2097022.0
49751,7865428.0
49752,1149870.0
49753,1756069.0
49754,4264176.0
49755,4952255.0
49756,3410878.0
49757,3745135.0
49758,5435276.0
49759,6694797.0
49760,3426169.0
49761,4590423.0
49762,1270499.0
49763,1734634.0
49764,3261924.0
49765,1999097.0
49766,3818055.0
49767,3004429.0
49768,3600467.0
49769,1999097.0
49770,1999097.0
49771,5461700.0
49772,4705945.0
49773,5906596.0
49774,3753720.0
49775,6363241.0
49776,5017319.0
49777,3347767.0
49778,3982767.0
49779,9652350.0
49780,6363241.0
49781,6694797.0
49782,4015749.0
49783,1763231.0
49784,2732645.0
49785,1999097.0
49786,4705945.0
49787,3248660.0
49788,2344689.0
49789,4264176.0
49790,3447890.0
49791,8213524.0
49792,6941173.0
49793,3248660.0
49794,3745135.0
49795,2018785.0
49796,1270499.0
49797,4705945.0
49798,3903884.0
49799,1270499.0
49800,1270499.0
49801,3445076.0
49802,5595267.0
49803,9652350.0
49804,7201784.0
49805,1999097.0
49806,5166635.0
49807,3956086.0
49808,4467728.0
49809,5166635.0
49810,4052733.0
49811,3410878.0
49812,1149870.0
49813,3939804.0
49814,1904842.0
49815,6941173.0
49816,5166635.0
49817,3982767.0
49818,3445076.0
49819,2544857.0
49820,1999097.0
49821,9262754.0
49822,2018785.0
49823,2390534.0
49824,2156098.0
49825,4316715.0
49826,6694797.0
49827,1149870.0
49828,6363241.0
49829,3410878.0
49830,4136425.0
49831,3004429.0
49832,2738052.0
49833,1999097.0
49834,3982767.0
49835,1999097.0
49836,4219263.0
49837,1270499.0
49838,3426169.0
49839,2018785.0
49840,1149870.0
49841,3351383.0
49842,3347767.0
49843,7592272.0
49844,3752885.0
49845,4250758.0
49846,2551252.0
49847,1619683.0
49848,8213524.0
49849,2097022.0
49850,1619683.0
49851,1619683.0
49852,6313221.0
49853,7495092.0
49854,4066618.0
49855,1847826.0
49856,4807746.0
49857,2021934.0
49858,1149870.0
49859,3199619.0
49860,4052733.0
49861,3410878.0
49862,2371202.0
49863,2018785.0
49864,3028267.0
49865,3780019.0
49866,1756069.0
49867,3351383.0
49868,3351383.0
49869,4705945.0
49870,2021934.0
49871,8213524.0
49872,7592272.0
49873,1270499.0
49874,2058644.0
49875,4882985.0
49876,2021934.0
49877,4554237.0
49878,1149870.0
49879,1763231.0
49880,4758476.0
49881,6836483.0
49882,2954086.0
49883,1149870.0
49884,1619683.0
49885,3410878.0
49886,2055379.0
49887,6941173.0
49888,3351383.0
49889,8213524.0
49890,4350573.0
49891,1756069.0
49892,4705945.0
49893,2525375.0
49894,4651866.0
49895,1847826.0
49896,3410878.0
49897,1756069.0
49898,3351383.0
49899,1763231.0
49900,2344689.0
49901,5444227.0
49902,2018785.0
49903,8213524.0
49904,6782425.0
49905,3351383.0
49906,4052733.0
49907,2021934.0
49908,7217634.0
49909,1756069.0
49910,2021934.0
49911,4219263.0
49912,4350573.0
49913,2058644.0
49914,7217634.0
49915,4052733.0
49916,3004429.0
49917,2551252.0
49918,1882131.0
49919,2097022.0
49920,3004429.0
49921,3258837.0
49922,2097022.0
49923,5653753.0
49924,2390534.0
49925,4066618.0
49926,2344689.0
49927,2025297.0
49928,3939804.0
49929,1847826.0
49930,4882985.0
49931,3351383.0
49932,4066618.0
49933,2954086.0
49934,2344689.0
49935,2371202.0
49936,3028267.0
49937,3600467.0
49938,3445076.0
49939,1999097.0
49940,2732645.0
49941,3780019.0
49942,3410878.0
49943,4219263.0
49944,1904842.0
49945,3347767.0
49946,4952255.0
49947,4467728.0
49948,1619683.0
49949,1756069.0
49950,3426169.0
49951,3956086.0
49952,2344689.0
49953,1882131.0
49954,2021934.0
49955,3004429.0
49956,2344689.0
49957,6313221.0
49958,3836721.0
49959,5444227.0
49960,8213524.0
49961,3939804.0
49962,1999097.0
49963,3351383.0
49964,1882131.0
49965,7592272.0
49966,3004429.0
49967,3753720.0
49968,8213524.0
49969,2390534.0
49970,3347767.0
49971,7201784.0
49972,3426169.0
49973,5435276.0
49974,4807746.0
49975,4219263.0
49976,4952255.0
49977,4067566.0
49978,2993069.0
49979,7592272.0
49980,2738052.0
49981,3376145.0
49982,3410878.0
49983,1149870.0
49984,2390534.0
49985,2732645.0
49986,1619683.0
49987,2267425.0
49988,4882985.0
49989,1149870.0
49990,3939804.0
49991,2018785.0
49992,1270499.0
49993,3351383.0
49994,2993069.0
49995,5966193.0
49996,1904842.0
49997,4491607.0
49998,2954086.0
49999,3004429.0
50000,4888774.0
50001,3347767.0
50002,1270499.0
50003,1756069.0
50004,4015749.0
50005,2058644.0
50006,3261924.0
50007,5435276.0
50008,3447890.0
50009,3376145.0
50010,2097022.0
50011,3600467.0
50012,8904084.0
50013,4780607.0
50014,1270499.0
50015,2544857.0
50016,4052733.0
50017,2371202.0
50018,3982767.0
50019,2097022.0
50020,4882985.0
50021,2267425.0
50022,5595267.0
50023,7865428.0
50024,2954086.0
50025,1270499.0
50026,3004429.0
50027,2993069.0
50028,5595267.0
50029,3347767.0
50030,2058644.0
50031,6782425.0
50032,6694797.0
50033,4780607.0
50034,1882131.0
50035,3410878.0
50036,2525375.0
50037,1847826.0
50038,5595267.0
50039,2364478.0
50040,1270499.0
50041,3753720.0
50042,3778621.0
50043,3426169.0
50044,5906596.0
50045,4219263.0
50046,2156098.0
50047,3982767.0
50048,4350573.0
50049,1619683.0
50050,3982767.0
50051,2021934.0
50052,6941173.0
50053,6941173.0
50054,4250553.0
50055,4554237.0
50056,2055379.0
50057,6412623.0
50058,2390534.0
50059,3410878.0
50060,2383840.0
50061,4250553.0
50062,2390534.0
50063,2018785.0
50064,8213524.0
50065,1882131.0
50066,7201784.0
50067,1619683.0
50068,4952255.0
50069,3376145.0
50070,2344689.0
50071,3982767.0
50072,3982767.0
50073,2055379.0
50074,2055379.0
50075,2390534.0
50076,3939804.0
50077,1999097.0
50078,1619683.0
50079,1270499.0
50080,4052733.0
50081,3004429.0
50082,2344689.0
50083,3218918.0
50084,4888774.0
50085,5461700.0
50086,2021934.0
50087,3780019.0
50088,3836721.0
50089,1619683.0
50090,3351383.0
50091,1999097.0
50092,1904842.0
50093,6694797.0
50094,3752885.0
50095,1999097.0
50096,2371202.0
50097,7201784.0
50098,1756069.0
50099,6363241.0
50100,4491607.0
50101,2344689.0
50102,3956086.0
50103,2267425.0
50104,1847826.0
50105,2021934.0
50106,9262754.0
50107,7495092.0
50108,3218918.0
50109,2344689.0
50110,2525375.0
50111,5595267.0
50112,2018785.0
50113,2021934.0
50114,1847826.0
50115,3004429.0
50116,4888774.0
50117,1619683.0
50118,4316715.0
50119,5166635.0
50120,4350573.0
50121,1149870.0
50122,4316715.0
50123,5595267.0
50124,3199619.0
50125,3261924.0
50126,1756069.0
50127,4052733.0
50128,2390534.0
50129,2097022.0
50130,3600467.0
50131,4882985.0
50132,2058644.0
50133,3410878.0
50134,3008199.0
50135,1999097.0
50136,2018785.0
50137,3347767.0
50138,16549064.0
50139,4952255.0
50140,8213524.0
50141,1882131.0
50142,3248660.0
50143,1619683.0
50144,3956086.0
50145,1882131.0
50146,9262754.0
50147,2097022.0
50148,3745135.0
50149,4554237.0
50150,2018785.0
50151,8213524.0
50152,2021934.0
50153,3351383.0
50154,8213524.0
50155,3347767.0
50156,2344689.0
50157,1619683.0
50158,3410878.0
50159,2018785.0
50160,8213524.0
50161,2021934.0
50162,4467728.0
50163,3410878.0
50164,3903884.0
50165,2390534.0
50166,3780019.0
50167,4067566.0
50168,6782425.0
50169,4807746.0
50170,1149870.0
50171,9262754.0
50172,2551252.0
50173,2156098.0
50174,3351383.0
50175,1882131.0
50176,6923131.0
50177,2738052.0
50178,1619683.0
50179,3600467.0
50180,1882131.0
50181,6694797.0
50182,4554237.0
50183,3410878.0
50184,2738052.0
50185,6412623.0
50186,4888774.0
50187,3982767.0
50188,6412623.0
50189,6694797.0
50190,2364478.0
50191,2055379.0
50192,2058644.0
50193,1763231.0
50194,3778621.0
50195,1270499.0
50196,7217634.0
50197,4264176.0
50198,5525735.0
50199,1999097.0
50200,4219263.0
50201,3778621.0
50202,3410878.0
50203,1904842.0
50204,2544857.0
50205,2371202.0
50206,2993069.0
50207,2525375.0
50208,4067566.0
50209,3752885.0
50210,2954086.0
50211,6313221.0
50212,3347767.0
50213,2792031.0
50214,2544857.0
50215,3780019.0
50216,5787594.0
50217,2156098.0
50218,3261924.0
50219,2371202.0
50220,6941173.0
50221,1619683.0
50222,2018785.0
50223,2344689.0
50224,4015749.0
50225,6363241.0
50226,2344689.0
50227,3273041.0
50228,6941173.0
50229,2732645.0
50230,2025297.0
50231,5787594.0
50232,4316715.0
50233,4780607.0
50234,3004429.0
50235,7217634.0
50236,2097022.0
50237,3727364.0
50238,3218918.0
50239,3447890.0
50240,4250553.0
50241,3727364.0
50242,3982767.0
50243,4651866.0
50244,3600467.0
50245,4250553.0
50246,2675511.0
50247,2018785.0
50248,2544857.0
50249,2083447.0
50250,2364478.0
50251,3351383.0
50252,3410878.0
50253,2954086.0
50254,3745135.0
50255,1619683.0
50256,2021934.0
50257,2738052.0
50258,7592272.0
50259,2792031.0
50260,5595267.0
50261,4807746.0
50262,8213524.0
50263,3410878.0
50264,4554237.0
50265,1882131.0
50266,2058644.0
50267,4888774.0
50268,2083447.0
50269,2083447.0
50270,3199619.0
50271,2993069.0
50272,4066618.0
50273,2544857.0
50274,3004429.0
50275,4250553.0
50276,1763231.0
50277,6412623.0
50278,1149870.0
50279,3028267.0
50280,1999097.0
50281,2732645.0
50282,7592272.0
50283,3410878.0
50284,1270499.0
50285,5166635.0
50286,4780607.0
50287,3351383.0
50288,4015749.0
50289,2792031.0
50290,2058644.0
50291,1756069.0
50292,3452382.0
50293,4888774.0
50294,2390534.0
50295,3004429.0
50296,2267425.0
50297,6782425.0
50298,3447890.0
50299,1270499.0
50300,3410878.0
50301,3351383.0
50302,3939804.0
50303,2058644.0
50304,4350573.0
50305,2267425.0
50306,3004429.0
50307,1882131.0
50308,3218918.0
50309,5444227.0
50310,2055379.0
50311,1149870.0
50312,3004429.0
50313,3939804.0
50314,4219263.0
50315,3600467.0
50316,3752885.0
50317,1270499.0
50318,4590423.0
50319,3376145.0
50320,1619683.0
50321,3982767.0
50322,2732645.0
50323,3727364.0
50324,5595267.0
50325,2792031.0
50326,4219263.0
50327,2383840.0
50328,8213524.0
50329,1763231.0
50330,3410878.0
50331,3818055.0
50332,3347767.0
50333,7865428.0
50334,5017319.0
50335,3351383.0
50336,5435276.0
50337,1882131.0
50338,3410878.0
50339,3347767.0
50340,2021934.0
50341,3351383.0
50342,8213524.0
50343,4888774.0
50344,3351383.0
50345,1149870.0
50346,4067566.0
50347,2954086.0
50348,2097022.0
50349,2097022.0
50350,1999097.0
50351,3351383.0
50352,3248660.0
50353,4952255.0
50354,2675511.0
50355,4316715.0
50356,3780019.0
50357,2267425.0
50358,3410878.0
50359,3727364.0
50360,2344689.0
50361,1882131.0
50362,3028267.0
50363,6412623.0
50364,3004429.0
50365,3347767.0
50366,8213524.0
50367,3956086.0
50368,4316715.0
50369,4015749.0
50370,3410878.0
50371,3347767.0
50372,4067566.0
50373,4066618.0
50374,3347767.0
50375,3982767.0
50376,8213524.0
50377,2732645.0
50378,2025297.0
50379,3004429.0
50380,3727364.0
50381,4429512.0
50382,5787594.0
50383,3426169.0
50384,7495092.0
50385,4888774.0
50386,2371202.0
50387,1882131.0
50388,4250553.0
50389,2097022.0
50390,2097022.0
50391,3410878.0
50392,2156098.0
50393,1756069.0
50394,1999097.0
50395,2083447.0
50396,3780019.0
50397,3447890.0
50398,4554237.0
50399,4015749.0
50400,5461700.0
50401,2344689.0
50402,2021934.0
50403,6363241.0
50404,1999097.0
50405,7217634.0
50406,3600467.0
50407,2097022.0
50408,4705945.0
50409,3939804.0
50410,3351383.0
50411,3004429.0
50412,3351383.0
50413,3410878.0
50414,3218918.0
50415,1847826.0
50416,1270499.0
50417,2993069.0
50418,4219263.0
50419,3028267.0
50420,2544857.0
50421,3778621.0
50422,3248660.0
50423,2021934.0
50424,2097022.0
50425,3351383.0
50426,4052733.0
50427,2954086.0
50428,6313221.0
50429,4467728.0
50430,2544857.0
50431,3447890.0
50432,2267425.0
50433,2021934.0
50434,6313221.0
50435,4705945.0
50436,3939804.0
50437,3600467.0
50438,2383840.0
50439,5595267.0
50440,2525375.0
50441,4952255.0
50442,3836721.0
50443,4264176.0
50444,2018785.0
50445,3410878.0
50446,3956086.0
50447,4100886.0
50448,4219263.0
50449,3982767.0
50450,2544857.0
50451,3982767.0
50452,6694797.0
50453,1904842.0
50454,2021934.0
50455,7592272.0
50456,2021934.0
50457,4250553.0
50458,3004429.0
50459,3351383.0
50460,1847826.0
50461,6694797.0
50462,1847826.0
50463,3982767.0
50464,1999097.0
50465,2732645.0
50466,1847826.0
50467,2018785.0
50468,1270499.0
50469,4467728.0
50470,2021934.0
50471,2021934.0
50472,3600467.0
50473,1619683.0
50474,3426169.0
50475,3600467.0
50476,9652350.0
50477,1149870.0
50478,2058644.0
50479,6313221.0
50480,2371202.0
50481,3410878.0
50482,4952255.0
50483,5435276.0
50484,6694797.0
50485,5166635.0
50486,3784230.0
50487,5525735.0
50488,3004429.0
50489,1763231.0
50490,3956086.0
50491,2675511.0
50492,3273041.0
50493,1847826.0
50494,3376145.0
50495,5500818.0
50496,3600467.0
50497,2551252.0
50498,6313221.0
50499,3600467.0
50500,1999097.0
50501,4780607.0
50502,1149870.0
50503,3727364.0
50504,1882131.0
50505,1270499.0
50506,3261924.0
50507,16549064.0
50508,3426169.0
50509,6694797.0
50510,8213524.0
50511,2344689.0
50512,2267425.0
50513,3982767.0
50514,2055379.0
50515,3426169.0
50516,2021934.0
50517,3410878.0
50518,3778621.0
50519,5435276.0
50520,4015749.0
50521,3939804.0
50522,3745135.0
50523,2055379.0
50524,3780019.0
50525,2058644.0
50526,2544857.0
50527,1999097.0
50528,3982767.0
50529,5500818.0
50530,3939804.0
50531,4264176.0
50532,2083447.0
50533,3410878.0
50534,2344689.0
50535,2675511.0
50536,1270499.0
50537,4316715.0
50538,2267425.0
50539,7201784.0
50540,3273041.0
50541,3982767.0
50542,3028267.0
50543,3956086.0
50544,2344689.0
50545,1270499.0
50546,1756069.0
50547,1882131.0
50548,1904842.0
50549,1619683.0
50550,2018785.0
50551,3351383.0
50552,4015749.0
50553,2058644.0
50554,3008199.0
50555,6782425.0
50556,2525375.0
50557,2544857.0
50558,2267425.0
50559,5435276.0
50560,1999097.0
50561,9652350.0
50562,2344689.0
50563,4491607.0
50564,5017319.0
50565,6941173.0
50566,1904842.0
50567,4807746.0
50568,2058644.0
50569,3004429.0
50570,4264176.0
50571,3410878.0
50572,7201784.0
50573,1999097.0
50574,4316715.0
50575,2018785.0
50576,2055379.0
50577,6941173.0
50578,4155435.0
50579,3410878.0
50580,2097022.0
50581,3939804.0
50582,3445076.0
50583,2732645.0
50584,3347767.0
50585,5461700.0
50586,2018785.0
50587,1756069.0
50588,1270499.0
50589,8213524.0
50590,3982767.0
50591,3600467.0
50592,6694797.0
50593,3807496.0
50594,1756069.0
50595,6941173.0
50596,6782425.0
50597,3410878.0
50598,1149870.0
50599,2267425.0
50600,1734634.0
50601,2021934.0
50602,3939804.0
50603,3410878.0
50604,1619683.0
50605,1999097.0
50606,3347767.0
50607,2738052.0
50608,1734634.0
50609,6694797.0
50610,2058644.0
50611,1999097.0
50612,3956086.0
50613,2156098.0
50614,7865428.0
50615,2364478.0
50616,1619683.0
50617,4554237.0
50618,1619683.0
50619,1270499.0
50620,5500818.0
50621,4155435.0
50622,2097022.0
50623,1734634.0
50624,2267425.0
50625,4491607.0
50626,2999068.0
50627,1904842.0
50628,2058644.0
50629,2097022.0
50630,1999097.0
50631,2267425.0
50632,3008199.0
50633,7217634.0
50634,2792031.0
50635,4350573.0
50636,2792031.0
50637,1847826.0
50638,5500818.0
50639,7217634.0
50640,1882131.0
50641,2999068.0
50642,1270499.0
50643,2732645.0
50644,3347767.0
50645,5595267.0
50646,5595267.0
50647,2021934.0
50648,3426169.0
50649,4554237.0
50650,9262754.0
50651,6694797.0
50652,2732645.0
50653,4286645.0
50654,4554237.0
50655,8213524.0
50656,3376145.0
50657,4250553.0
50658,3982767.0
50659,2544857.0
50660,4250553.0
50661,2058644.0
50662,3982767.0
50663,3447890.0
50664,3028267.0
50665,3347767.0
50666,3376145.0
50667,2018785.0
50668,2083447.0
50669,5500818.0
50670,4807746.0
50671,2021934.0
50672,9652350.0
50673,2344689.0
50674,5525735.0
50675,1270499.0
50676,6313221.0
50677,5166635.0
50678,7217634.0
50679,6313221.0
50680,3745135.0
50681,2525375.0
50682,2390534.0
50683,4491607.0
50684,2058644.0
50685,1882131.0
50686,2390534.0
50687,5906596.0
50688,5653753.0
50689,5595267.0
50690,8213524.0
50691,4554237.0
50692,2344689.0
50693,3199619.0
50694,3745135.0
50695,3600467.0
50696,3351383.0
50697,2021934.0
50698,7592272.0
50699,5500818.0
50700,2525375.0
50701,2344689.0
50702,3780019.0
50703,2021934.0
50704,4350573.0
50705,4219263.0
50706,3261924.0
50707,2344689.0
50708,1149870.0
50709,3273041.0
50710,4429512.0
50711,4250553.0
50712,2058644.0
50713,6782425.0
50714,2390534.0
50715,3410878.0
50716,5595267.0
50717,4015749.0
50718,4316715.0
50719,2021934.0
50720,2383840.0
50721,4491607.0
50722,4705945.0
50723,3426169.0
50724,2018785.0
50725,3903884.0
50726,7217634.0
50727,2058644.0
50728,3376145.0
50729,4286645.0
50730,3982767.0
50731,3199619.0
50732,6363241.0
50733,1756069.0
50734,5787594.0
50735,7217634.0
50736,1619683.0
50737,3004429.0
50738,1149870.0
50739,1270499.0
50740,5595267.0
50741,3351383.0
50742,7217634.0
50743,7495092.0
50744,3600467.0
50745,5787594.0
50746,2021934.0
50747,4350573.0
50748,3347767.0
50749,6941173.0
50750,2018785.0
50751,1270499.0
50752,2371202.0
50753,3600467.0
50754,1619683.0
50755,4264176.0
50756,1734634.0
50757,2390534.0
50758,4554237.0
50759,2732645.0
50760,2675511.0
50761,4807746.0
50762,5966193.0
50763,2383840.0
50764,2018785.0
50765,3447890.0
50766,3836721.0
50767,1270499.0
50768,3752885.0
50769,2097022.0
50770,6363241.0
50771,2156098.0
50772,2083447.0
50773,4250553.0
50774,1270499.0
50775,3347767.0
50776,5500818.0
50777,1149870.0
50778,7865428.0
50779,4067566.0
50780,2097022.0
50781,4264176.0
50782,3727364.0
50783,3347767.0
50784,6363241.0
50785,3426169.0
50786,1904842.0
50787,1882131.0
50788,3351383.0
50789,2058644.0
50790,2999068.0
50791,3982767.0
50792,2544857.0
50793,3939804.0
50794,3903884.0
50795,2267425.0
50796,8213524.0
50797,5595267.0
50798,3752885.0
50799,2058644.0
50800,8213524.0
50801,4467728.0
50802,8213524.0
50803,4263629.0
50804,5435276.0
50805,2551252.0
50806,6941173.0
50807,2675511.0
50808,1756069.0
50809,2792031.0
50810,2732645.0
50811,1999097.0
50812,3780019.0
50813,2390534.0
50814,5787594.0
50815,3956086.0
50816,4554237.0
50817,4780607.0
50818,3982767.0
50819,1763231.0
50820,7495092.0
50821,3410878.0
50822,1904842.0
50823,3218918.0
50824,1882131.0
50825,2525375.0
50826,9262754.0
50827,1999097.0
50828,3347767.0
50829,2993069.0
50830,2993069.0
50831,2344689.0
50832,1756069.0
50833,1882131.0
50834,2738052.0
50835,2021934.0
50836,4219263.0
50837,3939804.0
50838,3752885.0
50839,4067566.0
50840,2018785.0
50841,7217634.0
50842,1149870.0
50843,3258837.0
50844,3351383.0
50845,3004429.0
50846,4067566.0
50847,2018785.0
50848,3410878.0
50849,2390534.0
50850,2156098.0
50851,4491607.0
50852,1763231.0
50853,1734634.0
50854,5906596.0
50855,9652350.0
50856,3004429.0
50857,4491607.0
50858,2058644.0
50859,1270499.0
50860,4705945.0
50861,1734634.0
50862,1756069.0
50863,2018785.0
50864,2097022.0
50865,3351383.0
50866,1756069.0
50867,6313221.0
50868,2021934.0
50869,7865428.0
50870,3982767.0
50871,3753720.0
50872,4264176.0
50873,5787594.0
50874,3376145.0
50875,4888774.0
50876,3004429.0
50877,1270499.0
50878,4491607.0
50879,2525375.0
50880,3727364.0
50881,1619683.0
50882,2544857.0
50883,4015749.0
50884,2738052.0
50885,3351383.0
50886,1904842.0
50887,4015749.0
50888,2544857.0
50889,4015749.0
50890,13575224.0
50891,4052733.0
50892,6694797.0
50893,4067566.0
50894,4952255.0
50895,5966193.0
50896,3600467.0
50897,1756069.0
50898,13575224.0
50899,4590423.0
50900,2344689.0
50901,3836721.0
50902,7201784.0
50903,7592272.0
50904,6941173.0
50905,5444227.0
50906,2390534.0
50907,2344689.0
50908,3600467.0
50909,4952255.0
50910,2025297.0
50911,3780019.0
50912,2058644.0
50913,5595267.0
50914,3956086.0
50915,8213524.0
50916,1270499.0
50917,5500818.0
50918,3347767.0
50919,2551252.0
50920,3410878.0
50921,4264176.0
50922,2371202.0
50923,3004429.0
50924,1904842.0
50925,6941173.0
50926,2344689.0
50927,2344689.0
50928,1904842.0
50929,3982767.0
50930,7592272.0
50931,2021934.0
50932,1619683.0
50933,3752885.0
50934,2097022.0
50935,3982767.0
50936,3347767.0
50937,2390534.0
50938,1756069.0
50939,2993069.0
50940,2390534.0
50941,3218918.0
50942,1847826.0
50943,3347767.0
50944,3410878.0
50945,7495092.0
50946,3004429.0
50947,2675511.0
50948,2344689.0
50949,1619683.0
50950,6313221.0
50951,3028267.0
50952,2344689.0
50953,1270499.0
50954,8213524.0
50955,5525735.0
50956,2058644.0
50957,2371202.0
50958,2344689.0
50959,2525375.0
50960,2390534.0
50961,6923131.0
50962,3447890.0
50963,3248660.0
50964,2021934.0
50965,4554237.0
50966,3752885.0
50967,3956086.0
50968,2097022.0
50969,1270499.0
50970,2021934.0
50971,2058644.0
50972,3727364.0
50973,3004429.0
50974,3956086.0
50975,2551252.0
50976,1999097.0
50977,5595267.0
50978,3727364.0
50979,2551252.0
50980,8904084.0
50981,3745135.0
50982,3727364.0
50983,3727364.0
50984,1756069.0
50985,1763231.0
50986,6412623.0
50987,2058644.0
50988,4705945.0
50989,7592272.0
50990,2344689.0
50991,5595267.0
50992,2083447.0
50993,2055379.0
50994,3600467.0
50995,5461700.0
50996,3410878.0
50997,4100886.0
50998,3351383.0
50999,2018785.0
51000,3982767.0
51001,4807746.0
51002,2156098.0
51003,2383840.0
51004,2097022.0
51005,2097022.0
51006,1270499.0
51007,2097022.0
51008,5337526.0
51009,2021934.0
51010,2993069.0
51011,1999097.0
51012,3008199.0
51013,3004429.0
51014,1756069.0
51015,4264176.0
51016,3410878.0
51017,2544857.0
51018,2018785.0
51019,6412623.0
51020,3982767.0
51021,3447890.0
51022,4316715.0
51023,4952255.0
51024,3939804.0
51025,2021934.0
51026,6313221.0
51027,3778621.0
51028,5337526.0
51029,2058644.0
51030,1734634.0
51031,1734634.0
51032,2344689.0
51033,3347767.0
51034,3410878.0
51035,6694797.0
51036,2383840.0
51037,5906596.0
51038,2390534.0
51039,1756069.0
51040,5461700.0
51041,2025297.0
51042,3028267.0
51043,1149870.0
51044,1270499.0
51045,4952255.0
51046,6363241.0
51047,8213524.0
51048,3004429.0
51049,2525375.0
51050,7592272.0
51051,2025297.0
51052,1149870.0
51053,4250758.0
51054,5966193.0
51055,6941173.0
51056,4250553.0
51057,5906596.0
51058,3248660.0
51059,1999097.0
51060,3351383.0
51061,9652350.0
51062,4067566.0
51063,6313221.0
51064,5787594.0
51065,4067566.0
51066,3982767.0
51067,5444227.0
51068,4250553.0
51069,2025297.0
51070,4554237.0
51071,4015749.0
51072,2267425.0
51073,4067566.0
51074,8894598.0
51075,1756069.0
51076,3004429.0
51077,3351383.0
51078,3410878.0
51079,3258837.0
51080,5525735.0
51081,3426169.0
51082,2371202.0
51083,3410878.0
51084,3004429.0
51085,2097022.0
51086,2344689.0
51087,3445076.0
51088,3347767.0
51089,2156098.0
51090,4350573.0
51091,4219263.0
51092,3410878.0
51093,2390534.0
51094,2055379.0
51095,3410878.0
51096,4250758.0
51097,1619683.0
51098,2058644.0
51099,2544857.0
51100,4263629.0
51101,5500818.0
51102,1882131.0
51103,2018785.0
51104,4467728.0
51105,2267425.0
51106,3273041.0
51107,3004429.0
51108,5966193.0
51109,1999097.0
51110,5161370.0
51111,3199619.0
51112,4491607.0
51113,4467728.0
51114,3426169.0
51115,1149870.0
51116,2993069.0
51117,3351383.0
51118,7592272.0
51119,3600467.0
51120,1999097.0
51121,9262754.0
51122,3004429.0
51123,6694797.0
51124,1882131.0
51125,2551252.0
51126,2792031.0
51127,2021934.0
51128,1734634.0
51129,6363241.0
51130,3745135.0
51131,3780019.0
51132,8213524.0
51133,1999097.0
51134,2954086.0
51135,4015749.0
51136,4015749.0
51137,3028267.0
51138,2364478.0
51139,9652350.0
51140,6694797.0
51141,2738052.0
51142,5166635.0
51143,3164972.0
51144,3004429.0
51145,4350573.0
51146,1999097.0
51147,6412623.0
51148,7592272.0
51149,3727364.0
51150,7201784.0
51151,3218918.0
51152,2999068.0
51153,3248660.0
51154,4780607.0
51155,2525375.0
51156,4052733.0
51157,3351383.0
51158,2055379.0
51159,7201784.0
51160,3745135.0
51161,5017319.0
51162,5595267.0
51163,6412623.0
51164,3347767.0
51165,1756069.0
51166,2055379.0
51167,3426169.0
51168,3347767.0
51169,4429512.0
51170,2344689.0
51171,2097022.0
51172,2097022.0
51173,8213524.0
51174,3600467.0
51175,1882131.0
51176,9262754.0
51177,2344689.0
51178,2738052.0
51179,1847826.0
51180,1999097.0
51181,2156098.0
51182,3600467.0
51183,5337526.0
51184,6941173.0
51185,2551252.0
51186,2390534.0
51187,6412623.0
51188,1756069.0
51189,3410878.0
51190,2344689.0
51191,7865428.0
51192,5017319.0
51193,3410878.0
51194,1756069.0
51195,2055379.0
51196,4491607.0
51197,3347767.0
51198,4491607.0
51199,6694797.0
51200,2999068.0
51201,2993069.0
51202,2993069.0
51203,5017319.0
51204,5017319.0
51205,4067566.0
51206,1847826.0
51207,5595267.0
51208,4316715.0
51209,7201784.0
51210,4015749.0
51211,1756069.0
51212,3004429.0
51213,1999097.0
51214,2097022.0
51215,2344689.0
51216,3780019.0
51217,1999097.0
51218,3347767.0
51219,3028267.0
51220,7592272.0
51221,3836721.0
51222,1882131.0
51223,4952255.0
51224,3445076.0
51225,2097022.0
51226,3426169.0
51227,2021934.0
51228,2525375.0
51229,4264176.0
51230,2551252.0
51231,3261924.0
51232,2544857.0
51233,3410878.0
51234,2018785.0
51235,1756069.0
51236,2083447.0
51237,1847826.0
51238,2025297.0
51239,4250758.0
51240,4554237.0
51241,3410878.0
51242,1847826.0
51243,3447890.0
51244,4015749.0
51245,3956086.0
51246,2954086.0
51247,3008199.0
51248,8213524.0
51249,4350573.0
51250,1270499.0
51251,3982767.0
51252,2993069.0
51253,3376145.0
51254,3004429.0
51255,1999097.0
51256,3258837.0
51257,5166635.0
51258,1882131.0
51259,4316715.0
51260,2021934.0
51261,1149870.0
51262,3939804.0
51263,3836721.0
51264,8904084.0
51265,3004429.0
51266,4554237.0
51267,7865428.0
51268,2344689.0
51269,5444227.0
51270,2021934.0
51271,4491607.0
51272,3600467.0
51273,3347767.0
51274,2058644.0
51275,1999097.0
51276,7865428.0
51277,3982767.0
51278,4250758.0
51279,4590423.0
51280,2732645.0
51281,2156098.0
51282,3778621.0
51283,1149870.0
51284,5595267.0
51285,3752885.0
51286,4250553.0
51287,5906596.0
51288,2055379.0
51289,1756069.0
51290,3982767.0
51291,2344689.0
51292,5435276.0
51293,4491607.0
51294,3426169.0
51295,4491607.0
51296,2993069.0
51297,3570392.0
51298,2525375.0
51299,4590423.0
51300,2021934.0
51301,2083447.0
51302,3410878.0
51303,2344689.0
51304,1904842.0
51305,3426169.0
51306,1734634.0
51307,7865428.0
51308,6313221.0
51309,3258837.0
51310,5595267.0
51311,3600467.0
51312,2097022.0
51313,2055379.0
51314,4554237.0
51315,2344689.0
51316,3939804.0
51317,1904842.0
51318,6941173.0
51319,2058644.0
51320,3752885.0
51321,8213524.0
51322,2058644.0
51323,3028267.0
51324,1734634.0
51325,2544857.0
51326,3745135.0
51327,3810007.0
51328,1756069.0
51329,3600467.0
51330,4067566.0
51331,3745135.0
51332,8213524.0
51333,3347767.0
51334,2792031.0
51335,3351383.0
51336,5017319.0
51337,2390534.0
51338,3426169.0
51339,1999097.0
51340,4052733.0
51341,4316715.0
51342,4705945.0
51343,2544857.0
51344,4590423.0
51345,2344689.0
51346,3273041.0
51347,2018785.0
51348,3028267.0
51349,5595267.0
51350,2675511.0
51351,4316715.0
51352,3351383.0
51353,3956086.0
51354,1904842.0
51355,6923131.0
51356,2364478.0
51357,1999097.0
51358,1756069.0
51359,4491607.0
51360,2390534.0
51361,7217634.0
51362,6694797.0
51363,3426169.0
51364,6941173.0
51365,2267425.0
51366,2999068.0
51367,8213524.0
51368,4467728.0
51369,2097022.0
51370,2021934.0
51371,3745135.0
51372,4952255.0
51373,2390534.0
51374,1270499.0
51375,4467728.0
51376,3410878.0
51377,6313221.0
51378,5595267.0
51379,3445076.0
51380,4952255.0
51381,6412623.0
51382,3452382.0
51383,3004429.0
51384,2156098.0
51385,3752885.0
51386,2267425.0
51387,1882131.0
51388,6923131.0
51389,4316715.0
51390,3261924.0
51391,4590423.0
51392,7865428.0
51393,3778621.0
51394,2021934.0
51395,7865428.0
51396,4250553.0
51397,1882131.0
51398,1999097.0
51399,3261924.0
51400,2055379.0
51401,1999097.0
51402,2018785.0
51403,1149870.0
51404,2344689.0
51405,7201784.0
51406,4491607.0
51407,2344689.0
51408,3871344.0
51409,6694797.0
51410,3956086.0
51411,3807496.0
51412,1149870.0
51413,6694797.0
51414,3939804.0
51415,6694797.0
51416,2018785.0
51417,2390534.0
51418,5444227.0
51419,4491607.0
51420,1270499.0
51421,4316715.0
51422,3004429.0
51423,3939804.0
51424,2740687.0
51425,1904842.0
51426,4052733.0
51427,4067566.0
51428,2018785.0
51429,4155435.0
51430,4067566.0
51431,2055379.0
51432,4263629.0
51433,1999097.0
51434,5166635.0
51435,4491607.0
51436,2551252.0
51437,2344689.0
51438,1149870.0
51439,3410878.0
51440,1270499.0
51441,4219263.0
51442,2018785.0
51443,6836483.0
51444,4155435.0
51445,4136425.0
51446,3600467.0
51447,1999097.0
51448,3600467.0
51449,3727364.0
51450,7495092.0
51451,1999097.0
51452,5525735.0
51453,3004429.0
51454,4264176.0
51455,3273041.0
51456,4780607.0
51457,4952255.0
51458,1619683.0
51459,5500818.0
51460,2732645.0
51461,3810007.0
51462,4467728.0
51463,1756069.0
51464,3939804.0
51465,2021934.0
51466,2544857.0
51467,4066618.0
51468,1149870.0
51469,1756069.0
51470,4952255.0
51471,3452382.0
51472,2344689.0
51473,3347767.0
51474,8904084.0
51475,4888774.0
51476,4467728.0
51477,1882131.0
51478,2390534.0
51479,7865428.0
51480,3818055.0
51481,2993069.0
51482,6412623.0
51483,3939804.0
51484,2525375.0
51485,2525375.0
51486,3982767.0
51487,4467728.0
51488,2525375.0
51489,9262754.0
51490,2732645.0
51491,3004429.0
51492,2390534.0
51493,7495092.0
51494,4263629.0
51495,2021934.0
51496,3452382.0
51497,7592272.0
51498,3600467.0
51499,3004429.0
51500,3004429.0
51501,3199619.0
51502,3410878.0
51503,2058644.0
51504,1734634.0
51505,3752885.0
51506,3351383.0
51507,2344689.0
51508,3351383.0
51509,3258837.0
51510,3410878.0
51511,2021934.0
51512,2544857.0
51513,4015749.0
51514,6412623.0
51515,2738052.0
51516,3956086.0
51517,2055379.0
51518,4316715.0
51519,2018785.0
51520,3410878.0
51521,1734634.0
51522,3347767.0
51523,3347767.0
51524,3258837.0
51525,2083447.0
51526,4067566.0
51527,1149870.0
51528,2544857.0
51529,7201784.0
51530,3199619.0
51531,3727364.0
51532,3600467.0
51533,3376145.0
51534,2097022.0
51535,1619683.0
51536,4219263.0
51537,1882131.0
51538,1999097.0
51539,2055379.0
51540,3982767.0
51541,4250553.0
51542,3447890.0
51543,1270499.0
51544,7217634.0
51545,3939804.0
51546,1734634.0
51547,4705945.0
51548,3410878.0
51549,3956086.0
51550,1270499.0
51551,3807496.0
51552,6923131.0
51553,4807746.0
51554,3600467.0
51555,1999097.0
51556,2021934.0
51557,2390534.0
51558,7217634.0
51559,2267425.0
51560,3939804.0
51561,2058644.0
51562,4067566.0
51563,6923131.0
51564,4264176.0
51565,1847826.0
51566,3028267.0
51567,7592272.0
51568,1756069.0
51569,3727364.0
51570,8213524.0
51571,5525735.0
51572,2025297.0
51573,3248660.0
51574,4250553.0
51575,4250553.0
51576,1734634.0
51577,3727364.0
51578,2954086.0
51579,2097022.0
51580,2344689.0
51581,2058644.0
51582,4286645.0
51583,1882131.0
51584,6941173.0
51585,3004429.0
51586,3727364.0
51587,3745135.0
51588,2058644.0
51589,4015749.0
51590,6412623.0
51591,6694797.0
51592,5286212.0
51593,2993069.0
51594,3376145.0
51595,1270499.0
51596,2058644.0
51597,2267425.0
51598,6941173.0
51599,8213524.0
51600,4350573.0
51601,6941173.0
51602,5337526.0
51603,1847826.0
51604,6694797.0
51605,4780607.0
51606,1847826.0
51607,4250553.0
51608,4705945.0
51609,3600467.0
51610,7592272.0
51611,3004429.0
51612,7592272.0
51613,3752885.0
51614,1999097.0
51615,5525735.0
51616,2344689.0
51617,4491607.0
51618,1149870.0
51619,2390534.0
51620,4052733.0
51621,3727364.0
51622,4015749.0
51623,2058644.0
51624,2390534.0
51625,1904842.0
51626,4888774.0
51627,2018785.0
51628,3807496.0
51629,2738052.0
51630,3248660.0
51631,1847826.0
51632,1149870.0
51633,3351383.0
51634,6363241.0
51635,2025297.0
51636,3570392.0
51637,2344689.0
51638,5444227.0
51639,2675511.0
51640,3903884.0
51641,3426169.0
51642,7201784.0
51643,4952255.0
51644,3778621.0
51645,4780607.0
51646,7201784.0
51647,2058644.0
51648,3956086.0
51649,1763231.0
51650,6694797.0
51651,2058644.0
51652,4350573.0
51653,3028267.0
51654,3351383.0
51655,5435276.0
51656,6363241.0
51657,4052733.0
51658,3410878.0
51659,7592272.0
51660,3004429.0
51661,3426169.0
51662,3807496.0
51663,2058644.0
51664,2390534.0
51665,1763231.0
51666,3939804.0
51667,3939804.0
51668,3447890.0
51669,4052733.0
51670,4705945.0
51671,3447890.0
51672,3956086.0
51673,3939804.0
51674,1847826.0
51675,1270499.0
51676,1999097.0
51677,4705945.0
51678,3939804.0
51679,7865428.0
51680,2993069.0
51681,3351383.0
51682,3780019.0
51683,5525735.0
51684,5444227.0
51685,5444227.0
51686,3982767.0
51687,4491607.0
51688,4250553.0
51689,3745135.0
51690,2097022.0
51691,7217634.0
51692,2344689.0
51693,2018785.0
51694,4491607.0
51695,3939804.0
51696,4491607.0
51697,1149870.0
51698,4015749.0
51699,2018785.0
51700,1270499.0
51701,2993069.0
51702,3004429.0
51703,4264176.0
51704,4015749.0
51705,4554237.0
51706,4467728.0
51707,2267425.0
51708,5595267.0
51709,4491607.0
51710,2383840.0
51711,2097022.0
51712,3982767.0
51713,4554237.0
51714,2021934.0
51715,2675511.0
51716,3745135.0
51717,3351383.0
51718,1882131.0
51719,1756069.0
51720,2371202.0
51721,3956086.0
51722,1999097.0
51723,2371202.0
51724,2525375.0
51725,3410878.0
51726,2018785.0
51727,2525375.0
51728,5525735.0
51729,4888774.0
51730,1734634.0
51731,2156098.0
51732,1756069.0
51733,1270499.0
51734,6941173.0
51735,3261924.0
51736,2055379.0
51737,3600467.0
51738,3939804.0
51739,2344689.0
51740,3753720.0
51741,2383840.0
51742,2383840.0
51743,2021934.0
51744,2792031.0
51745,2058644.0
51746,4952255.0
51747,8213524.0
51748,3778621.0
51749,3778621.0
51750,1999097.0
51751,1619683.0
51752,1999097.0
51753,3836721.0
51754,3410878.0
51755,8213524.0
51756,1763231.0
51757,3028267.0
51758,1619683.0
51759,2993069.0
51760,4882985.0
51761,1619683.0
51762,4350573.0
51763,3351383.0
51764,2055379.0
51765,1882131.0
51766,4067566.0
51767,5653753.0
51768,2018785.0
51769,8904084.0
51770,1756069.0
51771,3956086.0
51772,8213524.0
51773,2055379.0
51774,4052733.0
51775,4067566.0
51776,2525375.0
51777,2675511.0
51778,4780607.0
51779,1999097.0
51780,3351383.0
51781,3600467.0
51782,5500818.0
51783,2018785.0
51784,6313221.0
51785,2021934.0
51786,4491607.0
51787,4250553.0
51788,2097022.0
51789,1999097.0
51790,1882131.0
51791,2021934.0
51792,3004429.0
51793,4264176.0
51794,1270499.0
51795,3982767.0
51796,8213524.0
51797,5461700.0
51798,3600467.0
51799,2344689.0
51800,2544857.0
51801,1270499.0
51802,4491607.0
51803,3351383.0
51804,4052733.0
51805,3351383.0
51806,5525735.0
51807,2156098.0
51808,2058644.0
51809,3261924.0
51810,2383840.0
51811,6923131.0
51812,6412623.0
51813,1619683.0
51814,2055379.0
51815,4590423.0
51816,3199619.0
51817,2954086.0
51818,2390534.0
51819,1763231.0
51820,3939804.0
51821,2344689.0
51822,4705945.0
51823,2364478.0
51824,4136425.0
51825,2525375.0
51826,2364478.0
51827,2021934.0
51828,3727364.0
51829,4067566.0
51830,1999097.0
51831,3447890.0
51832,7592272.0
51833,2058644.0
51834,3600467.0
51835,1734634.0
51836,3347767.0
51837,8213524.0
51838,3836721.0
51839,3600467.0
51840,2058644.0
51841,2097022.0
51842,3004429.0
51843,3956086.0
51844,1619683.0
51845,4067566.0
51846,2792031.0
51847,4219263.0
51848,3028267.0
51849,3410878.0
51850,7495092.0
51851,2954086.0
51852,3600467.0
51853,4350573.0
51854,2021934.0
51855,2018785.0
51856,7865428.0
51857,3956086.0
51858,8213524.0
51859,3410878.0
51860,2058644.0
51861,3347767.0
51862,3939804.0
51863,3347767.0
51864,4015749.0
51865,7592272.0
51866,3600467.0
51867,2344689.0
51868,6782425.0
51869,3347767.0
51870,3351383.0
51871,2097022.0
51872,1270499.0
51873,2344689.0
51874,1756069.0
51875,3836721.0
51876,2021934.0
51877,2097022.0
51878,2021934.0
51879,1847826.0
51880,4250553.0
51881,4052733.0
51882,2390534.0
51883,3351383.0
51884,4491607.0
51885,5500818.0
51886,8213524.0
51887,2732645.0
51888,3956086.0
51889,2544857.0
51890,1149870.0
51891,4316715.0
51892,6836483.0
51893,3410878.0
51894,1149870.0
51895,2954086.0
51896,1149870.0
51897,1270499.0
51898,4052733.0
51899,3351383.0
51900,2267425.0
51901,1734634.0
51902,3351383.0
51903,3218918.0
51904,3351383.0
51905,2371202.0
51906,2058644.0
51907,6694797.0
51908,1270499.0
51909,4952255.0
51910,2544857.0
51911,1847826.0
51912,6412623.0
51913,3836721.0
51914,2055379.0
51915,4467728.0
51916,1847826.0
51917,1149870.0
51918,7201784.0
51919,8213524.0
51920,1847826.0
51921,2058644.0
51922,6941173.0
51923,7495092.0
51924,2954086.0
51925,2675511.0
51926,1756069.0
51927,3982767.0
51928,2267425.0
51929,2058644.0
51930,3347767.0
51931,3258837.0
51932,2371202.0
51933,2344689.0
51934,3903884.0
51935,4052733.0
51936,2058644.0
51937,2344689.0
51938,4554237.0
51939,4491607.0
51940,4888774.0
51941,6313221.0
51942,3807496.0
51943,5787594.0
51944,3199619.0
51945,1763231.0
51946,3410878.0
51947,6313221.0
51948,6941173.0
51949,6941173.0
51950,7865428.0
51951,6923131.0
51952,3004429.0
51953,3004429.0
51954,2055379.0
51955,6313221.0
51956,3004429.0
51957,3004429.0
51958,7495092.0
51959,7201784.0
51960,3351383.0
51961,5787594.0
51962,3410878.0
51963,3956086.0
51964,3258837.0
51965,1999097.0
51966,3261924.0
51967,3261924.0
51968,3351383.0
51969,2058644.0
51970,3410878.0
51971,2738052.0
51972,5161370.0
51973,3600467.0
51974,3807496.0
51975,1270499.0
51976,3956086.0
51977,3351383.0
51978,4807746.0
51979,4250553.0
51980,4491607.0
51981,3410878.0
51982,16549064.0
51983,3836721.0
51984,3727364.0
51985,6923131.0
51986,1756069.0
51987,2055379.0
51988,2055379.0
51989,3600467.0
51990,4015749.0
51991,6923131.0
51992,2058644.0
51993,5595267.0
51994,2675511.0
51995,3410878.0
51996,4136425.0
51997,3258837.0
51998,1999097.0
51999,2156098.0
52000,3410878.0
52001,2551252.0
52002,4554237.0
52003,3248660.0
52004,4015749.0
52005,4467728.0
52006,2344689.0
52007,2018785.0
52008,4554237.0
52009,3600467.0
52010,2675511.0
52011,1882131.0
52012,7495092.0
52013,3351383.0
52014,2371202.0
52015,4780607.0
52016,2018785.0
52017,2267425.0
52018,2738052.0
52019,3447890.0
52020,2097022.0
52021,3727364.0
52022,1756069.0
52023,3982767.0
52024,2055379.0
52025,1619683.0
52026,8213524.0
52027,4807746.0
52028,2018785.0
52029,2021934.0
52030,3347767.0
52031,1999097.0
52032,7201784.0
52033,2344689.0
52034,3004429.0
52035,1882131.0
52036,5595267.0
52037,4316715.0
52038,2551252.0
52039,3008199.0
52040,5525735.0
52041,3600467.0
52042,8904084.0
52043,3351383.0
52044,3410878.0
52045,2156098.0
52046,4052733.0
52047,5286212.0
52048,3199619.0
52049,6313221.0
52050,1270499.0
52051,1619683.0
52052,1149870.0
52053,2021934.0
52054,3410878.0
52055,1270499.0
52056,4155435.0
52057,2544857.0
52058,6836483.0
52059,7495092.0
52060,3347767.0
52061,4807746.0
52062,4052733.0
52063,5017319.0
52064,3410878.0
52065,9262754.0
52066,3778621.0
52067,3445076.0
52068,3426169.0
52069,3982767.0
52070,3982767.0
52071,3199619.0
52072,3807496.0
52073,9262754.0
52074,3351383.0
52075,3004429.0
52076,3752885.0
52077,4100886.0
52078,4705945.0
52079,2551252.0
52080,4052733.0
52081,2344689.0
52082,6694797.0
52083,2021934.0
52084,1149870.0
52085,2525375.0
52086,2344689.0
52087,4052733.0
52088,4554237.0
52089,2390534.0
52090,2018785.0
52091,3218918.0
52092,5595267.0
52093,3600467.0
52094,3261924.0
52095,4350573.0
52096,3004429.0
52097,3447890.0
52098,7865428.0
52099,6412623.0
52100,5595267.0
52101,4316715.0
52102,2025297.0
52103,2344689.0
52104,3447890.0
52105,3426169.0
52106,2097022.0
52107,2021934.0
52108,2097022.0
52109,1619683.0
52110,3410878.0
52111,1619683.0
52112,1149870.0
52113,2792031.0
52114,4491607.0
52115,4052733.0
52116,2058644.0
52117,3745135.0
52118,2551252.0
52119,5435276.0
52120,3982767.0
52121,4705945.0
52122,4350573.0
52123,3351383.0
52124,3351383.0
52125,4052733.0
52126,2156098.0
52127,3347767.0
52128,1756069.0
52129,1619683.0
52130,2021934.0
52131,6836483.0
52132,3351383.0
52133,5461700.0
52134,3351383.0
52135,5595267.0
52136,4807746.0
52137,1270499.0
52138,16549064.0
52139,8213524.0
52140,2156098.0
52141,1270499.0
52142,1756069.0
52143,2021934.0
52144,6412623.0
52145,1149870.0
52146,2371202.0
52147,2344689.0
52148,1999097.0
52149,4250758.0
52150,2390534.0
52151,1756069.0
52152,2058644.0
52153,3273041.0
52154,6694797.0
52155,1734634.0
52156,3347767.0
52157,4467728.0
52158,2021934.0
52159,3004429.0
52160,3351383.0
52161,3028267.0
52162,1270499.0
52163,7592272.0
52164,4100886.0
52165,6313221.0
52166,8213524.0
52167,3376145.0
52168,8213524.0
52169,3347767.0
52170,8213524.0
52171,5017319.0
52172,9262754.0
52173,3939804.0
52174,3982767.0
52175,6313221.0
52176,3376145.0
52177,2055379.0
52178,1270499.0
52179,2525375.0
52180,3780019.0
52181,2390534.0
52182,9262754.0
52183,6313221.0
52184,6941173.0
52185,6941173.0
52186,3939804.0
52187,4066618.0
52188,1149870.0
52189,2021934.0
52190,4491607.0
52191,1999097.0
52192,4264176.0
52193,2675511.0
52194,5286212.0
52195,2383840.0
52196,1149870.0
52197,3351383.0
52198,2156098.0
52199,3982767.0
52200,6363241.0
52201,3248660.0
52202,1270499.0
52203,4155435.0
52204,5906596.0
52205,1882131.0
52206,2344689.0
52207,3752885.0
52208,2551252.0
52209,5595267.0
52210,7495092.0
52211,7865428.0
52212,3347767.0
52213,1999097.0
52214,5653753.0
52215,7201784.0
52216,4067566.0
52217,3939804.0
52218,1149870.0
52219,2954086.0
52220,5500818.0
52221,1734634.0
52222,4491607.0
52223,3939804.0
52224,2018785.0
52225,2058644.0
52226,7495092.0
52227,4780607.0
52228,2267425.0
52229,2525375.0
52230,5595267.0
52231,4250553.0
52232,4882985.0
52233,3410878.0
52234,5525735.0
52235,2551252.0
52236,2058644.0
52237,1999097.0
52238,5017319.0
52239,19696939.0
52240,2993069.0
52241,3982767.0
52242,6313221.0
52243,1756069.0
52244,3753720.0
52245,1734634.0
52246,3004429.0
52247,3982767.0
52248,8630682.0
52249,6941173.0
52250,2055379.0
52251,3347767.0
52252,2021934.0
52253,4554237.0
52254,3939804.0
52255,4882985.0
52256,3199619.0
52257,4705945.0
52258,1904842.0
52259,3351383.0
52260,1756069.0
52261,2525375.0
52262,2058644.0
52263,8213524.0
52264,1619683.0
52265,3410878.0
52266,3778621.0
52267,6694797.0
52268,2344689.0
52269,2055379.0
52270,6836483.0
52271,9262754.0
52272,3745135.0
52273,2344689.0
52274,3778621.0
52275,2156098.0
52276,2025297.0
52277,3273041.0
52278,3818055.0
52279,3982767.0
52280,3426169.0
52281,3447890.0
52282,2055379.0
52283,4067566.0
52284,3939804.0
52285,2058644.0
52286,7495092.0
52287,7592272.0
52288,2055379.0
52289,4491607.0
52290,4316715.0
52291,3956086.0
52292,2021934.0
52293,1847826.0
52294,1847826.0
52295,3376145.0
52296,6941173.0
52297,1999097.0
52298,2344689.0
52299,2344689.0
52300,1149870.0
52301,3347767.0
52302,4250758.0
52303,1763231.0
52304,1756069.0
52305,3727364.0
52306,2344689.0
52307,4100886.0
52308,8213524.0
52309,3248660.0
52310,3248660.0
52311,1270499.0
52312,6923131.0
52313,1882131.0
52314,5787594.0
52315,3004429.0
52316,5017319.0
52317,4952255.0
52318,7592272.0
52319,2954086.0
52320,3351383.0
52321,6363241.0
52322,1999097.0
52323,1756069.0
52324,3939804.0
52325,3982767.0
52326,2025297.0
52327,5017319.0
52328,4554237.0
52329,5286212.0
52330,3447890.0
52331,2344689.0
52332,3447890.0
52333,4952255.0
52334,3410878.0
52335,2018785.0
52336,4316715.0
52337,5595267.0
52338,6313221.0
52339,3410878.0
52340,5444227.0
52341,3903884.0
52342,3780019.0
52343,5161370.0
52344,2390534.0
52345,1619683.0
52346,1763231.0
52347,1882131.0
52348,3410878.0
52349,2390534.0
52350,3426169.0
52351,1619683.0
52352,6694797.0
52353,3727364.0
52354,3836721.0
52355,2097022.0
52356,3410878.0
52357,3351383.0
52358,2371202.0
52359,6836483.0
52360,3410878.0
52361,2267425.0
52362,5017319.0
52363,5337526.0
52364,6941173.0
52365,2097022.0
52366,3780019.0
52367,3982767.0
52368,3600467.0
52369,1904842.0
52370,3426169.0
52371,3745135.0
52372,2058644.0
52373,3447890.0
52374,4250553.0
52375,3939804.0
52376,3347767.0
52377,8213524.0
52378,7217634.0
52379,3028267.0
52380,2371202.0
52381,7592272.0
52382,3347767.0
52383,4067566.0
52384,2732645.0
52385,7201784.0
52386,2083447.0
52387,2344689.0
52388,1763231.0
52389,1149870.0
52390,5337526.0
52391,1270499.0
52392,6923131.0
52393,1149870.0
52394,2055379.0
52395,3745135.0
52396,5461700.0
52397,2544857.0
52398,3347767.0
52399,3445076.0
52400,4491607.0
52401,2390534.0
52402,3778621.0
52403,2018785.0
52404,7592272.0
52405,2344689.0
52406,7865428.0
52407,4590423.0
52408,1619683.0
52409,3753720.0
52410,6923131.0
52411,4015749.0
52412,3004429.0
52413,4350573.0
52414,6941173.0
52415,3199619.0
52416,4264176.0
52417,2055379.0
52418,1847826.0
52419,3028267.0
52420,5595267.0
52421,2344689.0
52422,1999097.0
52423,2792031.0
52424,2021934.0
52425,6694797.0
52426,4590423.0
52427,4350573.0
52428,2551252.0
52429,4155435.0
52430,6782425.0
52431,3261924.0
52432,2544857.0
52433,9262754.0
52434,2083447.0
52435,3351383.0
52436,3780019.0
52437,4067566.0
52438,3347767.0
52439,3727364.0
52440,3956086.0
52441,2675511.0
52442,2344689.0
52443,6941173.0
52444,7865428.0
52445,2267425.0
52446,5286212.0
52447,1149870.0
52448,3903884.0
52449,2344689.0
52450,6313221.0
52451,2021934.0
52452,2021934.0
52453,2018785.0
52454,1270499.0
52455,5525735.0
52456,1756069.0
52457,2344689.0
52458,3410878.0
52459,4952255.0
52460,7592272.0
52461,7592272.0
52462,1999097.0
52463,3199619.0
52464,2018785.0
52465,3982767.0
52466,1734634.0
52467,1619683.0
52468,6363241.0
52469,2058644.0
52470,1734634.0
52471,2344689.0
52472,4052733.0
52473,5906596.0
52474,4882985.0
52475,3836721.0
52476,4467728.0
52477,2993069.0
52478,4264176.0
52479,9652350.0
52480,2021934.0
52481,2732645.0
52482,3351383.0
52483,4316715.0
52484,4015749.0
52485,4263629.0
52486,2390534.0
52487,2732645.0
52488,6412623.0
52489,7217634.0
52490,2021934.0
52491,4250553.0
52492,1999097.0
52493,3004429.0
52494,3004429.0
52495,3004429.0
52496,2267425.0
52497,1270499.0
52498,4467728.0
52499,2021934.0
52500,3004429.0
52501,2675511.0
52502,4888774.0
52503,2390534.0
52504,1270499.0
52505,2018785.0
52506,4882985.0
52507,6782425.0
52508,3351383.0
52509,3752885.0
52510,2018785.0
52511,1734634.0
52512,7592272.0
52513,3410878.0
52514,9652350.0
52515,3347767.0
52516,1999097.0
52517,2021934.0
52518,3447890.0
52519,1270499.0
52520,2021934.0
52521,5017319.0
52522,4067566.0
52523,3028267.0
52524,3836721.0
52525,4491607.0
52526,3199619.0
52527,3982767.0
52528,4066618.0
52529,3347767.0
52530,2390534.0
52531,1270499.0
52532,2018785.0
52533,1756069.0
52534,4015749.0
52535,2390534.0
52536,3452382.0
52537,3445076.0
52538,6363241.0
52539,3836721.0
52540,1847826.0
52541,1999097.0
52542,4052733.0
52543,2390534.0
52544,3780019.0
52545,5595267.0
52546,2525375.0
52547,6412623.0
52548,2058644.0
52549,3218918.0
52550,3836721.0
52551,2021934.0
52552,1270499.0
52553,1756069.0
52554,4467728.0
52555,2025297.0
52556,2954086.0
52557,4952255.0
52558,1270499.0
52559,5337526.0
52560,4316715.0
52561,4780607.0
52562,1763231.0
52563,1149870.0
52564,6313221.0
52565,4250758.0
52566,4052733.0
52567,1270499.0
52568,1999097.0
52569,2390534.0
52570,4316715.0
52571,3376145.0
52572,5525735.0
52573,3982767.0
52574,3347767.0
52575,1999097.0
52576,2021934.0
52577,3807496.0
52578,3752885.0
52579,6412623.0
52580,2021934.0
52581,3004429.0
52582,2738052.0
52583,3261924.0
52584,1847826.0
52585,3982767.0
52586,5595267.0
52587,2383840.0
52588,2390534.0
52589,2021934.0
52590,3982767.0
52591,4052733.0
52592,1756069.0
52593,6694797.0
52594,2390534.0
52595,5166635.0
52596,4491607.0
52597,3273041.0
52598,4015749.0
52599,2018785.0
52600,6782425.0
52601,1619683.0
52602,3410878.0
52603,2025297.0
52604,1619683.0
52605,4052733.0
52606,3753720.0
52607,5906596.0
52608,8213524.0
52609,3351383.0
52610,7865428.0
52611,4491607.0
52612,3410878.0
52613,2993069.0
52614,2097022.0
52615,3939804.0
52616,1270499.0
52617,6836483.0
52618,4590423.0
52619,3780019.0
52620,7592272.0
52621,3199619.0
52622,3004429.0
52623,2018785.0
52624,5337526.0
52625,4590423.0
52626,2267425.0
52627,4052733.0
52628,6923131.0
52629,2021934.0
52630,2097022.0
52631,4491607.0
52632,5595267.0
52633,4554237.0
52634,2058644.0
52635,2097022.0
52636,5525735.0
52637,2018785.0
52638,6923131.0
52639,3410878.0
52640,3939804.0
52641,2544857.0
52642,2018785.0
52643,2390534.0
52644,5787594.0
52645,2097022.0
52646,1756069.0
52647,4015749.0
52648,3600467.0
52649,8894598.0
52650,7592272.0
52651,4807746.0
52652,3836721.0
52653,2097022.0
52654,3351383.0
52655,4316715.0
52656,4052733.0
52657,6941173.0
52658,1619683.0
52659,3982767.0
52660,5017319.0
52661,6941173.0
52662,4590423.0
52663,4350573.0
52664,2954086.0
52665,3347767.0
52666,4286645.0
52667,3410878.0
52668,3410878.0
52669,7592272.0
52670,2025297.0
52671,2999068.0
52672,2097022.0
52673,4882985.0
52674,2058644.0
52675,6363241.0
52676,2732645.0
52677,2371202.0
52678,3939804.0
52679,4554237.0
52680,5435276.0
52681,2544857.0
52682,2025297.0
52683,4316715.0
52684,3410878.0
52685,1270499.0
52686,1999097.0
52687,3745135.0
52688,2267425.0
52689,1999097.0
52690,2544857.0
52691,4467728.0
52692,7201784.0
52693,6363241.0
52694,4491607.0
52695,2999068.0
52696,4554237.0
52697,1756069.0
52698,3376145.0
52699,2525375.0
52700,1619683.0
52701,5500818.0
52702,3807496.0
52703,3727364.0
52704,2267425.0
52705,5595267.0
52706,6782425.0
52707,4250758.0
52708,4052733.0
52709,2058644.0
52710,5166635.0
52711,4491607.0
52712,3004429.0
52713,1999097.0
52714,6313221.0
52715,3273041.0
52716,4554237.0
52717,7592272.0
52718,1756069.0
52719,5595267.0
52720,2371202.0
52721,4052733.0
52722,2383840.0
52723,7495092.0
52724,1904842.0
52725,8213524.0
52726,7201784.0
52727,3780019.0
52728,3261924.0
52729,2055379.0
52730,4052733.0
52731,2344689.0
52732,2018785.0
52733,3004429.0
52734,4590423.0
52735,2390534.0
52736,6363241.0
52737,2675511.0
52738,3956086.0
52739,1270499.0
52740,7201784.0
52741,4882985.0
52742,3903884.0
52743,3939804.0
52744,4554237.0
52745,2083447.0
52746,3982767.0
52747,4015749.0
52748,1756069.0
52749,3351383.0
52750,2344689.0
52751,2055379.0
52752,2740687.0
52753,3780019.0
52754,4264176.0
52755,7592272.0
52756,4264176.0
52757,2025297.0
52758,3939804.0
52759,1149870.0
52760,7201784.0
52761,6412623.0
52762,1756069.0
52763,4250553.0
52764,3836721.0
52765,2058644.0
52766,8213524.0
52767,3836721.0
52768,8213524.0
52769,4491607.0
52770,4590423.0
52771,2055379.0
52772,4467728.0
52773,1882131.0
52774,3351383.0
52775,3745135.0
52776,3752885.0
52777,3600467.0
52778,3778621.0
52779,3447890.0
52780,4052733.0
52781,5161370.0
52782,1149870.0
52783,1999097.0
52784,4888774.0
52785,3727364.0
52786,4705945.0
52787,4705945.0
52788,3410878.0
52789,2021934.0
52790,3351383.0
52791,1904842.0
52792,4250553.0
52793,2021934.0
52794,9652350.0
52795,2018785.0
52796,2018785.0
52797,3570392.0
52798,2344689.0
52799,4250553.0
52800,1734634.0
52801,3199619.0
52802,1999097.0
52803,4250553.0
52804,3347767.0
52805,6836483.0
52806,3004429.0
52807,3447890.0
52808,3008199.0
52809,2544857.0
52810,1149870.0
52811,3982767.0
52812,3426169.0
52813,3028267.0
52814,5595267.0
52815,3956086.0
52816,3956086.0
52817,4554237.0
52818,7201784.0
52819,4491607.0
52820,3745135.0
52821,4467728.0
52822,8213524.0
52823,3778621.0
52824,3745135.0
52825,3347767.0
52826,4590423.0
52827,2058644.0
52828,1270499.0
52829,3871344.0
52830,2267425.0
52831,3410878.0
52832,7592272.0
52833,3426169.0
52834,4467728.0
52835,4705945.0
52836,1270499.0
52837,2097022.0
52838,1847826.0
52839,4052733.0
52840,1756069.0
52841,1149870.0
52842,6363241.0
52843,7217634.0
52844,2055379.0
52845,4100886.0
52846,3218918.0
52847,1847826.0
52848,6782425.0
52849,2999068.0
52850,3347767.0
52851,3164972.0
52852,2551252.0
52853,3351383.0
52854,3028267.0
52855,2156098.0
52856,6941173.0
52857,1882131.0
52858,7201784.0
52859,2267425.0
52860,8213524.0
52861,2792031.0
52862,3351383.0
52863,4467728.0
52864,3780019.0
52865,2371202.0
52866,3351383.0
52867,2021934.0
52868,7592272.0
52869,3347767.0
52870,2267425.0
52871,3028267.0
52872,1756069.0
52873,4052733.0
52874,3351383.0
52875,4554237.0
52876,2021934.0
52877,4780607.0
52878,4467728.0
52879,3982767.0
52880,2021934.0
52881,2383840.0
52882,2344689.0
52883,3351383.0
52884,3347767.0
52885,2018785.0
52886,4052733.0
52887,3347767.0
52888,3347767.0
52889,2544857.0
52890,8213524.0
52891,2993069.0
52892,2371202.0
52893,2390534.0
52894,5166635.0
52895,8213524.0
52896,4067566.0
52897,2344689.0
52898,5595267.0
52899,4705945.0
52900,2344689.0
52901,1999097.0
52902,4250758.0
52903,2551252.0
52904,6836483.0
52905,3410878.0
52906,7201784.0
52907,3258837.0
52908,4705945.0
52909,3004429.0
52910,2344689.0
52911,2954086.0
52912,2018785.0
52913,1149870.0
52914,3727364.0
52915,1619683.0
52916,2525375.0
52917,3753720.0
52918,2021934.0
52919,8630682.0
52920,3982767.0
52921,4015749.0
52922,2364478.0
52923,2156098.0
52924,1149870.0
52925,3351383.0
52926,1149870.0
52927,7592272.0
52928,3347767.0
52929,7217634.0
52930,4264176.0
52931,2390534.0
52932,3347767.0
52933,4264176.0
52934,1999097.0
52935,3780019.0
52936,8213524.0
52937,1619683.0
52938,5017319.0
52939,2267425.0
52940,4250553.0
52941,2390534.0
52942,3410878.0
52943,3939804.0
52944,6694797.0
52945,2364478.0
52946,1270499.0
52947,1619683.0
52948,5595267.0
52949,2018785.0
52950,4250553.0
52951,1619683.0
52952,2999068.0
52953,4780607.0
52954,1763231.0
52955,3347767.0
52956,2344689.0
52957,4100886.0
52958,3376145.0
52959,3939804.0
52960,4350573.0
52961,1999097.0
52962,3903884.0
52963,9262754.0
52964,3004429.0
52965,2058644.0
52966,6694797.0
52967,2954086.0
52968,3447890.0
52969,4052733.0
52970,4264176.0
52971,2097022.0
52972,2954086.0
52973,4250553.0
52974,2551252.0
52975,4066618.0
52976,2390534.0
52977,4467728.0
52978,3447890.0
52979,4350573.0
52980,7592272.0
52981,3447890.0
52982,7592272.0
52983,1756069.0
52984,2021934.0
52985,1149870.0
52986,8213524.0
52987,2058644.0
52988,2055379.0
52989,4705945.0
52990,3745135.0
52991,4250553.0
52992,3410878.0
52993,4155435.0
52994,3347767.0
52995,5787594.0
52996,4554237.0
52997,2055379.0
52998,2083447.0
52999,8213524.0
53000,5595267.0
53001,5525735.0
53002,5161370.0
53003,4705945.0
53004,4705945.0
53005,4705945.0
53006,2390534.0
53007,2732645.0
53008,4067566.0
53009,1763231.0
53010,3347767.0
53011,2954086.0
53012,3261924.0
53013,6363241.0
53014,4491607.0
53015,3727364.0
53016,2058644.0
53017,2390534.0
53018,1847826.0
53019,3004429.0
53020,3004429.0
53021,5461700.0
53022,2390534.0
53023,3745135.0
53024,1847826.0
53025,3376145.0
53026,3780019.0
53027,5595267.0
53028,3939804.0
53029,4467728.0
53030,4467728.0
53031,4316715.0
53032,2055379.0
53033,3410878.0
53034,3028267.0
53035,6313221.0
53036,7217634.0
53037,4316715.0
53038,3780019.0
53039,3752885.0
53040,4952255.0
53041,3004429.0
53042,2344689.0
53043,3600467.0
53044,7217634.0
53045,3600467.0
53046,8213524.0
53047,6412623.0
53048,7201784.0
53049,5525735.0
53050,4705945.0
53051,3410878.0
53052,3939804.0
53053,2055379.0
53054,4015749.0
53055,4015749.0
53056,4350573.0
53057,1999097.0
53058,1619683.0
53059,1999097.0
53060,4952255.0
53061,1999097.0
53062,3351383.0
53063,5595267.0
53064,5595267.0
53065,2993069.0
53066,2344689.0
53067,3004429.0
53068,4015749.0
53069,2021934.0
53070,3347767.0
53071,3447890.0
53072,3347767.0
53073,3248660.0
53074,6694797.0
53075,2025297.0
53076,3258837.0
53077,3452382.0
53078,3780019.0
53079,3351383.0
53080,2267425.0
53081,9262754.0
53082,4316715.0
53083,5435276.0
53084,1763231.0
53085,4467728.0
53086,2525375.0
53087,2021934.0
53088,1999097.0
53089,3939804.0
53090,2390534.0
53091,3347767.0
53092,3903884.0
53093,2792031.0
53094,2018785.0
53095,2156098.0
53096,4554237.0
53097,3273041.0
53098,1882131.0
53099,2371202.0
53100,7865428.0
53101,1149870.0
53102,6923131.0
53103,2525375.0
53104,3752885.0
53105,6694797.0
53106,2058644.0
53107,5787594.0
53108,3351383.0
53109,3753720.0
53110,2525375.0
53111,5595267.0
53112,3956086.0
53113,2371202.0
53114,4491607.0
53115,2344689.0
53116,1734634.0
53117,3351383.0
53118,4467728.0
53119,3376145.0
53120,2021934.0
53121,3745135.0
53122,9262754.0
53123,1734634.0
53124,3807496.0
53125,3982767.0
53126,4316715.0
53127,3164972.0
53128,3410878.0
53129,2097022.0
53130,2390534.0
53131,7592272.0
53132,3780019.0
53133,4219263.0
53134,4286645.0
53135,3410878.0
53136,5017319.0
53137,1999097.0
53138,3727364.0
53139,3004429.0
53140,1999097.0
53141,3248660.0
53142,2156098.0
53143,1999097.0
53144,3982767.0
53145,3351383.0
53146,3410878.0
53147,4136425.0
53148,2344689.0
53149,2525375.0
53150,4554237.0
53151,1270499.0
53152,2018785.0
53153,1149870.0
53154,2525375.0
53155,4491607.0
53156,2344689.0
53157,7201784.0
53158,7201784.0
53159,6363241.0
53160,2267425.0
53161,4015749.0
53162,1904842.0
53163,7592272.0
53164,7865428.0
53165,3752885.0
53166,4554237.0
53167,2344689.0
53168,3261924.0
53169,6836483.0
53170,3447890.0
53171,9652350.0
53172,3351383.0
53173,2267425.0
53174,2390534.0
53175,4491607.0
53176,3273041.0
53177,16549064.0
53178,4350573.0
53179,3939804.0
53180,1619683.0
53181,2156098.0
53182,1756069.0
53183,5461700.0
53184,8213524.0
53185,1619683.0
53186,4067566.0
53187,3982767.0
53188,5500818.0
53189,2993069.0
53190,7592272.0
53191,2344689.0
53192,4219263.0
53193,4705945.0
53194,2525375.0
53195,6363241.0
53196,3199619.0
53197,3447890.0
53198,4780607.0
53199,2083447.0
53200,1619683.0
53201,1763231.0
53202,2058644.0
53203,4350573.0
53204,6412623.0
53205,1619683.0
53206,1619683.0
53207,2544857.0
53208,1270499.0
53209,2058644.0
53210,2097022.0
53211,2344689.0
53212,3004429.0
53213,4015749.0
53214,3410878.0
53215,2018785.0
53216,5595267.0
53217,3600467.0
53218,3376145.0
53219,3956086.0
53220,7495092.0
53221,2344689.0
53222,2021934.0
53223,7592272.0
53224,6941173.0
53225,5595267.0
53226,3410878.0
53227,3351383.0
53228,3780019.0
53229,3780019.0
53230,2364478.0
53231,4952255.0
53232,6694797.0
53233,2544857.0
53234,4350573.0
53235,2018785.0
53236,3347767.0
53237,7495092.0
53238,5017319.0
53239,1999097.0
53240,4066618.0
53241,2544857.0
53242,1999097.0
53243,5787594.0
53244,2058644.0
53245,2390534.0
53246,2018785.0
53247,7592272.0
53248,3004429.0
53249,2344689.0
53250,4052733.0
53251,3982767.0
53252,2083447.0
53253,3351383.0
53254,4467728.0
53255,2058644.0
53256,1999097.0
53257,3028267.0
53258,3982767.0
53259,4888774.0
53260,1847826.0
53261,1619683.0
53262,3956086.0
53263,3351383.0
53264,1999097.0
53265,1847826.0
53266,3347767.0
53267,3745135.0
53268,2058644.0
53269,3410878.0
53270,3982767.0
53271,3982767.0
53272,4467728.0
53273,4952255.0
53274,1882131.0
53275,5017319.0
53276,5595267.0
53277,1882131.0
53278,3727364.0
53279,3778621.0
53280,1882131.0
53281,2267425.0
53282,4052733.0
53283,2344689.0
53284,2999068.0
53285,1756069.0
53286,3347767.0
53287,4067566.0
53288,3410878.0
53289,2344689.0
53290,3258837.0
53291,4554237.0
53292,7495092.0
53293,2525375.0
53294,2267425.0
53295,3447890.0
53296,2058644.0
53297,3810007.0
53298,8213524.0
53299,3410878.0
53300,5525735.0
53301,1756069.0
53302,2018785.0
53303,3600467.0
53304,4015749.0
53305,3778621.0
53306,2025297.0
53307,3351383.0
53308,4316715.0
53309,5161370.0
53310,5444227.0
53311,1847826.0
53312,1619683.0
53313,4052733.0
53314,5161370.0
53315,7495092.0
53316,3004429.0
53317,3028267.0
53318,6694797.0
53319,2738052.0
53320,4066618.0
53321,2544857.0
53322,7201784.0
53323,3778621.0
53324,2267425.0
53325,2058644.0
53326,4052733.0
53327,3807496.0
53328,2018785.0
53329,3836721.0
53330,7217634.0
53331,9262754.0
53332,2055379.0
53333,9262754.0
53334,9262754.0
53335,1756069.0
53336,3351383.0
53337,4067566.0
53338,8904084.0
53339,2156098.0
53340,3410878.0
53341,2544857.0
53342,3836721.0
53343,3410878.0
53344,2021934.0
53345,3218918.0
53346,3004429.0
53347,2999068.0
53348,3008199.0
53349,7865428.0
53350,3258837.0
53351,1847826.0
53352,4263629.0
53353,2058644.0
53354,3939804.0
53355,7592272.0
53356,3426169.0
53357,2097022.0
53358,3939804.0
53359,1734634.0
53360,4136425.0
53361,1847826.0
53362,3410878.0
53363,1149870.0
53364,2993069.0
53365,3164972.0
53366,3956086.0
53367,1999097.0
53368,3410878.0
53369,1756069.0
53370,3004429.0
53371,1149870.0
53372,5595267.0
53373,5166635.0
53374,3347767.0
53375,3410878.0
53376,2058644.0
53377,1999097.0
53378,4250553.0
53379,2267425.0
53380,3410878.0
53381,2058644.0
53382,3410878.0
53383,2344689.0
53384,3956086.0
53385,4554237.0
53386,1763231.0
53387,4250553.0
53388,2525375.0
53389,2390534.0
53390,1763231.0
53391,1882131.0
53392,2344689.0
53393,4066618.0
53394,6923131.0
53395,1756069.0
53396,6313221.0
53397,5906596.0
53398,2267425.0
53399,5787594.0
53400,4052733.0
53401,7592272.0
53402,3410878.0
53403,1270499.0
53404,2999068.0
53405,4554237.0
53406,3982767.0
53407,3982767.0
53408,4467728.0
53409,3447890.0
53410,1270499.0
53411,4705945.0
53412,4705945.0
53413,1756069.0
53414,4100886.0
53415,2344689.0
53416,4467728.0
53417,2525375.0
53418,3410878.0
53419,3780019.0
53420,6694797.0
53421,8904084.0
53422,6694797.0
53423,2675511.0
53424,3778621.0
53425,8213524.0
53426,5525735.0
53427,3982767.0
53428,3600467.0
53429,3347767.0
53430,4250553.0
53431,1847826.0
53432,1619683.0
53433,2551252.0
53434,6313221.0
53435,2551252.0
53436,2058644.0
53437,1763231.0
53438,2344689.0
53439,1756069.0
53440,2018785.0
53441,2732645.0
53442,4491607.0
53443,6363241.0
53444,2344689.0
53445,3426169.0
53446,6412623.0
53447,6941173.0
53448,2551252.0
53449,3780019.0
53450,4590423.0
53451,1999097.0
53452,1882131.0
53453,3778621.0
53454,2544857.0
53455,1999097.0
53456,2390534.0
53457,3745135.0
53458,3982767.0
53459,2732645.0
53460,6313221.0
53461,3982767.0
53462,1149870.0
53463,1999097.0
53464,1904842.0
53465,2344689.0
53466,2021934.0
53467,2344689.0
53468,2021934.0
53469,8630682.0
53470,1149870.0
53471,2993069.0
53472,2058644.0
53473,2055379.0
53474,2732645.0
53475,3258837.0
53476,2390534.0
53477,6941173.0
53478,3447890.0
53479,3347767.0
53480,4952255.0
53481,1999097.0
53482,3780019.0
53483,4882985.0
53484,4952255.0
53485,2058644.0
53486,2083447.0
53487,1999097.0
53488,1270499.0
53489,5500818.0
53490,2097022.0
53491,2097022.0
53492,2344689.0
53493,1619683.0
53494,6412623.0
53495,3426169.0
53496,1734634.0
53497,2551252.0
53498,2267425.0
53499,2055379.0
53500,2021934.0
53501,5906596.0
53502,2544857.0
53503,4067566.0
53504,3351383.0
53505,4952255.0
53506,5653753.0
53507,3426169.0
53508,2344689.0
53509,2097022.0
53510,1619683.0
53511,3218918.0
53512,2097022.0
53513,4491607.0
53514,1999097.0
53515,5525735.0
53516,8213524.0
53517,2675511.0
53518,3956086.0
53519,3956086.0
53520,2993069.0
53521,2525375.0
53522,1619683.0
53523,2021934.0
53524,3745135.0
53525,3258837.0
53526,5525735.0
53527,9652350.0
53528,3248660.0
53529,2371202.0
53530,6363241.0
53531,3248660.0
53532,3426169.0
53533,3004429.0
53534,2675511.0
53535,3745135.0
53536,1756069.0
53537,2544857.0
53538,1149870.0
53539,2792031.0
53540,2525375.0
53541,1763231.0
53542,3753720.0
53543,3426169.0
53544,5017319.0
53545,3600467.0
53546,4015749.0
53547,2954086.0
53548,1270499.0
53549,2551252.0
53550,3410878.0
53551,1756069.0
53552,6941173.0
53553,5500818.0
53554,7592272.0
53555,3745135.0
53556,1619683.0
53557,5337526.0
53558,3836721.0
53559,4136425.0
53560,3347767.0
53561,3273041.0
53562,3004429.0
53563,2371202.0
53564,2021934.0
53565,6923131.0
53566,3376145.0
53567,1149870.0
53568,4590423.0
53569,2525375.0
53570,3376145.0
53571,4067566.0
53572,2058644.0
53573,3261924.0
53574,5166635.0
53575,1882131.0
53576,3410878.0
53577,2999068.0
53578,5525735.0
53579,2525375.0
53580,3028267.0
53581,4316715.0
53582,9652350.0
53583,3780019.0
53584,6941173.0
53585,2021934.0
53586,4316715.0
53587,7592272.0
53588,3410878.0
53589,2738052.0
53590,8213524.0
53591,3347767.0
53592,1999097.0
53593,2792031.0
53594,4467728.0
53595,3426169.0
53596,2364478.0
53597,3939804.0
53598,6412623.0
53599,4286645.0
53600,3273041.0
53601,2371202.0
53602,5595267.0
53603,4952255.0
53604,3745135.0
53605,1149870.0
53606,1756069.0
53607,3410878.0
53608,1149870.0
53609,2344689.0
53610,2544857.0
53611,2544857.0
53612,5435276.0
53613,3351383.0
53614,2732645.0
53615,3810007.0
53616,2267425.0
53617,2344689.0
53618,3028267.0
53619,5017319.0
53620,7201784.0
53621,2544857.0
53622,1756069.0
53623,2021934.0
53624,4250758.0
53625,5017319.0
53626,2025297.0
53627,6941173.0
53628,5500818.0
53629,2021934.0
53630,3982767.0
53631,8213524.0
53632,3410878.0
53633,3164972.0
53634,4491607.0
53635,1270499.0
53636,3982767.0
53637,3410878.0
53638,3410878.0
53639,3248660.0
53640,1149870.0
53641,4590423.0
53642,2675511.0
53643,1999097.0
53644,2525375.0
53645,1149870.0
53646,1734634.0
53647,6923131.0
53648,3982767.0
53649,5787594.0
53650,4264176.0
53651,2058644.0
53652,7495092.0
53653,2021934.0
53654,2344689.0
53655,1882131.0
53656,1270499.0
53657,2525375.0
53658,3745135.0
53659,1882131.0
53660,8630682.0
53661,3982767.0
53662,2058644.0
53663,2058644.0
53664,4219263.0
53665,3780019.0
53666,4554237.0
53667,6923131.0
53668,2021934.0
53669,3199619.0
53670,7865428.0
53671,2371202.0
53672,3004429.0
53673,2097022.0
53674,4052733.0
53675,3347767.0
53676,6313221.0
53677,2993069.0
53678,2551252.0
53679,3351383.0
53680,4286645.0
53681,16549064.0
53682,2544857.0
53683,2525375.0
53684,7865428.0
53685,1756069.0
53686,2097022.0
53687,5166635.0
53688,8630682.0
53689,2993069.0
53690,3004429.0
53691,7592272.0
53692,1149870.0
53693,3347767.0
53694,3347767.0
53695,2344689.0
53696,2055379.0
53697,1999097.0
53698,3410878.0
53699,3600467.0
53700,9652350.0
53701,2344689.0
53702,5906596.0
53703,2544857.0
53704,2344689.0
53705,6313221.0
53706,3351383.0
53707,1882131.0
53708,2018785.0
53709,4807746.0
53710,7495092.0
53711,3410878.0
53712,3426169.0
53713,2525375.0
53714,3347767.0
53715,2344689.0
53716,13575224.0
53717,8904084.0
53718,5166635.0
53719,4888774.0
53720,4250553.0
53721,4052733.0
53722,4155435.0
53723,5017319.0
53724,4590423.0
53725,3410878.0
53726,1763231.0
53727,3956086.0
53728,9652350.0
53729,6782425.0
53730,3426169.0
53731,1999097.0
53732,2018785.0
53733,5787594.0
53734,2018785.0
53735,3351383.0
53736,3745135.0
53737,3347767.0
53738,6782425.0
53739,1734634.0
53740,2058644.0
53741,5017319.0
53742,5595267.0
53743,5906596.0
53744,7592272.0
53745,6836483.0
53746,4554237.0
53747,3347767.0
53748,4807746.0
53749,3939804.0
53750,1756069.0
53751,4491607.0
53752,2344689.0
53753,2097022.0
53754,2675511.0
53755,3836721.0
53756,5595267.0
53757,2267425.0
53758,3351383.0
53759,1619683.0
53760,3956086.0
53761,8213524.0
53762,3248660.0
53763,3410878.0
53764,1756069.0
53765,2055379.0
53766,1619683.0
53767,2097022.0
53768,1847826.0
53769,4100886.0
53770,1270499.0
53771,4705945.0
53772,7201784.0
53773,4780607.0
53774,1756069.0
53775,3410878.0
53776,7495092.0
53777,3410878.0
53778,4067566.0
53779,3982767.0
53780,3347767.0
53781,7495092.0
53782,4263629.0
53783,4705945.0
53784,7495092.0
53785,2371202.0
53786,5017319.0
53787,3347767.0
53788,2551252.0
53789,6412623.0
53790,3008199.0
53791,4250553.0
53792,7217634.0
53793,3982767.0
53794,2344689.0
53795,1756069.0
53796,1756069.0
53797,1756069.0
53798,3347767.0
53799,3351383.0
53800,3028267.0
53801,8213524.0
53802,2021934.0
53803,2097022.0
53804,6313221.0
53805,3004429.0
53806,4491607.0
53807,6363241.0
53808,6694797.0
53809,1149870.0
53810,3410878.0
53811,1619683.0
53812,5435276.0
53813,4052733.0
53814,1882131.0
53815,1904842.0
53816,2058644.0
53817,4052733.0
53818,6941173.0
53819,2344689.0
53820,3004429.0
53821,4491607.0
53822,3780019.0
53823,4066618.0
53824,1270499.0
53825,3956086.0
53826,7495092.0
53827,4286645.0
53828,6313221.0
53829,2993069.0
53830,2018785.0
53831,5166635.0
53832,3347767.0
53833,2732645.0
53834,2344689.0
53835,2999068.0
53836,3004429.0
53837,4286645.0
53838,5595267.0
53839,3600467.0
53840,2371202.0
53841,3784230.0
53842,4100886.0
53843,3261924.0
53844,2018785.0
53845,2344689.0
53846,7495092.0
53847,1847826.0
53848,8213524.0
53849,4350573.0
53850,1999097.0
53851,4467728.0
53852,2954086.0
53853,3939804.0
53854,2021934.0
53855,3982767.0
53856,3028267.0
53857,2083447.0
53858,2018785.0
53859,3004429.0
53860,2055379.0
53861,1756069.0
53862,3727364.0
53863,2390534.0
53864,3452382.0
53865,2993069.0
53866,1270499.0
53867,3939804.0
53868,3445076.0
53869,1882131.0
53870,3248660.0
53871,4250553.0
53872,3347767.0
53873,1882131.0
53874,4952255.0
53875,2371202.0
53876,4952255.0
53877,4316715.0
53878,7495092.0
53879,3780019.0
53880,4067566.0
53881,4052733.0
53882,2058644.0
53883,2792031.0
53884,6941173.0
53885,3600467.0
53886,7592272.0
53887,4350573.0
53888,4952255.0
53889,2954086.0
53890,5525735.0
53891,3745135.0
53892,6313221.0
53893,5461700.0
53894,1882131.0
53895,2371202.0
53896,2344689.0
53897,2732645.0
53898,1619683.0
53899,6363241.0
53900,3347767.0
53901,3600467.0
53902,6941173.0
53903,2993069.0
53904,4015749.0
53905,1149870.0
53906,6694797.0
53907,3871344.0
53908,1882131.0
53909,2344689.0
53910,4264176.0
53911,3778621.0
53912,5525735.0
53913,2058644.0
53914,2371202.0
53915,4250758.0
53916,3004429.0
53917,3410878.0
53918,4882985.0
53919,6313221.0
53920,1882131.0
53921,2371202.0
53922,1756069.0
53923,2390534.0
53924,8894598.0
53925,3836721.0
53926,6363241.0
53927,4250553.0
53928,4316715.0
53929,2021934.0
53930,1882131.0
53931,1270499.0
53932,1619683.0
53933,1149870.0
53934,9262754.0
53935,1847826.0
53936,2055379.0
53937,2390534.0
53938,3199619.0
53939,4491607.0
53940,1999097.0
53941,6923131.0
53942,5500818.0
53943,1999097.0
53944,2738052.0
53945,4052733.0
53946,2390534.0
53947,2344689.0
53948,4250553.0
53949,3351383.0
53950,2371202.0
53951,3347767.0
53952,2732645.0
53953,4888774.0
53954,4590423.0
53955,1847826.0
53956,4705945.0
53957,3004429.0
53958,5525735.0
53959,5166635.0
53960,2732645.0
53961,3347767.0
53962,1763231.0
53963,3807496.0
53964,3347767.0
53965,1999097.0
53966,3903884.0
53967,5787594.0
53968,2344689.0
53969,3410878.0
53970,1999097.0
53971,4067566.0
53972,2097022.0
53973,2083447.0
53974,3273041.0
53975,1882131.0
53976,4066618.0
53977,2544857.0
53978,3410878.0
53979,6313221.0
53980,4554237.0
53981,5017319.0
53982,4952255.0
53983,5595267.0
53984,3939804.0
53985,4250553.0
53986,3199619.0
53987,2544857.0
53988,4052733.0
53989,4052733.0
53990,2344689.0
53991,3810007.0
53992,3727364.0
53993,6313221.0
53994,3600467.0
53995,2954086.0
53996,3807496.0
53997,4066618.0
53998,4350573.0
53999,2544857.0
54000,3351383.0
54001,4067566.0
54002,1882131.0
54003,3600467.0
54004,3376145.0
54005,3004429.0
54006,4015749.0
54007,4705945.0
54008,6941173.0
54009,2344689.0
54010,6412623.0
54011,2021934.0
54012,7201784.0
54013,2551252.0
54014,1999097.0
54015,2390534.0
54016,3600467.0
54017,4491607.0
54018,3982767.0
54019,4491607.0
54020,5337526.0
54021,4780607.0
54022,4052733.0
54023,4316715.0
54024,4264176.0
54025,2525375.0
54026,2055379.0
54027,2097022.0
54028,1847826.0
54029,3410878.0
54030,1756069.0
54031,4100886.0
54032,2390534.0
54033,4250553.0
54034,3778621.0
54035,4067566.0
54036,8213524.0
54037,4952255.0
54038,2058644.0
54039,4052733.0
54040,1619683.0
54041,6313221.0
54042,3218918.0
54043,6363241.0
54044,3810007.0
54045,7217634.0
54046,5595267.0
54047,5595267.0
54048,4780607.0
54049,1999097.0
54050,4807746.0
54051,3426169.0
54052,9262754.0
54053,3410878.0
54054,7592272.0
54055,2738052.0
54056,4882985.0
54057,3745135.0
54058,2544857.0
54059,4888774.0
54060,1763231.0
54061,4250758.0
54062,6836483.0
54063,3004429.0
54064,3447890.0
54065,2156098.0
54066,6923131.0
54067,6694797.0
54068,2738052.0
54069,2021934.0
54070,4350573.0
54071,1756069.0
54072,6923131.0
54073,3982767.0
54074,3410878.0
54075,5595267.0
54076,1149870.0
54077,3727364.0
54078,3258837.0
54079,4952255.0
54080,2058644.0
54081,2383840.0
54082,5595267.0
54083,2383840.0
54084,3028267.0
54085,4952255.0
54086,5906596.0
54087,3218918.0
54088,2018785.0
54089,1619683.0
54090,7865428.0
54091,4286645.0
54092,2021934.0
54093,2344689.0
54094,7201784.0
54095,2097022.0
54096,4286645.0
54097,3745135.0
54098,1756069.0
54099,3258837.0
54100,5017319.0
54101,2344689.0
54102,2364478.0
54103,4100886.0
54104,3939804.0
54105,1756069.0
54106,7495092.0
54107,2021934.0
54108,5525735.0
54109,3600467.0
54110,6412623.0
54111,3028267.0
54112,4015749.0
54113,7495092.0
54114,3745135.0
54115,3008199.0
54116,2792031.0
54117,3351383.0
54118,1847826.0
54119,3347767.0
54120,6412623.0
54121,3600467.0
54122,2267425.0
54123,3347767.0
54124,2018785.0
54125,7592272.0
54126,2999068.0
54127,4491607.0
54128,6363241.0
54129,3956086.0
54130,5653753.0
54131,3836721.0
54132,1149870.0
54133,3982767.0
54134,2018785.0
54135,2021934.0
54136,2267425.0
54137,7592272.0
54138,1999097.0
54139,2390534.0
54140,3261924.0
54141,4467728.0
54142,2055379.0
54143,4250553.0
54144,4263629.0
54145,2390534.0
54146,2018785.0
54147,2021934.0
54148,1756069.0
54149,2058644.0
54150,3778621.0
54151,5595267.0
54152,4250553.0
54153,3600467.0
54154,4250553.0
54155,2058644.0
54156,4052733.0
54157,4066618.0
54158,4015749.0
54159,4015749.0
54160,2344689.0
54161,3028267.0
54162,2383840.0
54163,2021934.0
54164,3780019.0
54165,6941173.0
54166,4316715.0
54167,1999097.0
54168,4491607.0
54169,3600467.0
54170,2993069.0
54171,3426169.0
54172,4136425.0
54173,2021934.0
54174,3410878.0
54175,1756069.0
54176,4952255.0
54177,1882131.0
54178,4052733.0
54179,7217634.0
54180,3600467.0
54181,3939804.0
54182,2675511.0
54183,9652350.0
54184,1847826.0
54185,2021934.0
54186,2058644.0
54187,3745135.0
54188,3982767.0
54189,2018785.0
54190,4952255.0
54191,3818055.0
54192,7201784.0
54193,3939804.0
54194,2058644.0
54195,3273041.0
54196,4491607.0
54197,4066618.0
54198,3410878.0
54199,4100886.0
54200,7865428.0
54201,2544857.0
54202,6941173.0
54203,3784230.0
54204,3004429.0
54205,1999097.0
54206,2021934.0
54207,1847826.0
54208,2954086.0
54209,2390534.0
54210,4015749.0
54211,6782425.0
54212,1756069.0
54213,3445076.0
54214,5595267.0
54215,3376145.0
54216,3164972.0
54217,1756069.0
54218,2675511.0
54219,2021934.0
54220,3426169.0
54221,3836721.0
54222,7201784.0
54223,2344689.0
54224,5906596.0
54225,2390534.0
54226,6412623.0
54227,8904084.0
54228,3218918.0
54229,3028267.0
54230,2021934.0
54231,2021934.0
54232,5435276.0
54233,3780019.0
54234,3004429.0
54235,3600467.0
54236,4491607.0
54237,3028267.0
54238,3836721.0
54239,2058644.0
54240,1882131.0
54241,2156098.0
54242,2792031.0
54243,9262754.0
54244,2058644.0
54245,3347767.0
54246,3347767.0
54247,7865428.0
54248,4100886.0
54249,6941173.0
54250,6923131.0
54251,2390534.0
54252,2097022.0
54253,9262754.0
54254,1149870.0
54255,2364478.0
54256,2993069.0
54257,2390534.0
54258,4015749.0
54259,3447890.0
54260,2021934.0
54261,2344689.0
54262,3347767.0
54263,6694797.0
54264,1270499.0
54265,3982767.0
54266,1619683.0
54267,1734634.0
54268,1999097.0
54269,4015749.0
54270,4250553.0
54271,4316715.0
54272,4263629.0
54273,2544857.0
54274,4250553.0
54275,1999097.0
54276,7495092.0
54277,5595267.0
54278,1999097.0
54279,2267425.0
54280,3727364.0
54281,3447890.0
54282,7201784.0
54283,2018785.0
54284,3347767.0
54285,2058644.0
54286,3426169.0
54287,1904842.0
54288,2525375.0
54289,5525735.0
54290,2156098.0
54291,3351383.0
54292,2544857.0
54293,4952255.0
54294,1619683.0
54295,4250553.0
54296,3956086.0
54297,1734634.0
54298,7201784.0
54299,4467728.0
54300,1619683.0
54301,6836483.0
54302,2364478.0
54303,1847826.0
54304,1734634.0
54305,2097022.0
54306,3956086.0
54307,5595267.0
54308,9262754.0
54309,4491607.0
54310,2055379.0
54311,2993069.0
54312,8213524.0
54313,7865428.0
54314,3727364.0
54315,2675511.0
54316,3004429.0
54317,3956086.0
54318,2993069.0
54319,4952255.0
54320,3447890.0
54321,3745135.0
54322,8213524.0
54323,2675511.0
54324,6782425.0
54325,2021934.0
54326,2058644.0
54327,2390534.0
54328,4952497.0
54329,8904084.0
54330,4100886.0
54331,1756069.0
54332,3410878.0
54333,5166635.0
54334,3982767.0
54335,3218918.0
54336,5525735.0
54337,2018785.0
54338,3600467.0
54339,4705945.0
54340,2344689.0
54341,2390534.0
54342,5595267.0
54343,2344689.0
54344,5435276.0
54345,3778621.0
54346,3248660.0
54347,9262754.0
54348,7592272.0
54349,1734634.0
54350,3982767.0
54351,3351383.0
54352,3410878.0
54353,2364478.0
54354,3004429.0
54355,2525375.0
54356,2058644.0
54357,4250758.0
54358,2097022.0
54359,5525735.0
54360,2551252.0
54361,4316715.0
54362,2018785.0
54363,2156098.0
54364,2364478.0
54365,2954086.0
54366,2344689.0
54367,1999097.0
54368,2732645.0
54369,3939804.0
54370,2675511.0
54371,3600467.0
54372,4263629.0
54373,4491607.0
54374,2055379.0
54375,2097022.0
54376,2390534.0
54377,5161370.0
54378,4467728.0
54379,4888774.0
54380,3004429.0
54381,1756069.0
54382,3410878.0
54383,3347767.0
54384,3410878.0
54385,5166635.0
54386,4491607.0
54387,3752885.0
54388,6363241.0
54389,4052733.0
54390,3903884.0
54391,5525735.0
54392,3447890.0
54393,2738052.0
54394,1999097.0
54395,3939804.0
54396,5906596.0
54397,5787594.0
54398,1270499.0
54399,3600467.0
54400,1734634.0
54401,8213524.0
54402,4952255.0
54403,2058644.0
54404,2021934.0
54405,6694797.0
54406,3982767.0
54407,3347767.0
54408,1270499.0
54409,3903884.0
54410,7495092.0
54411,3778621.0
54412,3752885.0
54413,3939804.0
54414,1756069.0
54415,3218918.0
54416,2025297.0
54417,1756069.0
54418,1270499.0
54419,4554237.0
54420,5525735.0
54421,3273041.0
54422,1270499.0
54423,1882131.0
54424,4952255.0
54425,4952255.0
54426,6941173.0
54427,4067566.0
54428,4350573.0
54429,9262754.0
54430,3351383.0
54431,3199619.0
54432,4316715.0
54433,3410878.0
54434,3745135.0
54435,2371202.0
54436,3982767.0
54437,1847826.0
54438,7495092.0
54439,1619683.0
54440,5906596.0
54441,3727364.0
54442,4219263.0
54443,2993069.0
54444,3903884.0
54445,3004429.0
54446,2544857.0
54447,9262754.0
54448,1756069.0
54449,3727364.0
54450,2344689.0
54451,2390534.0
54452,2021934.0
54453,2021934.0
54454,5500818.0
54455,2018785.0
54456,5787594.0
54457,1756069.0
54458,2156098.0
54459,3982767.0
54460,2792031.0
54461,4052733.0
54462,1882131.0
54463,3982767.0
54464,3780019.0
54465,2018785.0
54466,1847826.0
54467,3600467.0
54468,3818055.0
54469,4807746.0
54470,5906596.0
54471,5017319.0
54472,7865428.0
54473,1847826.0
54474,1999097.0
54475,1763231.0
54476,8213524.0
54477,4250553.0
54478,1734634.0
54479,1734634.0
54480,1904842.0
54481,1999097.0
54482,2021934.0
54483,4316715.0
54484,4467728.0
54485,1756069.0
54486,3351383.0
54487,2364478.0
54488,4250553.0
54489,1763231.0
54490,3982767.0
54491,4467728.0
54492,1619683.0
54493,2021934.0
54494,1270499.0
54495,6836483.0
54496,2525375.0
54497,3727364.0
54498,3004429.0
54499,2018785.0
54500,3810007.0
54501,4888774.0
54502,1756069.0
54503,2525375.0
54504,1756069.0
54505,4052733.0
54506,4491607.0
54507,8894598.0
54508,3351383.0
54509,2792031.0
54510,3939804.0
54511,1734634.0
54512,4264176.0
54513,3807496.0
54514,2021934.0
54515,7592272.0
54516,5017319.0
54517,7865428.0
54518,3199619.0
54519,4250758.0
54520,7865428.0
54521,3600467.0
54522,4429512.0
54523,1270499.0
54524,2371202.0
54525,4888774.0
54526,4316715.0
54527,3410878.0
54528,5906596.0
54529,1882131.0
54530,6923131.0
54531,3258837.0
54532,7217634.0
54533,4316715.0
54534,1999097.0
54535,3982767.0
54536,6313221.0
54537,3199619.0
54538,2058644.0
54539,2267425.0
54540,2018785.0
54541,2083447.0
54542,5595267.0
54543,3753720.0
54544,5017319.0
54545,3745135.0
54546,2021934.0
54547,3410878.0
54548,5444227.0
54549,3273041.0
54550,3780019.0
54551,7592272.0
54552,2058644.0
54553,8213524.0
54554,2675511.0
54555,3347767.0
54556,3956086.0
54557,2021934.0
54558,2675511.0
54559,5461700.0
54560,2156098.0
54561,6313221.0
54562,1149870.0
54563,3028267.0
54564,2156098.0
54565,3028267.0
54566,2344689.0
54567,3351383.0
54568,4705945.0
54569,1882131.0
54570,4888774.0
54571,4066618.0
54572,3426169.0
54573,4250758.0
54574,1763231.0
54575,7201784.0
54576,9652350.0
54577,4780607.0
54578,4250553.0
54579,3956086.0
54580,2738052.0
54581,3004429.0
54582,2738052.0
54583,3982767.0
54584,4882985.0
54585,4705945.0
54586,5653753.0
54587,6923131.0
54588,6941173.0
54589,4888774.0
54590,5595267.0
54591,2675511.0
54592,7592272.0
54593,1270499.0
54594,7592272.0
54595,1756069.0
54596,4807746.0
54597,3004429.0
54598,3982767.0
54599,6694797.0
54600,4286645.0
54601,1270499.0
54602,1149870.0
54603,2732645.0
54604,2344689.0
54605,1270499.0
54606,2544857.0
54607,3261924.0
54608,2156098.0
54609,2344689.0
54610,1999097.0
54611,2525375.0
54612,5787594.0
54613,5435276.0
54614,1882131.0
54615,4888774.0
54616,4554237.0
54617,2018785.0
54618,3807496.0
54619,4467728.0
54620,3028267.0
54621,5444227.0
54622,1999097.0
54623,6923131.0
54624,3028267.0
54625,3778621.0
54626,4952255.0
54627,7592272.0
54628,2993069.0
54629,9262754.0
54630,4155435.0
54631,5166635.0
54632,1149870.0
54633,1999097.0
54634,2371202.0
54635,4705945.0
54636,3410878.0
54637,7592272.0
54638,6412623.0
54639,7865428.0
54640,4888774.0
54641,1270499.0
54642,2544857.0
54643,16549064.0
54644,4052733.0
54645,8213524.0
54646,3982767.0
54647,1619683.0
54648,1882131.0
54649,7217634.0
54650,3261924.0
54651,4467728.0
54652,4250553.0
54653,1149870.0
54654,6836483.0
54655,4491607.0
54656,6836483.0
54657,3347767.0
54658,6363241.0
54659,1999097.0
54660,2018785.0
54661,8213524.0
54662,4066618.0
54663,7592272.0
54664,2738052.0
54665,1270499.0
54666,1756069.0
54667,3600467.0
54668,7217634.0
54669,2025297.0
54670,3347767.0
54671,1999097.0
54672,4219263.0
54673,5166635.0
54674,4264176.0
54675,6694797.0
54676,1763231.0
54677,4882985.0
54678,7201784.0
54679,1756069.0
54680,1999097.0
54681,2551252.0
54682,2344689.0
54683,3347767.0
54684,1270499.0
54685,4952255.0
54686,5595267.0
54687,1882131.0
54688,3004429.0
54689,1619683.0
54690,2344689.0
54691,2021934.0
54692,6923131.0
54693,3004429.0
54694,3199619.0
54695,2058644.0
54696,2021934.0
54697,3028267.0
54698,3600467.0
54699,2738052.0
54700,2021934.0
54701,3273041.0
54702,3836721.0
54703,1619683.0
54704,6923131.0
54705,7865428.0
54706,5461700.0
54707,4491607.0
54708,2344689.0
54709,2544857.0
54710,5525735.0
54711,2732645.0
54712,2344689.0
54713,7592272.0
54714,1270499.0
54715,2021934.0
54716,3600467.0
54717,2383840.0
54718,2525375.0
54719,4316715.0
54720,1149870.0
54721,3347767.0
54722,3004429.0
54723,2544857.0
54724,1999097.0
54725,1882131.0
54726,3347767.0
54727,3447890.0
54728,4467728.0
54729,3410878.0
54730,2058644.0
54731,1756069.0
54732,3745135.0
54733,1763231.0
54734,6694797.0
54735,4015749.0
54736,7495092.0
54737,2058644.0
54738,2267425.0
54739,3028267.0
54740,4250553.0
54741,8213524.0
54742,4491607.0
54743,3600467.0
54744,3780019.0
54745,4015749.0
54746,2792031.0
54747,3351383.0
54748,6363241.0
54749,1882131.0
54750,4952255.0
54751,3956086.0
54752,8213524.0
54753,4316715.0
54754,4780607.0
54755,1999097.0
54756,7592272.0
54757,2267425.0
54758,2738052.0
54759,1270499.0
54760,2371202.0
54761,2551252.0
54762,2267425.0
54763,3199619.0
54764,3347767.0
54765,3600467.0
54766,3004429.0
54767,5286212.0
54768,5595267.0
54769,4554237.0
54770,8904084.0
54771,2156098.0
54772,5787594.0
54773,2544857.0
54774,3028267.0
54775,4316715.0
54776,4250758.0
54777,1619683.0
54778,2025297.0
54779,3600467.0
54780,2021934.0
54781,2738052.0
54782,1999097.0
54783,3004429.0
54784,1847826.0
54785,3426169.0
54786,2525375.0
54787,2055379.0
54788,3778621.0
54789,3410878.0
54790,3004429.0
54791,2055379.0
54792,2021934.0
54793,1756069.0
54794,4807746.0
54795,2993069.0
54796,2675511.0
54797,6313221.0
54798,3780019.0
54799,3600467.0
54800,6782425.0
54801,4807746.0
54802,2156098.0
54803,3447890.0
54804,3004429.0
54805,4554237.0
54806,1270499.0
54807,1270499.0
54808,5500818.0
54809,3780019.0
54810,7201784.0
54811,2371202.0
54812,2993069.0
54813,5595267.0
54814,1882131.0
54815,3982767.0
54816,1619683.0
54817,3376145.0
54818,3447890.0
54819,3982767.0
54820,3410878.0
54821,1270499.0
54822,4491607.0
54823,2058644.0
54824,1734634.0
54825,1756069.0
54826,16549064.0
54827,2993069.0
54828,2525375.0
54829,1619683.0
54830,3218918.0
54831,3600467.0
54832,1270499.0
54833,1999097.0
54834,1270499.0
54835,1619683.0
54836,5166635.0
54837,2097022.0
54838,3410878.0
54839,2021934.0
54840,3028267.0
54841,1149870.0
54842,2344689.0
54843,3727364.0
54844,3745135.0
54845,1756069.0
54846,4250758.0
54847,2544857.0
54848,6694797.0
54849,1999097.0
54850,3778621.0
54851,3273041.0
54852,6363241.0
54853,4350573.0
54854,5595267.0
54855,2021934.0
54856,3004429.0
54857,3745135.0
54858,4067566.0
54859,3426169.0
54860,2021934.0
54861,1756069.0
54862,3727364.0
54863,3199619.0
54864,7201784.0
54865,4219263.0
54866,1847826.0
54867,9262754.0
54868,4780607.0
54869,4067566.0
54870,1619683.0
54871,3939804.0
54872,3410878.0
54873,3780019.0
54874,2371202.0
54875,5966193.0
54876,3745135.0
54877,2525375.0
54878,1999097.0
54879,4554237.0
54880,4015749.0
54881,3426169.0
54882,5017319.0
54883,9652350.0
54884,4554237.0
54885,6836483.0
54886,3600467.0
54887,3745135.0
54888,2371202.0
54889,3426169.0
54890,3982767.0
54891,2792031.0
54892,2156098.0
54893,5337526.0
54894,4250553.0
54895,4952255.0
54896,4952255.0
54897,2525375.0
54898,2344689.0
54899,2954086.0
54900,6313221.0
54901,3258837.0
54902,6313221.0
54903,2058644.0
54904,3347767.0
54905,1847826.0
54906,4067566.0
54907,3028267.0
54908,5906596.0
54909,3903884.0
54910,1270499.0
54911,4888774.0
54912,1270499.0
54913,1734634.0
54914,3745135.0
54915,3410878.0
54916,3199619.0
54917,1999097.0
54918,4067566.0
54919,1149870.0
54920,3347767.0
54921,7495092.0
54922,5595267.0
54923,3248660.0
54924,2993069.0
54925,3410878.0
54926,4952255.0
54927,3745135.0
54928,4263629.0
54929,4015749.0
54930,6694797.0
54931,1149870.0
54932,4705945.0
54933,4554237.0
54934,1734634.0
54935,1149870.0
54936,4316715.0
54937,1882131.0
54938,1734634.0
54939,4491607.0
54940,1999097.0
54941,3347767.0
54942,1904842.0
54943,3445076.0
54944,2021934.0
54945,1756069.0
54946,1619683.0
54947,2055379.0
54948,4100886.0
54949,6694797.0
54950,3939804.0
54951,3982767.0
54952,3426169.0
54953,4052733.0
54954,2740687.0
54955,2675511.0
54956,4250553.0
54957,8894598.0
54958,3258837.0
54959,1149870.0
54960,3258837.0
54961,3351383.0
54962,2055379.0
54963,1756069.0
54964,3939804.0
54965,2058644.0
54966,4066618.0
54967,3028267.0
54968,4052733.0
54969,3004429.0
54970,3410878.0
54971,1882131.0
54972,2021934.0
54973,7495092.0
54974,6836483.0
54975,2097022.0
54976,4219263.0
54977,2058644.0
54978,1270499.0
54979,3347767.0
54980,8213524.0
54981,3939804.0
54982,6941173.0
54983,4067566.0
54984,2344689.0
54985,6923131.0
54986,3347767.0
54987,2732645.0
54988,3982767.0
54989,2551252.0
54990,7495092.0
54991,4015749.0
54992,1904842.0
54993,3351383.0
54994,1734634.0
54995,3939804.0
54996,4952255.0
54997,4052733.0
54998,3600467.0
54999,1999097.0
55000,2383840.0
55001,9262754.0
55002,4264176.0
55003,8213524.0
55004,3248660.0
55005,1756069.0
55006,2390534.0
55007,3778621.0
55008,3426169.0
55009,8904084.0
55010,2675511.0
55011,2267425.0
55012,3199619.0
55013,3600467.0
55014,5166635.0
55015,3410878.0
55016,1149870.0
55017,3445076.0
55018,8213524.0
55019,2390534.0
55020,1999097.0
55021,2097022.0
55022,4554237.0
55023,5286212.0
55024,2018785.0
55025,2525375.0
55026,2371202.0
55027,3347767.0
55028,2018785.0
55029,3351383.0
55030,2097022.0
55031,2097022.0
55032,7217634.0
55033,3258837.0
55034,4705945.0
55035,4491607.0
55036,2267425.0
55037,1999097.0
55038,8213524.0
55039,1619683.0
55040,3780019.0
55041,3426169.0
55042,1999097.0
55043,3347767.0
55044,3445076.0
55045,1149870.0
55046,6694797.0
55047,4491607.0
55048,1619683.0
55049,3447890.0
55050,4888774.0
55051,2551252.0
55052,2097022.0
55053,7592272.0
55054,4100886.0
55055,1270499.0
55056,9652350.0
55057,4952255.0
55058,4952255.0
55059,4554237.0
55060,3600467.0
55061,5337526.0
55062,6363241.0
55063,7201784.0
55064,3004429.0
55065,3982767.0
55066,3426169.0
55067,1149870.0
55068,2675511.0
55069,3351383.0
55070,3982767.0
55071,7217634.0
55072,4015749.0
55073,3004429.0
55074,5525735.0
55075,1904842.0
55076,1149870.0
55077,7592272.0
55078,8213524.0
55079,4491607.0
55080,6782425.0
55081,1904842.0
55082,3982767.0
55083,5595267.0
55084,2021934.0
55085,3600467.0
55086,3376145.0
55087,3780019.0
55088,2371202.0
55089,1270499.0
55090,3410878.0
55091,3273041.0
55092,1149870.0
55093,2021934.0
55094,3982767.0
55095,2097022.0
55096,4888774.0
55097,2058644.0
55098,7217634.0
55099,2344689.0
55100,3248660.0
55101,2058644.0
55102,3351383.0
55103,3447890.0
55104,5500818.0
55105,4952255.0
55106,4467728.0
55107,3351383.0
55108,5595267.0
55109,4554237.0
55110,2058644.0
55111,4807746.0
55112,2675511.0
55113,3028267.0
55114,2097022.0
55115,9262754.0
55116,2097022.0
55117,4952255.0
55118,2732645.0
55119,6412623.0
55120,2058644.0
55121,2021934.0
55122,4052733.0
55123,4491607.0
55124,2018785.0
55125,5461700.0
55126,2021934.0
55127,5653753.0
55128,2732645.0
55129,3447890.0
55130,3982767.0
55131,2525375.0
55132,1763231.0
55133,3745135.0
55134,1756069.0
55135,3426169.0
55136,8213524.0
55137,2732645.0
55138,4952255.0
55139,7592272.0
55140,2097022.0
55141,2058644.0
55142,7495092.0
55143,4491607.0
55144,4052733.0
55145,4952255.0
55146,6363241.0
55147,2021934.0
55148,7495092.0
55149,2999068.0
55150,3347767.0
55151,2390534.0
55152,5595267.0
55153,2097022.0
55154,3347767.0
55155,3600467.0
55156,4219263.0
55157,4429512.0
55158,2525375.0
55159,2021934.0
55160,3410878.0
55161,2364478.0
55162,3807496.0
55163,2525375.0
55164,2390534.0
55165,6941173.0
55166,7865428.0
55167,3347767.0
55168,4491607.0
55169,2097022.0
55170,5525735.0
55171,3347767.0
55172,2954086.0
55173,5595267.0
55174,2058644.0
55175,3447890.0
55176,3982767.0
55177,4015749.0
55178,2954086.0
55179,4807746.0
55180,1149870.0
55181,3745135.0
55182,3727364.0
55183,2390534.0
55184,3028267.0
55185,2025297.0
55186,7495092.0
55187,3982767.0
55188,4705945.0
55189,6313221.0
55190,3956086.0
55191,4316715.0
55192,3426169.0
55193,2267425.0
55194,1756069.0
55195,1882131.0
55196,3004429.0
55197,4467728.0
55198,3004429.0
55199,2055379.0
55200,1149870.0
55201,1270499.0
55202,3410878.0
55203,3258837.0
55204,2021934.0
55205,9652350.0
55206,1756069.0
55207,4467728.0
55208,3445076.0
55209,6941173.0
55210,2058644.0
55211,7217634.0
55212,2732645.0
55213,5435276.0
55214,2551252.0
55215,4952255.0
55216,1149870.0
55217,1847826.0
55218,6313221.0
55219,2344689.0
55220,2732645.0
55221,3426169.0
55222,4250553.0
55223,1756069.0
55224,2021934.0
55225,3351383.0
55226,4491607.0
55227,3982767.0
55228,5787594.0
55229,4264176.0
55230,3273041.0
55231,1999097.0
55232,5595267.0
55233,1999097.0
55234,3410878.0
55235,3347767.0
55236,2021934.0
55237,1999097.0
55238,1619683.0
55239,4491607.0
55240,4491607.0
55241,3780019.0
55242,6412623.0
55243,5444227.0
55244,4467728.0
55245,3351383.0
55246,3903884.0
55247,4100886.0
55248,2390534.0
55249,2083447.0
55250,2993069.0
55251,5787594.0
55252,7495092.0
55253,4316715.0
55254,5435276.0
55255,4705945.0
55256,3447890.0
55257,3903884.0
55258,8630682.0
55259,3258837.0
55260,8213524.0
55261,4052733.0
55262,3004429.0
55263,4952255.0
55264,1756069.0
55265,2344689.0
55266,2018785.0
55267,1904842.0
55268,1619683.0
55269,1847826.0
55270,1999097.0
55271,4052733.0
55272,1619683.0
55273,2525375.0
55274,2156098.0
55275,7217634.0
55276,5500818.0
55277,2344689.0
55278,1149870.0
55279,3956086.0
55280,3752885.0
55281,5595267.0
55282,3939804.0
55283,3956086.0
55284,3351383.0
55285,3410878.0
55286,1619683.0
55287,3347767.0
55288,1882131.0
55289,1149870.0
55290,3727364.0
55291,3836721.0
55292,8213524.0
55293,3164972.0
55294,8213524.0
55295,6363241.0
55296,7592272.0
55297,1999097.0
55298,1999097.0
55299,6313221.0
55300,3376145.0
55301,3982767.0
55302,2018785.0
55303,1904842.0
55304,1904842.0
55305,5017319.0
55306,3447890.0
55307,1882131.0
55308,4015749.0
55309,2058644.0
55310,2344689.0
55311,3600467.0
55312,5906596.0
55313,2993069.0
55314,5525735.0
55315,9652350.0
55316,2097022.0
55317,4807746.0
55318,4705945.0
55319,1847826.0
55320,3836721.0
55321,3248660.0
55322,1904842.0
55323,3982767.0
55324,3982767.0
55325,6941173.0
55326,8213524.0
55327,1882131.0
55328,2083447.0
55329,8904084.0
55330,2390534.0
55331,6941173.0
55332,3600467.0
55333,6782425.0
55334,3004429.0
55335,5525735.0
55336,2055379.0
55337,1270499.0
55338,3347767.0
55339,3410878.0
55340,3261924.0
55341,4705945.0
55342,7217634.0
55343,1149870.0
55344,5017319.0
55345,2544857.0
55346,3982767.0
55347,6412623.0
55348,6836483.0
55349,8904084.0
55350,4067566.0
55351,1847826.0
55352,4066618.0
55353,3818055.0
55354,4015749.0
55355,3351383.0
55356,3982767.0
55357,2344689.0
55358,1999097.0
55359,2525375.0
55360,7592272.0
55361,6923131.0
55362,2267425.0
55363,2525375.0
55364,4590423.0
55365,4219263.0
55366,4780607.0
55367,6836483.0
55368,3939804.0
55369,3351383.0
55370,3347767.0
55371,3445076.0
55372,3956086.0
55373,1999097.0
55374,4250758.0
55375,2551252.0
55376,4882985.0
55377,4067566.0
55378,3982767.0
55379,7592272.0
55380,3351383.0
55381,2058644.0
55382,1756069.0
55383,1756069.0
55384,6694797.0
55385,4705945.0
55386,6412623.0
55387,3376145.0
55388,4590423.0
55389,2021934.0
55390,2383840.0
55391,4067566.0
55392,3600467.0
55393,1756069.0
55394,8213524.0
55395,3982767.0
55396,1999097.0
55397,6923131.0
55398,2267425.0
55399,3600467.0
55400,3004429.0
55401,3218918.0
55402,3447890.0
55403,2999068.0
55404,3982767.0
55405,2156098.0
55406,2058644.0
55407,3982767.0
55408,4264176.0
55409,4250758.0
55410,2544857.0
55411,2344689.0
55412,2675511.0
55413,1999097.0
55414,3939804.0
55415,2097022.0
55416,2344689.0
55417,1619683.0
55418,2371202.0
55419,3410878.0
55420,2018785.0
55421,4888774.0
55422,4015749.0
55423,1619683.0
55424,8213524.0
55425,7592272.0
55426,3347767.0
55427,2344689.0
55428,3445076.0
55429,9262754.0
55430,6941173.0
55431,4316715.0
55432,4651866.0
55433,2675511.0
55434,1756069.0
55435,2083447.0
55436,3004429.0
55437,6313221.0
55438,4491607.0
55439,3447890.0
55440,1882131.0
55441,2021934.0
55442,3347767.0
55443,6923131.0
55444,2097022.0
55445,2792031.0
55446,7865428.0
55447,5525735.0
55448,2058644.0
55449,1734634.0
55450,3780019.0
55451,2371202.0
55452,8213524.0
55453,2344689.0
55454,2390534.0
55455,3753720.0
55456,3028267.0
55457,4316715.0
55458,3600467.0
55459,4882985.0
55460,3939804.0
55461,1619683.0
55462,1904842.0
55463,8213524.0
55464,3004429.0
55465,1149870.0
55466,2267425.0
55467,7217634.0
55468,3939804.0
55469,2344689.0
55470,3780019.0
55471,4554237.0
55472,2544857.0
55473,2544857.0
55474,3426169.0
55475,1904842.0
55476,4250553.0
55477,1756069.0
55478,8213524.0
55479,2021934.0
55480,6412623.0
55481,3745135.0
55482,3778621.0
55483,1270499.0
55484,2675511.0
55485,2021934.0
55486,2097022.0
55487,4705945.0
55488,9262754.0
55489,1999097.0
55490,5017319.0
55491,4250758.0
55492,6836483.0
55493,2058644.0
55494,5525735.0
55495,4554237.0
55496,8904084.0
55497,4250553.0
55498,6412623.0
55499,3347767.0
55500,4316715.0
55501,3982767.0
55502,2025297.0
55503,2058644.0
55504,4952255.0
55505,2993069.0
55506,3727364.0
55507,3410878.0
55508,3452382.0
55509,2025297.0
55510,6782425.0
55511,5525735.0
55512,2055379.0
55513,4467728.0
55514,1999097.0
55515,3982767.0
55516,2344689.0
55517,8213524.0
55518,2058644.0
55519,1882131.0
55520,3778621.0
55521,7592272.0
55522,1999097.0
55523,6923131.0
55524,4952255.0
55525,7217634.0
55526,3426169.0
55527,3727364.0
55528,1999097.0
55529,3261924.0
55530,3351383.0
55531,5595267.0
55532,2055379.0
55533,4888774.0
55534,7592272.0
55535,2021934.0
55536,3258837.0
55537,5444227.0
55538,3753720.0
55539,6836483.0
55540,2018785.0
55541,2993069.0
55542,2993069.0
55543,4467728.0
55544,3982767.0
55545,7592272.0
55546,2018785.0
55547,2344689.0
55548,3982767.0
55549,4250553.0
55550,4316715.0
55551,2390534.0
55552,3982767.0
55553,5595267.0
55554,3836721.0
55555,2021934.0
55556,4952255.0
55557,3351383.0
55558,6363241.0
55559,7592272.0
55560,3004429.0
55561,1999097.0
55562,2344689.0
55563,5525735.0
55564,2675511.0
55565,6694797.0
55566,4491607.0
55567,2097022.0
55568,3982767.0
55569,4015749.0
55570,2740687.0
55571,2954086.0
55572,3248660.0
55573,3351383.0
55574,1270499.0
55575,2097022.0
55576,6836483.0
55577,2097022.0
55578,3261924.0
55579,3780019.0
55580,4015749.0
55581,3410878.0
55582,3752885.0
55583,2954086.0
55584,3248660.0
55585,3745135.0
55586,1619683.0
55587,1847826.0
55588,2058644.0
55589,1904842.0
55590,1756069.0
55591,7592272.0
55592,8213524.0
55593,1756069.0
55594,3410878.0
55595,1756069.0
55596,1882131.0
55597,3426169.0
55598,3410878.0
55599,8894598.0
55600,4015749.0
55601,6782425.0
55602,4780607.0
55603,3347767.0
55604,5500818.0
55605,1756069.0
55606,4015749.0
55607,4952255.0
55608,2021934.0
55609,4350573.0
55610,1882131.0
55611,3956086.0
55612,2021934.0
55613,2390534.0
55614,3784230.0
55615,3600467.0
55616,3248660.0
55617,4250758.0
55618,2371202.0
55619,2390534.0
55620,3600467.0
55621,2021934.0
55622,5017319.0
55623,3956086.0
55624,4491607.0
55625,1763231.0
55626,8213524.0
55627,3410878.0
55628,9262754.0
55629,3939804.0
55630,8213524.0
55631,1847826.0
55632,2058644.0
55633,2083447.0
55634,5017319.0
55635,7865428.0
55636,1847826.0
55637,2371202.0
55638,3982767.0
55639,4250758.0
55640,2954086.0
55641,2018785.0
55642,6412623.0
55643,7865428.0
55644,3939804.0
55645,4015749.0
55646,2021934.0
55647,3752885.0
55648,2018785.0
55649,3939804.0
55650,6412623.0
55651,3600467.0
55652,3261924.0
55653,3807496.0
55654,3600467.0
55655,2018785.0
55656,2371202.0
55657,3939804.0
55658,3004429.0
55659,1756069.0
55660,1619683.0
55661,1999097.0
55662,3600467.0
55663,6941173.0
55664,4250553.0
55665,7201784.0
55666,2732645.0
55667,4888774.0
55668,9262754.0
55669,3426169.0
55670,2732645.0
55671,3956086.0
55672,5595267.0
55673,4250553.0
55674,4888774.0
55675,4100886.0
55676,3351383.0
55677,8213524.0
55678,3426169.0
55679,4015749.0
55680,1882131.0
55681,3600467.0
55682,1847826.0
55683,7865428.0
55684,2021934.0
55685,1756069.0
55686,2021934.0
55687,7592272.0
55688,3982767.0
55689,1734634.0
55690,3780019.0
55691,2083447.0
55692,4067566.0
55693,4888774.0
55694,2055379.0
55695,4250553.0
55696,6941173.0
55697,1149870.0
55698,2371202.0
55699,2993069.0
55700,1999097.0
55701,3836721.0
55702,3836721.0
55703,7592272.0
55704,5595267.0
55705,4015749.0
55706,3778621.0
55707,2055379.0
55708,2344689.0
55709,2675511.0
55710,6412623.0
55711,9262754.0
55712,5017319.0
55713,2344689.0
55714,2055379.0
55715,1999097.0
55716,3600467.0
55717,4952255.0
55718,2344689.0
55719,3028267.0
55720,1270499.0
55721,6923131.0
55722,1619683.0
55723,6412623.0
55724,2525375.0
55725,2525375.0
55726,3376145.0
55727,6923131.0
55728,4350573.0
55729,2058644.0
55730,1270499.0
55731,3778621.0
55732,5444227.0
55733,2525375.0
55734,3258837.0
55735,4590423.0
55736,3956086.0
55737,2021934.0
55738,2058644.0
55739,4780607.0
55740,2018785.0
55741,7217634.0
55742,4590423.0
55743,1756069.0
55744,4250758.0
55745,2544857.0
55746,2021934.0
55747,4952255.0
55748,3410878.0
55749,3778621.0
55750,1999097.0
55751,3982767.0
55752,1149870.0
55753,2344689.0
55754,3351383.0
55755,4467728.0
55756,5595267.0
55757,1270499.0
55758,1999097.0
55759,3347767.0
55760,7217634.0
55761,1149870.0
55762,2018785.0
55763,2732645.0
55764,3982767.0
55765,3199619.0
55766,1756069.0
55767,3982767.0
55768,4067566.0
55769,3351383.0
55770,1619683.0
55771,3248660.0
55772,4554237.0
55773,2021934.0
55774,6694797.0
55775,2267425.0
55776,2390534.0
55777,2267425.0
55778,1756069.0
55779,2371202.0
55780,2954086.0
55781,6782425.0
55782,8213524.0
55783,2055379.0
55784,2954086.0
55785,4882985.0
55786,3753720.0
55787,2675511.0
55788,2551252.0
55789,4952497.0
55790,6923131.0
55791,7865428.0
55792,3752885.0
55793,5461700.0
55794,3426169.0
55795,8213524.0
55796,2344689.0
55797,7592272.0
55798,3452382.0
55799,5525735.0
55800,4882985.0
55801,1882131.0
55802,1847826.0
55803,3452382.0
55804,4491607.0
55805,2383840.0
55806,2999068.0
55807,1270499.0
55808,2371202.0
55809,1999097.0
55810,4350573.0
55811,4250553.0
55812,1149870.0
55813,8213524.0
55814,2544857.0
55815,4807746.0
55816,3745135.0
55817,3807496.0
55818,1847826.0
55819,4807746.0
55820,4067566.0
55821,4705945.0
55822,3956086.0
55823,2097022.0
55824,3004429.0
55825,3004429.0
55826,3347767.0
55827,4015749.0
55828,4491607.0
55829,3727364.0
55830,3956086.0
55831,6412623.0
55832,1619683.0
55833,1149870.0
55834,1882131.0
55835,4067566.0
55836,1149870.0
55837,3410878.0
55838,9262754.0
55839,1847826.0
55840,3347767.0
55841,2551252.0
55842,4780607.0
55843,2344689.0
55844,3248660.0
55845,3982767.0
55846,3745135.0
55847,2083447.0
55848,6941173.0
55849,5337526.0
55850,4491607.0
55851,4015749.0
55852,3351383.0
55853,3028267.0
55854,4286645.0
55855,8213524.0
55856,6694797.0
55857,3727364.0
55858,5435276.0
55859,7865428.0
55860,3410878.0
55861,3261924.0
55862,1882131.0
55863,3004429.0
55864,3836721.0
55865,6313221.0
55866,8894598.0
55867,3004429.0
55868,5525735.0
55869,2021934.0
55870,4155435.0
55871,3008199.0
55872,3351383.0
55873,6941173.0
55874,2083447.0
55875,3836721.0
55876,2018785.0
55877,1763231.0
55878,5435276.0
55879,1270499.0
55880,5435276.0
55881,4350573.0
55882,3273041.0
55883,2018785.0
55884,5525735.0
55885,5461700.0
55886,1847826.0
55887,3780019.0
55888,5906596.0
55889,1999097.0
55890,2544857.0
55891,2344689.0
55892,3004429.0
55893,6941173.0
55894,4100886.0
55895,2525375.0
55896,4286645.0
55897,1619683.0
55898,8213524.0
55899,3956086.0
55900,3745135.0
55901,1882131.0
55902,2156098.0
55903,4952255.0
55904,7217634.0
55905,2021934.0
55906,1999097.0
55907,4952255.0
55908,1149870.0
55909,1999097.0
55910,3939804.0
55911,2018785.0
55912,3982767.0
55913,6412623.0
55914,1763231.0
55915,7865428.0
55916,1847826.0
55917,9262754.0
55918,6363241.0
55919,2675511.0
55920,5906596.0
55921,3836721.0
55922,4316715.0
55923,2267425.0
55924,4250553.0
55925,9652350.0
55926,4067566.0
55927,5595267.0
55928,1763231.0
55929,4264176.0
55930,5435276.0
55931,1149870.0
55932,2344689.0
55933,4491607.0
55934,2738052.0
55935,3780019.0
55936,3745135.0
55937,3351383.0
55938,2025297.0
55939,2018785.0
55940,3600467.0
55941,5525735.0
55942,2390534.0
55943,1619683.0
55944,5500818.0
55945,1756069.0
55946,7592272.0
55947,3780019.0
55948,1882131.0
55949,3600467.0
55950,2097022.0
55951,3351383.0
55952,1149870.0
55953,3248660.0
55954,2544857.0
55955,2018785.0
55956,4491607.0
55957,1999097.0
55958,2025297.0
55959,6694797.0
55960,1763231.0
55961,3410878.0
55962,2792031.0
55963,7592272.0
55964,2738052.0
55965,1149870.0
55966,2544857.0
55967,3410878.0
55968,3273041.0
55969,2364478.0
55970,3347767.0
55971,3410878.0
55972,5906596.0
55973,2732645.0
55974,1763231.0
55975,6941173.0
55976,2097022.0
55977,3778621.0
55978,5787594.0
55979,1270499.0
55980,3273041.0
55981,3351383.0
55982,2544857.0
55983,3347767.0
55984,7592272.0
55985,4250758.0
55986,2364478.0
55987,8213524.0
55988,5017319.0
55989,2364478.0
55990,3727364.0
55991,3426169.0
55992,1619683.0
55993,2018785.0
55994,4705945.0
55995,6836483.0
55996,3347767.0
55997,3982767.0
55998,2344689.0
55999,2097022.0
56000,3004429.0
56001,3426169.0
56002,5525735.0
56003,4491607.0
56004,6363241.0
56005,3939804.0
56006,3410878.0
56007,2544857.0
56008,2058644.0
56009,1763231.0
56010,1999097.0
56011,3199619.0
56012,5435276.0
56013,6313221.0
56014,3982767.0
56015,4350573.0
56016,2344689.0
56017,3347767.0
56018,1763231.0
56019,7592272.0
56020,5500818.0
56021,3836721.0
56022,4807746.0
56023,3982767.0
56024,2732645.0
56025,7201784.0
56026,2021934.0
56027,3426169.0
56028,1847826.0
56029,1763231.0
56030,6412623.0
56031,2792031.0
56032,7592272.0
56033,4780607.0
56034,3351383.0
56035,5595267.0
56036,1756069.0
56037,1756069.0
56038,2738052.0
56039,2058644.0
56040,4015749.0
56041,1999097.0
56042,1270499.0
56043,5500818.0
56044,3028267.0
56045,3218918.0
56046,4467728.0
56047,2993069.0
56048,6941173.0
56049,1882131.0
56050,3199619.0
56051,3004429.0
56052,6836483.0
56053,6363241.0
56054,2097022.0
56055,8213524.0
56056,3727364.0
56057,1270499.0
56058,3248660.0
56059,2344689.0
56060,1619683.0
56061,4554237.0
56062,6313221.0
56063,1619683.0
56064,2021934.0
56065,4467728.0
56066,2390534.0
56067,2058644.0
56068,4067566.0
56069,6363241.0
56070,6782425.0
56071,4807746.0
56072,1999097.0
56073,2097022.0
56074,3347767.0
56075,2344689.0
56076,4952255.0
56077,8904084.0
56078,3982767.0
56079,2021934.0
56080,1270499.0
56081,4067566.0
56082,5435276.0
56083,4705945.0
56084,4015749.0
56085,2675511.0
56086,3727364.0
56087,2058644.0
56088,9262754.0
56089,1999097.0
56090,3347767.0
56091,1756069.0
56092,2344689.0
56093,4067566.0
56094,3004429.0
56095,3445076.0
56096,5595267.0
56097,3982767.0
56098,3727364.0
56099,4052733.0
56100,3836721.0
56101,4807746.0
56102,4219263.0
56103,3939804.0
56104,2344689.0
56105,3727364.0
56106,1882131.0
56107,3258837.0
56108,3982767.0
56109,4250553.0
56110,6836483.0
56111,2344689.0
56112,2055379.0
56113,7592272.0
56114,1619683.0
56115,2732645.0
56116,1270499.0
56117,4807746.0
56118,4651866.0
56119,4350573.0
56120,6363241.0
56121,2993069.0
56122,2021934.0
56123,3426169.0
56124,3347767.0
56125,4100886.0
56126,5595267.0
56127,4067566.0
56128,4052733.0
56129,5525735.0
56130,2058644.0
56131,1999097.0
56132,3410878.0
56133,1999097.0
56134,2792031.0
56135,1734634.0
56136,1619683.0
56137,6836483.0
56138,3982767.0
56139,3600467.0
56140,3982767.0
56141,3600467.0
56142,3836721.0
56143,2738052.0
56144,2156098.0
56145,2675511.0
56146,6941173.0
56147,2021934.0
56148,2551252.0
56149,2544857.0
56150,6836483.0
56151,2058644.0
56152,3004429.0
56153,3410878.0
56154,2740687.0
56155,4263629.0
56156,2021934.0
56157,8894598.0
56158,3376145.0
56159,1999097.0
56160,2675511.0
56161,2058644.0
56162,1904842.0
56163,5017319.0
56164,2993069.0
56165,7592272.0
56166,4250553.0
56167,8213524.0
56168,9652350.0
56169,2675511.0
56170,5461700.0
56171,4350573.0
56172,3982767.0
56173,3028267.0
56174,1270499.0
56175,4015749.0
56176,7592272.0
56177,3351383.0
56178,4264176.0
56179,2738052.0
56180,3600467.0
56181,6923131.0
56182,3445076.0
56183,1904842.0
56184,2390534.0
56185,1999097.0
56186,1882131.0
56187,2055379.0
56188,2058644.0
56189,4590423.0
56190,6694797.0
56191,1999097.0
56192,4264176.0
56193,2371202.0
56194,5500818.0
56195,1999097.0
56196,5787594.0
56197,9262754.0
56198,5444227.0
56199,2544857.0
56200,2792031.0
56201,3218918.0
56202,2344689.0
56203,1999097.0
56204,8213524.0
56205,4491607.0
56206,4052733.0
56207,1619683.0
56208,4952255.0
56209,3004429.0
56210,6782425.0
56211,2058644.0
56212,2999068.0
56213,2267425.0
56214,1756069.0
56215,4350573.0
56216,3004429.0
56217,3028267.0
56218,5337526.0
56219,2021934.0
56220,3982767.0
56221,3410878.0
56222,3982767.0
56223,3570392.0
56224,6363241.0
56225,3752885.0
56226,3248660.0
56227,3982767.0
56228,4705945.0
56229,3004429.0
56230,2675511.0
56231,3426169.0
56232,1847826.0
56233,1999097.0
56234,3778621.0
56235,3258837.0
56236,1619683.0
56237,6836483.0
56238,5017319.0
56239,2675511.0
56240,6923131.0
56241,6836483.0
56242,2344689.0
56243,2021934.0
56244,2344689.0
56245,2344689.0
56246,2018785.0
56247,3218918.0
56248,1756069.0
56249,7495092.0
56250,4219263.0
56251,3752885.0
56252,3982767.0
56253,3351383.0
56254,3956086.0
56255,2021934.0
56256,4316715.0
56257,3008199.0
56258,3258837.0
56259,3745135.0
56260,7495092.0
56261,5595267.0
56262,2267425.0
56263,1734634.0
56264,2344689.0
56265,2544857.0
56266,2021934.0
56267,3426169.0
56268,7592272.0
56269,2675511.0
56270,3903884.0
56271,5500818.0
56272,2058644.0
56273,3445076.0
56274,3807496.0
56275,2544857.0
56276,4491607.0
56277,2097022.0
56278,4067566.0
56279,3004429.0
56280,4952255.0
56281,2344689.0
56282,2390534.0
56283,2738052.0
56284,8904084.0
56285,5787594.0
56286,1734634.0
56287,2097022.0
56288,1904842.0
56289,1763231.0
56290,2999068.0
56291,2021934.0
56292,4780607.0
56293,3426169.0
56294,2058644.0
56295,1999097.0
56296,1999097.0
56297,2344689.0
56298,1149870.0
56299,1149870.0
56300,1756069.0
56301,4491607.0
56302,1904842.0
56303,2675511.0
56304,2371202.0
56305,3347767.0
56306,4067566.0
56307,3780019.0
56308,1619683.0
56309,3426169.0
56310,7592272.0
56311,1763231.0
56312,3410878.0
56313,4952255.0
56314,3447890.0
56315,3956086.0
56316,4467728.0
56317,4429512.0
56318,2018785.0
56319,1999097.0
56320,1270499.0
56321,3982767.0
56322,3410878.0
56323,1756069.0
56324,3028267.0
56325,2018785.0
56326,1734634.0
56327,3745135.0
56328,2083447.0
56329,2021934.0
56330,1619683.0
56331,3447890.0
56332,4491607.0
56333,6836483.0
56334,5461700.0
56335,4350573.0
56336,2344689.0
56337,7495092.0
56338,7592272.0
56339,2018785.0
56340,4952255.0
56341,3351383.0
56342,3347767.0
56343,6923131.0
56344,5500818.0
56345,2021934.0
56346,6836483.0
56347,3351383.0
56348,3426169.0
56349,7592272.0
56350,3248660.0
56351,4052733.0
56352,2551252.0
56353,3258837.0
56354,2018785.0
56355,2344689.0
56356,1149870.0
56357,1149870.0
56358,3351383.0
56359,1149870.0
56360,9262754.0
56361,5337526.0
56362,2021934.0
56363,6412623.0
56364,8213524.0
56365,4491607.0
56366,1756069.0
56367,2525375.0
56368,3347767.0
56369,3218918.0
56370,4952255.0
56371,4250553.0
56372,3426169.0
56373,6694797.0
56374,6363241.0
56375,3347767.0
56376,2267425.0
56377,3004429.0
56378,3982767.0
56379,2544857.0
56380,1149870.0
56381,2058644.0
56382,3376145.0
56383,3982767.0
56384,2544857.0
56385,2097022.0
56386,7592272.0
56387,7592272.0
56388,4263629.0
56389,5595267.0
56390,3753720.0
56391,4250758.0
56392,4015749.0
56393,7217634.0
56394,6941173.0
56395,3939804.0
56396,3600467.0
56397,4491607.0
56398,4100886.0
56399,3347767.0
56400,1763231.0
56401,4136425.0
56402,2097022.0
56403,2993069.0
56404,4491607.0
56405,3807496.0
56406,3600467.0
56407,3600467.0
56408,3347767.0
56409,2383840.0
56410,3956086.0
56411,2675511.0
56412,2738052.0
56413,2364478.0
56414,4952255.0
56415,3939804.0
56416,2018785.0
56417,1149870.0
56418,3939804.0
56419,3248660.0
56420,2055379.0
56421,1149870.0
56422,5525735.0
56423,4250553.0
56424,8213524.0
56425,2390534.0
56426,3982767.0
56427,4491607.0
56428,2544857.0
56429,3261924.0
56430,2267425.0
56431,1270499.0
56432,6313221.0
56433,4888774.0
56434,4705945.0
56435,2344689.0
56436,8213524.0
56437,3727364.0
56438,4067566.0
56439,8213524.0
56440,4807746.0
56441,8213524.0
56442,4286645.0
56443,3745135.0
56444,2525375.0
56445,7865428.0
56446,4590423.0
56447,2675511.0
56448,2954086.0
56449,5595267.0
56450,3351383.0
56451,2544857.0
56452,2371202.0
56453,3600467.0
56454,3004429.0
56455,2097022.0
56456,3956086.0
56457,7865428.0
56458,3004429.0
56459,1999097.0
56460,3347767.0
56461,1999097.0
56462,3982767.0
56463,2025297.0
56464,1756069.0
56465,3351383.0
56466,2390534.0
56467,5595267.0
56468,8213524.0
56469,5525735.0
56470,4467728.0
56471,3982767.0
56472,3600467.0
56473,3347767.0
56474,5595267.0
56475,2267425.0
56476,4250553.0
56477,4952255.0
56478,3982767.0
56479,4882985.0
56480,2021934.0
56481,1270499.0
56482,9652350.0
56483,4155435.0
56484,2344689.0
56485,3982767.0
56486,4100886.0
56487,6313221.0
56488,3939804.0
56489,13575224.0
56490,4052733.0
56491,3780019.0
56492,4316715.0
56493,2021934.0
56494,7217634.0
56495,3445076.0
56496,6412623.0
56497,1756069.0
56498,3780019.0
56499,4100886.0
56500,3351383.0
56501,1999097.0
56502,4052733.0
56503,3351383.0
56504,3426169.0
56505,1270499.0
56506,4316715.0
56507,2058644.0
56508,9262754.0
56509,3426169.0
56510,3939804.0
56511,2371202.0
56512,9652350.0
56513,2371202.0
56514,2954086.0
56515,7592272.0
56516,1149870.0
56517,2344689.0
56518,1999097.0
56519,6412623.0
56520,9262754.0
56521,2383840.0
56522,7201784.0
56523,3347767.0
56524,2097022.0
56525,2544857.0
56526,2954086.0
56527,3410878.0
56528,6412623.0
56529,1756069.0
56530,2267425.0
56531,2344689.0
56532,1999097.0
56533,2390534.0
56534,4219263.0
56535,3004429.0
56536,2344689.0
56537,2025297.0
56538,4263629.0
56539,2525375.0
56540,5595267.0
56541,3410878.0
56542,4155435.0
56543,2021934.0
56544,4651866.0
56545,2018785.0
56546,3903884.0
56547,2740687.0
56548,6363241.0
56549,2021934.0
56550,3410878.0
56551,1999097.0
56552,4705945.0
56553,8213524.0
56554,3780019.0
56555,4705945.0
56556,2371202.0
56557,2738052.0
56558,2097022.0
56559,3600467.0
56560,7592272.0
56561,3410878.0
56562,2097022.0
56563,3248660.0
56564,4554237.0
56565,4052733.0
56566,4052733.0
56567,3745135.0
56568,2021934.0
56569,4052733.0
56570,2097022.0
56571,3347767.0
56572,5525735.0
56573,3600467.0
56574,4155435.0
56575,8213524.0
56576,2025297.0
56577,1270499.0
56578,2058644.0
56579,3410878.0
56580,3351383.0
56581,2021934.0
56582,4286645.0
56583,4066618.0
56584,3982767.0
56585,2344689.0
56586,2344689.0
56587,1619683.0
56588,1270499.0
56589,3351383.0
56590,3347767.0
56591,2021934.0
56592,2544857.0
56593,3410878.0
56594,5595267.0
56595,4052733.0
56596,2344689.0
56597,3410878.0
56598,4067566.0
56599,2344689.0
56600,3347767.0
56601,3248660.0
56602,6313221.0
56603,3218918.0
56604,6694797.0
56605,4554237.0
56606,3248660.0
56607,8213524.0
56608,3727364.0
56609,3347767.0
56610,7592272.0
56611,3347767.0
56612,2544857.0
56613,4263629.0
56614,3351383.0
56615,3600467.0
56616,2993069.0
56617,3248660.0
56618,7592272.0
56619,2344689.0
56620,5444227.0
56621,3447890.0
56622,4316715.0
56623,4952255.0
56624,2156098.0
56625,1999097.0
56626,3008199.0
56627,3004429.0
56628,2097022.0
56629,1270499.0
56630,3903884.0
56631,1999097.0
56632,1756069.0
56633,3004429.0
56634,1756069.0
56635,3445076.0
56636,2021934.0
56637,3347767.0
56638,2025297.0
56639,3727364.0
56640,3004429.0
56641,1734634.0
56642,4263629.0
56643,1756069.0
56644,1847826.0
56645,2021934.0
56646,3982767.0
56647,2993069.0
56648,3410878.0
56649,4100886.0
56650,6694797.0
56651,4316715.0
56652,2055379.0
56653,6941173.0
56654,4780607.0
56655,2954086.0
56656,8894598.0
56657,4052733.0
56658,4067566.0
56659,1999097.0
56660,4264176.0
56661,3447890.0
56662,3982767.0
56663,6923131.0
56664,8904084.0
56665,3445076.0
56666,2390534.0
56667,1756069.0
56668,3778621.0
56669,6923131.0
56670,2344689.0
56671,3939804.0
56672,1882131.0
56673,2267425.0
56674,3347767.0
56675,1619683.0
56676,3410878.0
56677,2058644.0
56678,2954086.0
56679,3258837.0
56680,4263629.0
56681,3982767.0
56682,4705945.0
56683,4467728.0
56684,2021934.0
56685,4263629.0
56686,1882131.0
56687,1619683.0
56688,2738052.0
56689,2792031.0
56690,3258837.0
56691,5444227.0
56692,2018785.0
56693,1756069.0
56694,6836483.0
56695,3939804.0
56696,1619683.0
56697,2021934.0
56698,9262754.0
56699,5444227.0
56700,3745135.0
56701,7865428.0
56702,2055379.0
56703,2021934.0
56704,2525375.0
56705,2097022.0
56706,1999097.0
56707,1756069.0
56708,1270499.0
56709,2390534.0
56710,6363241.0
56711,4155435.0
56712,4350573.0
56713,2344689.0
56714,7592272.0
56715,3836721.0
56716,2525375.0
56717,1270499.0
56718,4250553.0
56719,2021934.0
56720,2018785.0
56721,3351383.0
56722,4015749.0
56723,2097022.0
56724,3836721.0
56725,1847826.0
56726,2344689.0
56727,9262754.0
56728,3261924.0
56729,2344689.0
56730,2058644.0
56731,7217634.0
56732,3600467.0
56733,1756069.0
56734,3351383.0
56735,6782425.0
56736,5435276.0
56737,3447890.0
56738,4100886.0
56739,4952255.0
56740,3248660.0
56741,2544857.0
56742,4155435.0
56743,1763231.0
56744,2344689.0
56745,6694797.0
56746,3780019.0
56747,3347767.0
56748,7865428.0
56749,1270499.0
56750,2018785.0
56751,2344689.0
56752,2344689.0
56753,2097022.0
56754,7201784.0
56755,3778621.0
56756,1999097.0
56757,3745135.0
56758,3447890.0
56759,3939804.0
56760,3351383.0
56761,1999097.0
56762,4250553.0
56763,4888774.0
56764,5435276.0
56765,5500818.0
56766,7592272.0
56767,3600467.0
56768,3982767.0
56769,1999097.0
56770,2344689.0
56771,3982767.0
56772,2097022.0
56773,6836483.0
56774,2156098.0
56775,2525375.0
56776,1619683.0
56777,2021934.0
56778,3600467.0
56779,3778621.0
56780,2390534.0
56781,4100886.0
56782,4590423.0
56783,3982767.0
56784,1999097.0
56785,1756069.0
56786,7495092.0
56787,6941173.0
56788,3347767.0
56789,4491607.0
56790,3778621.0
56791,2551252.0
56792,6363241.0
56793,1619683.0
56794,1270499.0
56795,1619683.0
56796,2097022.0
56797,1882131.0
56798,1763231.0
56799,4467728.0
56800,3351383.0
56801,1619683.0
56802,5595267.0
56803,3261924.0
56804,5166635.0
56805,4219263.0
56806,5595267.0
56807,1904842.0
56808,8213524.0
56809,2058644.0
56810,3807496.0
56811,2097022.0
56812,2732645.0
56813,1270499.0
56814,1619683.0
56815,4100886.0
56816,2058644.0
56817,4705945.0
56818,4952255.0
56819,1270499.0
56820,4888774.0
56821,1619683.0
56822,8213524.0
56823,7495092.0
56824,3778621.0
56825,3447890.0
56826,2792031.0
56827,3347767.0
56828,2156098.0
56829,3410878.0
56830,2058644.0
56831,1999097.0
56832,7592272.0
56833,7201784.0
56834,4807746.0
56835,6941173.0
56836,3199619.0
56837,1847826.0
56838,2018785.0
56839,5595267.0
56840,4491607.0
56841,2058644.0
56842,4590423.0
56843,1763231.0
56844,3778621.0
56845,1756069.0
56846,3347767.0
56847,1904842.0
56848,3939804.0
56849,9262754.0
56850,6694797.0
56851,5787594.0
56852,1999097.0
56853,4052733.0
56854,2058644.0
56855,1734634.0
56856,1847826.0
56857,2732645.0
56858,3939804.0
56859,2021934.0
56860,1270499.0
56861,5461700.0
56862,7592272.0
56863,7217634.0
56864,2993069.0
56865,2344689.0
56866,2732645.0
56867,5595267.0
56868,3939804.0
56869,5906596.0
56870,3248660.0
56871,7495092.0
56872,1847826.0
56873,4780607.0
56874,3956086.0
56875,2055379.0
56876,1619683.0
56877,7592272.0
56878,2021934.0
56879,3410878.0
56880,4067566.0
56881,2267425.0
56882,1270499.0
56883,4250758.0
56884,3410878.0
56885,6694797.0
56886,1847826.0
56887,3347767.0
56888,3008199.0
56889,6836483.0
56890,2954086.0
56891,7592272.0
56892,1756069.0
56893,3004429.0
56894,3410878.0
56895,4888774.0
56896,6694797.0
56897,8213524.0
56898,2364478.0
56899,5017319.0
56900,3982767.0
56901,2390534.0
56902,3982767.0
56903,3410878.0
56904,6313221.0
56905,2058644.0
56906,4263629.0
56907,1619683.0
56908,4015749.0
56909,2058644.0
56910,6836483.0
56911,4250758.0
56912,1763231.0
56913,5595267.0
56914,1999097.0
56915,1270499.0
56916,3410878.0
56917,3778621.0
56918,2267425.0
56919,1756069.0
56920,3004429.0
56921,3351383.0
56922,4467728.0
56923,2055379.0
56924,2021934.0
56925,2018785.0
56926,5435276.0
56927,5966193.0
56928,3836721.0
56929,2344689.0
56930,2344689.0
56931,4491607.0
56932,4219263.0
56933,2018785.0
56934,3745135.0
56935,3351383.0
56936,1999097.0
56937,2058644.0
56938,4554237.0
56939,2544857.0
56940,2021934.0
56941,4264176.0
56942,3347767.0
56943,3347767.0
56944,2344689.0
56945,2018785.0
56946,1756069.0
56947,2738052.0
56948,3982767.0
56949,3836721.0
56950,3261924.0
56951,5595267.0
56952,1882131.0
56953,4491607.0
56954,3347767.0
56955,4491607.0
56956,1999097.0
56957,3426169.0
56958,3939804.0
56959,2083447.0
56960,1999097.0
56961,2390534.0
56962,1756069.0
56963,3426169.0
56964,4052733.0
56965,3982767.0
56966,3351383.0
56967,4219263.0
56968,1882131.0
56969,3273041.0
56970,3836721.0
56971,3351383.0
56972,5787594.0
56973,4952255.0
56974,1904842.0
56975,1904842.0
56976,1270499.0
56977,3778621.0
56978,2383840.0
56979,4067566.0
56980,4952255.0
56981,3780019.0
56982,2544857.0
56983,3004429.0
56984,5595267.0
56985,9262754.0
56986,1149870.0
56987,6363241.0
56988,6941173.0
56989,2018785.0
56990,1882131.0
56991,2083447.0
56992,4264176.0
56993,1619683.0
56994,1882131.0
56995,5595267.0
56996,5653753.0
56997,1999097.0
56998,1882131.0
56999,4705945.0
57000,3836721.0
57001,4250553.0
57002,3347767.0
57003,3836721.0
57004,3956086.0
57005,8213524.0
57006,3376145.0
57007,3445076.0
57008,2675511.0
57009,3445076.0
57010,6923131.0
57011,3939804.0
57012,3426169.0
57013,3347767.0
57014,2344689.0
57015,3600467.0
57016,3982767.0
57017,3199619.0
57018,4429512.0
57019,4067566.0
57020,1619683.0
57021,1999097.0
57022,5595267.0
57023,2097022.0
57024,2344689.0
57025,6836483.0
57026,2525375.0
57027,2999068.0
57028,4067566.0
57029,4705945.0
57030,1756069.0
57031,4590423.0
57032,3745135.0
57033,3351383.0
57034,4067566.0
57035,2344689.0
57036,4250553.0
57037,2018785.0
57038,3004429.0
57039,2390534.0
57040,3939804.0
57041,2525375.0
57042,6941173.0
57043,4067566.0
57044,4250758.0
57045,1999097.0
57046,3347767.0
57047,1270499.0
57048,6923131.0
57049,2544857.0
57050,1734634.0
57051,3447890.0
57052,4263629.0
57053,4067566.0
57054,6694797.0
57055,1149870.0
57056,3956086.0
57057,3903884.0
57058,3445076.0
57059,3956086.0
57060,3410878.0
57061,3447890.0
57062,2018785.0
57063,3351383.0
57064,5966193.0
57065,2344689.0
57066,2344689.0
57067,2344689.0
57068,3347767.0
57069,4491607.0
57070,4590423.0
57071,7201784.0
57072,3261924.0
57073,3836721.0
57074,1999097.0
57075,7495092.0
57076,9262754.0
57077,1847826.0
57078,2018785.0
57079,6313221.0
57080,9262754.0
57081,3939804.0
57082,4250553.0
57083,1756069.0
57084,2390534.0
57085,3248660.0
57086,2993069.0
57087,6923131.0
57088,3778621.0
57089,2097022.0
57090,3752885.0
57091,1756069.0
57092,7592272.0
57093,9262754.0
57094,2097022.0
57095,5595267.0
57096,6941173.0
57097,3004429.0
57098,3600467.0
57099,5595267.0
57100,1847826.0
57101,2267425.0
57102,5595267.0
57103,3752885.0
57104,4136425.0
57105,1882131.0
57106,1149870.0
57107,3347767.0
57108,1904842.0
57109,3164972.0
57110,2025297.0
57111,2344689.0
57112,6313221.0
57113,2021934.0
57114,4015749.0
57115,4219263.0
57116,3248660.0
57117,3810007.0
57118,3600467.0
57119,1882131.0
57120,4264176.0
57121,1270499.0
57122,4554237.0
57123,3745135.0
57124,4590423.0
57125,6313221.0
57126,1270499.0
57127,2344689.0
57128,2018785.0
57129,2551252.0
57130,7865428.0
57131,5525735.0
57132,4155435.0
57133,3426169.0
57134,3778621.0
57135,6836483.0
57136,2999068.0
57137,3447890.0
57138,3347767.0
57139,2383840.0
57140,5595267.0
57141,3982767.0
57142,3351383.0
57143,4015749.0
57144,7495092.0
57145,4888774.0
57146,4705945.0
57147,1999097.0
57148,1619683.0
57149,2344689.0
57150,5500818.0
57151,5017319.0
57152,2732645.0
57153,4467728.0
57154,4052733.0
57155,2021934.0
57156,5017319.0
57157,2021934.0
57158,3745135.0
57159,2021934.0
57160,3745135.0
57161,3410878.0
57162,4250553.0
57163,4316715.0
57164,2097022.0
57165,6782425.0
57166,4590423.0
57167,3351383.0
57168,2083447.0
57169,1756069.0
57170,4316715.0
57171,2792031.0
57172,2025297.0
57173,8213524.0
57174,3982767.0
57175,2364478.0
57176,3347767.0
57177,6923131.0
57178,7592272.0
57179,1999097.0
57180,4100886.0
57181,6363241.0
57182,2018785.0
57183,2390534.0
57184,1999097.0
57185,3376145.0
57186,1999097.0
57187,1999097.0
57188,4467728.0
57189,6412623.0
57190,1270499.0
57191,7592272.0
57192,3261924.0
57193,2021934.0
57194,4888774.0
57195,2344689.0
57196,2954086.0
57197,7592272.0
57198,4316715.0
57199,3600467.0
57200,1763231.0
57201,1270499.0
57202,4250758.0
57203,4350573.0
57204,3347767.0
57205,6923131.0
57206,2792031.0
57207,2792031.0
57208,2344689.0
57209,1619683.0
57210,2055379.0
57211,4067566.0
57212,3347767.0
57213,2551252.0
57214,9652350.0
57215,2732645.0
57216,2021934.0
57217,3351383.0
57218,2371202.0
57219,3347767.0
57220,1882131.0
57221,4888774.0
57222,2792031.0
57223,6836483.0
57224,7217634.0
57225,4264176.0
57226,3903884.0
57227,2993069.0
57228,1756069.0
57229,4263629.0
57230,2018785.0
57231,1734634.0
57232,3004429.0
57233,3410878.0
57234,2993069.0
57235,7495092.0
57236,2021934.0
57237,1149870.0
57238,1270499.0
57239,3347767.0
57240,7201784.0
57241,5166635.0
57242,1619683.0
57243,2544857.0
57244,4250553.0
57245,4219263.0
57246,5337526.0
57247,1904842.0
57248,4316715.0
57249,1999097.0
57250,2344689.0
57251,1882131.0
57252,2544857.0
57253,4067566.0
57254,1619683.0
57255,2344689.0
57256,3410878.0
57257,2021934.0
57258,2025297.0
57259,1882131.0
57260,3745135.0
57261,3780019.0
57262,7592272.0
57263,1999097.0
57264,4807746.0
57265,4491607.0
57266,4491607.0
57267,4554237.0
57268,4219263.0
57269,2993069.0
57270,4554237.0
57271,2055379.0
57272,4467728.0
57273,2025297.0
57274,3351383.0
57275,2058644.0
57276,2371202.0
57277,3410878.0
57278,4882985.0
57279,2344689.0
57280,3780019.0
57281,7495092.0
57282,4952255.0
57283,6836483.0
57284,2021934.0
57285,3410878.0
57286,2021934.0
57287,4250758.0
57288,1999097.0
57289,4888774.0
57290,3199619.0
57291,3982767.0
57292,2675511.0
57293,2525375.0
57294,1734634.0
57295,3836721.0
57296,3410878.0
57297,4264176.0
57298,2267425.0
57299,5787594.0
57300,3778621.0
57301,4052733.0
57302,4250553.0
57303,2021934.0
57304,1999097.0
57305,2021934.0
57306,3447890.0
57307,2021934.0
57308,1999097.0
57309,6412623.0
57310,7592272.0
57311,3008199.0
57312,3956086.0
57313,1619683.0
57314,3745135.0
57315,4705945.0
57316,1756069.0
57317,1149870.0
57318,1270499.0
57319,3410878.0
57320,2058644.0
57321,3248660.0
57322,1763231.0
57323,2390534.0
57324,9262754.0
57325,1756069.0
57326,2792031.0
57327,1149870.0
57328,1270499.0
57329,2156098.0
57330,6941173.0
57331,5337526.0
57332,5500818.0
57333,2364478.0
57334,4015749.0
57335,3410878.0
57336,7592272.0
57337,1149870.0
57338,5595267.0
57339,4263629.0
57340,2544857.0
57341,2390534.0
57342,4491607.0
57343,3452382.0
57344,3004429.0
57345,4250758.0
57346,2058644.0
57347,2097022.0
57348,3727364.0
57349,2390534.0
57350,4952255.0
57351,4952255.0
57352,2390534.0
57353,2371202.0
57354,3261924.0
57355,3982767.0
57356,3452382.0
57357,1270499.0
57358,5595267.0
57359,1149870.0
57360,3410878.0
57361,2021934.0
57362,3445076.0
57363,2525375.0
57364,3258837.0
57365,2999068.0
57366,6694797.0
57367,1270499.0
57368,6412623.0
57369,2058644.0
57370,4100886.0
57371,8213524.0
57372,2344689.0
57373,3258837.0
57374,1904842.0
57375,2055379.0
57376,2267425.0
57377,2732645.0
57378,3248660.0
57379,7201784.0
57380,1149870.0
57381,2738052.0
57382,5500818.0
57383,8213524.0
57384,2344689.0
57385,3426169.0
57386,3600467.0
57387,3248660.0
57388,3903884.0
57389,3778621.0
57390,3004429.0
57391,1847826.0
57392,4100886.0
57393,2544857.0
57394,1999097.0
57395,2344689.0
57396,2390534.0
57397,2055379.0
57398,1734634.0
57399,2018785.0
57400,8213524.0
57401,4155435.0
57402,3248660.0
57403,1149870.0
57404,6836483.0
57405,3376145.0
57406,3982767.0
57407,1904842.0
57408,2732645.0
57409,2525375.0
57410,2058644.0
57411,2525375.0
57412,4467728.0
57413,3248660.0
57414,5906596.0
57415,2058644.0
57416,1270499.0
57417,4264176.0
57418,4350573.0
57419,8213524.0
57420,3351383.0
57421,6941173.0
57422,8213524.0
57423,4491607.0
57424,2021934.0
57425,2525375.0
57426,2058644.0
57427,8213524.0
57428,3956086.0
57429,2390534.0
57430,3004429.0
57431,6941173.0
57432,1270499.0
57433,5525735.0
57434,6412623.0
57435,8213524.0
57436,3347767.0
57437,2344689.0
57438,1756069.0
57439,9262754.0
57440,3351383.0
57441,3426169.0
57442,3727364.0
57443,3347767.0
57444,7592272.0
57445,2993069.0
57446,3028267.0
57447,4952255.0
57448,1149870.0
57449,3004429.0
57450,4651866.0
57451,2344689.0
57452,3780019.0
57453,3351383.0
57454,2390534.0
57455,5787594.0
57456,4066618.0
57457,4491607.0
57458,3426169.0
57459,3004429.0
57460,6694797.0
57461,5435276.0
57462,4491607.0
57463,2097022.0
57464,2055379.0
57465,3903884.0
57466,4705945.0
57467,3956086.0
57468,3818055.0
57469,6412623.0
57470,2732645.0
57471,3982767.0
57472,3248660.0
57473,2732645.0
57474,3004429.0
57475,3347767.0
57476,6923131.0
57477,4250553.0
57478,3447890.0
57479,2551252.0
57480,8213524.0
57481,7201784.0
57482,2344689.0
57483,5166635.0
57484,1756069.0
57485,3903884.0
57486,2954086.0
57487,2544857.0
57488,2954086.0
57489,4554237.0
57490,4429512.0
57491,2267425.0
57492,5017319.0
57493,1149870.0
57494,4952255.0
57495,1619683.0
57496,3410878.0
57497,2021934.0
57498,4067566.0
57499,2993069.0
57500,1149870.0
57501,2390534.0
57502,4250553.0
57503,2058644.0
57504,5525735.0
57505,2267425.0
57506,7495092.0
57507,5525735.0
57508,3410878.0
57509,3836721.0
57510,1763231.0
57511,2525375.0
57512,6782425.0
57513,5017319.0
57514,2525375.0
57515,3248660.0
57516,3347767.0
57517,4100886.0
57518,5595267.0
57519,1149870.0
57520,4554237.0
57521,1149870.0
57522,2058644.0
57523,3004429.0
57524,9262754.0
57525,1149870.0
57526,4052733.0
57527,3004429.0
57528,3410878.0
57529,7201784.0
57530,2097022.0
57531,1619683.0
57532,3778621.0
57533,3164972.0
57534,3347767.0
57535,16549064.0
57536,4316715.0
57537,1882131.0
57538,4100886.0
57539,6412623.0
57540,3008199.0
57541,4263629.0
57542,4155435.0
57543,2364478.0
57544,8213524.0
57545,2364478.0
57546,3258837.0
57547,3727364.0
57548,2993069.0
57549,2021934.0
57550,1619683.0
57551,3600467.0
57552,2058644.0
57553,3410878.0
57554,2021934.0
57555,1149870.0
57556,4316715.0
57557,6782425.0
57558,4250553.0
57559,1619683.0
57560,3004429.0
57561,4100886.0
57562,2344689.0
57563,3028267.0
57564,4467728.0
57565,3426169.0
57566,3347767.0
57567,1619683.0
57568,3780019.0
57569,2097022.0
57570,1756069.0
57571,8213524.0
57572,3903884.0
57573,3745135.0
57574,3778621.0
57575,4263629.0
57576,2058644.0
57577,2551252.0
57578,5787594.0
57579,3248660.0
57580,4705945.0
57581,3939804.0
57582,5461700.0
57583,3426169.0
57584,3351383.0
57585,3426169.0
57586,6694797.0
57587,2525375.0
57588,4067566.0
57589,4067566.0
57590,4491607.0
57591,1756069.0
57592,6412623.0
57593,2344689.0
57594,7865428.0
57595,3351383.0
57596,1270499.0
57597,3351383.0
57598,1619683.0
57599,2018785.0
57600,3261924.0
57601,2732645.0
57602,7592272.0
57603,5595267.0
57604,3258837.0
57605,2525375.0
57606,7592272.0
57607,5435276.0
57608,4491607.0
57609,3008199.0
57610,5017319.0
57611,2058644.0
57612,4651866.0
57613,7201784.0
57614,3745135.0
57615,2097022.0
57616,8904084.0
57617,7865428.0
57618,1763231.0
57619,4491607.0
57620,6836483.0
57621,2021934.0
57622,1756069.0
57623,3982767.0
57624,1904842.0
57625,4264176.0
57626,4066618.0
57627,16549064.0
57628,1882131.0
57629,3982767.0
57630,1847826.0
57631,3258837.0
57632,2364478.0
57633,3836721.0
57634,2344689.0
57635,4067566.0
57636,3727364.0
57637,6941173.0
57638,4316715.0
57639,2732645.0
57640,4807746.0
57641,3982767.0
57642,2738052.0
57643,1999097.0
57644,1999097.0
57645,2792031.0
57646,3218918.0
57647,1149870.0
57648,1149870.0
57649,8213524.0
57650,4264176.0
57651,2675511.0
57652,1904842.0
57653,4467728.0
57654,5166635.0
57655,8213524.0
57656,6412623.0
57657,3753720.0
57658,3778621.0
57659,3426169.0
57660,4467728.0
57661,2058644.0
57662,7592272.0
57663,4590423.0
57664,4491607.0
57665,9262754.0
57666,1149870.0
57667,7592272.0
57668,1999097.0
57669,9262754.0
57670,2021934.0
57671,3258837.0
57672,6923131.0
57673,2018785.0
57674,6694797.0
57675,3351383.0
57676,1847826.0
57677,3939804.0
57678,4705945.0
57679,1270499.0
57680,4350573.0
57681,3780019.0
57682,2058644.0
57683,1904842.0
57684,8213524.0
57685,2018785.0
57686,2954086.0
57687,3258837.0
57688,2058644.0
57689,4554237.0
57690,4952255.0
57691,3745135.0
57692,4491607.0
57693,3780019.0
57694,1847826.0
57695,1270499.0
57696,1904842.0
57697,2058644.0
57698,5906596.0
57699,6836483.0
57700,9262754.0
57701,4155435.0
57702,3600467.0
57703,2732645.0
57704,3426169.0
57705,2021934.0
57706,3780019.0
57707,2344689.0
57708,1756069.0
57709,2021934.0
57710,3426169.0
57711,2344689.0
57712,5444227.0
57713,3410878.0
57714,2058644.0
57715,1619683.0
57716,3004429.0
57717,4052733.0
57718,5461700.0
57719,3745135.0
57720,2732645.0
57721,6836483.0
57722,6836483.0
57723,2364478.0
57724,3956086.0
57725,2097022.0
57726,3351383.0
57727,1619683.0
57728,2058644.0
57729,9262754.0
57730,6782425.0
57731,8213524.0
57732,3752885.0
57733,2058644.0
57734,3351383.0
57735,3780019.0
57736,5435276.0
57737,4015749.0
57738,2021934.0
57739,3956086.0
57740,2058644.0
57741,3410878.0
57742,9652350.0
57743,2097022.0
57744,3752885.0
57745,3836721.0
57746,3376145.0
57747,6836483.0
57748,2551252.0
57749,1270499.0
57750,5017319.0
57751,3376145.0
57752,5787594.0
57753,3351383.0
57754,5435276.0
57755,2738052.0
57756,1619683.0
57757,2156098.0
57758,4052733.0
57759,2097022.0
57760,2344689.0
57761,5595267.0
57762,3426169.0
57763,3004429.0
57764,1270499.0
57765,6694797.0
57766,5595267.0
57767,3939804.0
57768,3347767.0
57769,3956086.0
57770,6694797.0
57771,2097022.0
57772,2738052.0
57773,2344689.0
57774,2344689.0
57775,4155435.0
57776,2058644.0
57777,2525375.0
57778,4015749.0
57779,2097022.0
57780,1270499.0
57781,3410878.0
57782,2021934.0
57783,2732645.0
57784,3752885.0
57785,1149870.0
57786,8213524.0
57787,2344689.0
57788,3410878.0
57789,2390534.0
57790,2055379.0
57791,3004429.0
57792,3351383.0
57793,8213524.0
57794,1270499.0
57795,3426169.0
57796,3982767.0
57797,2267425.0
57798,3351383.0
57799,2390534.0
57800,3410878.0
57801,1756069.0
57802,7865428.0
57803,3600467.0
57804,1999097.0
57805,3351383.0
57806,2551252.0
57807,1619683.0
57808,2390534.0
57809,3836721.0
57810,2544857.0
57811,5500818.0
57812,6363241.0
57813,4952255.0
57814,1999097.0
57815,2738052.0
57816,3903884.0
57817,1882131.0
57818,3410878.0
57819,2055379.0
57820,3410878.0
57821,2792031.0
57822,1847826.0
57823,4952255.0
57824,3752885.0
57825,4250553.0
57826,3745135.0
57827,1270499.0
57828,2021934.0
57829,3939804.0
57830,7592272.0
57831,4554237.0
57832,4467728.0
57833,2544857.0
57834,4554237.0
57835,3982767.0
57836,4554237.0
57837,5337526.0
57838,6923131.0
57839,4136425.0
57840,6941173.0
57841,2390534.0
57842,8904084.0
57843,3351383.0
57844,4136425.0
57845,1756069.0
57846,3447890.0
57847,4350573.0
57848,1619683.0
57849,1756069.0
57850,2993069.0
57851,3445076.0
57852,2371202.0
57853,1149870.0
57854,5525735.0
57855,1847826.0
57856,2018785.0
57857,4882985.0
57858,1999097.0
57859,2954086.0
57860,3939804.0
57861,3218918.0
57862,3745135.0
57863,6836483.0
57864,1270499.0
57865,2058644.0
57866,2993069.0
57867,2675511.0
57868,3745135.0
57869,2097022.0
57870,3273041.0
57871,6313221.0
57872,3410878.0
57873,3376145.0
57874,1763231.0
57875,3004429.0
57876,2675511.0
57877,8213524.0
57878,3351383.0
57879,6941173.0
57880,4219263.0
57881,2344689.0
57882,2018785.0
57883,1270499.0
57884,3447890.0
57885,4467728.0
57886,3347767.0
57887,1619683.0
57888,2551252.0
57889,3410878.0
57890,8213524.0
57891,2390534.0
57892,4250553.0
57893,1270499.0
57894,4554237.0
57895,4952255.0
57896,6923131.0
57897,2097022.0
57898,2792031.0
57899,3347767.0
57900,1756069.0
57901,2390534.0
57902,2344689.0
57903,5787594.0
57904,1847826.0
57905,5166635.0
57906,5595267.0
57907,4705945.0
57908,2058644.0
57909,3351383.0
57910,2267425.0
57911,5525735.0
57912,3028267.0
57913,5595267.0
57914,4015749.0
57915,4066618.0
57916,2058644.0
57917,2018785.0
57918,4100886.0
57919,1904842.0
57920,3351383.0
57921,2344689.0
57922,5595267.0
57923,3836721.0
57924,2025297.0
57925,2055379.0
57926,2018785.0
57927,2018785.0
57928,3780019.0
57929,3028267.0
57930,3600467.0
57931,2058644.0
57932,2097022.0
57933,2097022.0
57934,2058644.0
57935,2551252.0
57936,1882131.0
57937,3600467.0
57938,2267425.0
57939,4882985.0
57940,1763231.0
57941,3727364.0
57942,6313221.0
57943,4067566.0
57944,4067566.0
57945,6363241.0
57946,5444227.0
57947,4155435.0
57948,4136425.0
57949,6313221.0
57950,2344689.0
57951,2097022.0
57952,4264176.0
57953,4888774.0
57954,3780019.0
57955,8213524.0
57956,1756069.0
57957,2525375.0
57958,3600467.0
57959,5525735.0
57960,4705945.0
57961,4286645.0
57962,2018785.0
57963,4052733.0
57964,1756069.0
57965,4780607.0
57966,4651866.0
57967,3273041.0
57968,3956086.0
57969,3780019.0
57970,3218918.0
57971,2390534.0
57972,6694797.0
57973,2058644.0
57974,2267425.0
57975,4263629.0
57976,5017319.0
57977,5444227.0
57978,3261924.0
57979,2021934.0
57980,4705945.0
57981,7201784.0
57982,2097022.0
57983,4052733.0
57984,3752885.0
57985,4807746.0
57986,4491607.0
57987,2738052.0
57988,1999097.0
57989,2058644.0
57990,4952255.0
57991,1619683.0
57992,6923131.0
57993,7592272.0
57994,4155435.0
57995,2097022.0
57996,7217634.0
57997,3982767.0
57998,7865428.0
57999,2675511.0
58000,2344689.0
58001,7592272.0
58002,8213524.0
58003,2097022.0
58004,9652350.0
58005,2058644.0
58006,1149870.0
58007,3982767.0
58008,4350573.0
58009,5337526.0
58010,9262754.0
58011,3376145.0
58012,5435276.0
58013,4807746.0
58014,6412623.0
58015,3028267.0
58016,2525375.0
58017,4882985.0
58018,3410878.0
58019,3261924.0
58020,1904842.0
58021,8904084.0
58022,4264176.0
58023,3218918.0
58024,4067566.0
58025,3745135.0
58026,3982767.0
58027,7201784.0
58028,2344689.0
58029,2390534.0
58030,2371202.0
58031,6923131.0
58032,4590423.0
58033,5017319.0
58034,7495092.0
58035,4250553.0
58036,2058644.0
58037,4263629.0
58038,6941173.0
58039,2018785.0
58040,1847826.0
58041,5337526.0
58042,1756069.0
58043,1999097.0
58044,1847826.0
58045,2732645.0
58046,3600467.0
58047,3004429.0
58048,1734634.0
58049,6941173.0
58050,3778621.0
58051,2097022.0
58052,4491607.0
58053,1149870.0
58054,7592272.0
58055,1734634.0
58056,4491607.0
58057,1999097.0
58058,3836721.0
58059,2018785.0
58060,3347767.0
58061,3351383.0
58062,1999097.0
58063,2156098.0
58064,4952255.0
58065,4952255.0
58066,5286212.0
58067,7592272.0
58068,4015749.0
58069,3982767.0
58070,3445076.0
58071,2055379.0
58072,2525375.0
58073,1619683.0
58074,1270499.0
58075,3347767.0
58076,2018785.0
58077,4316715.0
58078,3351383.0
58079,3410878.0
58080,3982767.0
58081,3600467.0
58082,5595267.0
58083,6412623.0
58084,1882131.0
58085,4952255.0
58086,2390534.0
58087,4015749.0
58088,1882131.0
58089,1756069.0
58090,3351383.0
58091,8213524.0
58092,1149870.0
58093,1847826.0
58094,4590423.0
58095,3351383.0
58096,5906596.0
58097,2097022.0
58098,3376145.0
58099,1882131.0
58100,5595267.0
58101,3410878.0
58102,1756069.0
58103,3351383.0
58104,3727364.0
58105,4882985.0
58106,1882131.0
58107,4780607.0
58108,2018785.0
58109,2097022.0
58110,6313221.0
58111,3004429.0
58112,3939804.0
58113,4066618.0
58114,2675511.0
58115,8213524.0
58116,4250758.0
58117,4316715.0
58118,3199619.0
58119,1619683.0
58120,5595267.0
58121,2021934.0
58122,1904842.0
58123,9652350.0
58124,1619683.0
58125,3351383.0
58126,2025297.0
58127,8213524.0
58128,1847826.0
58129,3447890.0
58130,3347767.0
58131,5595267.0
58132,1619683.0
58133,1882131.0
58134,1756069.0
58135,4882985.0
58136,8904084.0
58137,2732645.0
58138,2058644.0
58139,3004429.0
58140,1149870.0
58141,3745135.0
58142,3426169.0
58143,1756069.0
58144,4052733.0
58145,2792031.0
58146,5595267.0
58147,5435276.0
58148,2018785.0
58149,2097022.0
58150,2021934.0
58151,2675511.0
58152,7592272.0
58153,3004429.0
58154,7865428.0
58155,3447890.0
58156,1619683.0
58157,5435276.0
58158,4467728.0
58159,3347767.0
58160,4219263.0
58161,2993069.0
58162,7592272.0
58163,2993069.0
58164,3410878.0
58165,6412623.0
58166,2018785.0
58167,3745135.0
58168,2021934.0
58169,2551252.0
58170,4429512.0
58171,4100886.0
58172,3600467.0
58173,2738052.0
58174,3447890.0
58175,1999097.0
58176,4015749.0
58177,3447890.0
58178,2732645.0
58179,3836721.0
58180,5787594.0
58181,3004429.0
58182,8213524.0
58183,9262754.0
58184,4264176.0
58185,2021934.0
58186,2675511.0
58187,4467728.0
58188,8213524.0
58189,1999097.0
58190,4052733.0
58191,7217634.0
58192,2055379.0
58193,5787594.0
58194,1619683.0
58195,1149870.0
58196,1882131.0
58197,3376145.0
58198,13575224.0
58199,3727364.0
58200,2390534.0
58201,3727364.0
58202,2018785.0
58203,4250553.0
58204,6941173.0
58205,9262754.0
58206,1999097.0
58207,3982767.0
58208,1847826.0
58209,4015749.0
58210,2675511.0
58211,4882985.0
58212,3410878.0
58213,2018785.0
58214,6313221.0
58215,2792031.0
58216,3218918.0
58217,1999097.0
58218,2371202.0
58219,2021934.0
58220,3426169.0
58221,3982767.0
58222,2021934.0
58223,1149870.0
58224,2544857.0
58225,3028267.0
58226,6313221.0
58227,3752885.0
58228,1149870.0
58229,8894598.0
58230,3410878.0
58231,4554237.0
58232,5595267.0
58233,3351383.0
58234,5500818.0
58235,6363241.0
58236,2371202.0
58237,3982767.0
58238,3780019.0
58239,6363241.0
58240,7592272.0
58241,1904842.0
58242,1756069.0
58243,1999097.0
58244,3982767.0
58245,9262754.0
58246,4705945.0
58247,7592272.0
58248,1904842.0
58249,1999097.0
58250,3600467.0
58251,2344689.0
58252,5017319.0
58253,2055379.0
58254,3347767.0
58255,3939804.0
58256,2999068.0
58257,3445076.0
58258,3351383.0
58259,2390534.0
58260,3452382.0
58261,2675511.0
58262,7217634.0
58263,4250758.0
58264,3745135.0
58265,2055379.0
58266,9652350.0
58267,4264176.0
58268,2993069.0
58269,2792031.0
58270,3600467.0
58271,2551252.0
58272,2018785.0
58273,3871344.0
58274,3600467.0
58275,1999097.0
58276,3004429.0
58277,2097022.0
58278,2738052.0
58279,2344689.0
58280,2954086.0
58281,2055379.0
58282,3818055.0
58283,4491607.0
58284,2544857.0
58285,3347767.0
58286,4250553.0
58287,3600467.0
58288,2993069.0
58289,1270499.0
58290,7592272.0
58291,8213524.0
58292,4554237.0
58293,2344689.0
58294,2675511.0
58295,2364478.0
58296,6923131.0
58297,4219263.0
58298,2058644.0
58299,2018785.0
58300,2344689.0
58301,5595267.0
58302,6412623.0
58303,1270499.0
58304,4052733.0
58305,7592272.0
58306,1619683.0
58307,5500818.0
58308,3939804.0
58309,4705945.0
58310,1270499.0
58311,1756069.0
58312,2954086.0
58313,3376145.0
58314,3745135.0
58315,5595267.0
58316,1149870.0
58317,4590423.0
58318,7495092.0
58319,2544857.0
58320,3248660.0
58321,4491607.0
58322,7592272.0
58323,2083447.0
58324,1756069.0
58325,2371202.0
58326,4264176.0
58327,1149870.0
58328,2058644.0
58329,1270499.0
58330,1270499.0
58331,2954086.0
58332,3351383.0
58333,6694797.0
58334,1270499.0
58335,2058644.0
58336,1270499.0
58337,4705945.0
58338,3752885.0
58339,6363241.0
58340,5500818.0
58341,3261924.0
58342,2383840.0
58343,3347767.0
58344,5337526.0
58345,2344689.0
58346,3004429.0
58347,8213524.0
58348,2993069.0
58349,1882131.0
58350,3248660.0
58351,4952255.0
58352,3004429.0
58353,2055379.0
58354,3351383.0
58355,3956086.0
58356,6694797.0
58357,4491607.0
58358,8213524.0
58359,2675511.0
58360,4286645.0
58361,1847826.0
58362,2551252.0
58363,3258837.0
58364,3410878.0
58365,3376145.0
58366,3004429.0
58367,3807496.0
58368,3347767.0
58369,2390534.0
58370,2732645.0
58371,5595267.0
58372,3004429.0
58373,2018785.0
58374,3008199.0
58375,13575224.0
58376,8213524.0
58377,3447890.0
58378,1270499.0
58379,1882131.0
58380,1734634.0
58381,4052733.0
58382,2675511.0
58383,2267425.0
58384,1999097.0
58385,2025297.0
58386,1149870.0
58387,3261924.0
58388,1904842.0
58389,2390534.0
58390,5653753.0
58391,3248660.0
58392,7592272.0
58393,1619683.0
58394,2021934.0
58395,2675511.0
58396,3410878.0
58397,7865428.0
58398,1847826.0
58399,4491607.0
58400,1904842.0
58401,5595267.0
58402,2544857.0
58403,3778621.0
58404,2732645.0
58405,9262754.0
58406,2018785.0
58407,2344689.0
58408,3778621.0
58409,2993069.0
58410,1734634.0
58411,4705945.0
58412,3248660.0
58413,7592272.0
58414,4554237.0
58415,2097022.0
58416,1882131.0
58417,4491607.0
58418,1999097.0
58419,6412623.0
58420,1734634.0
58421,4250553.0
58422,5787594.0
58423,3410878.0
58424,1999097.0
58425,3261924.0
58426,4807746.0
58427,4015749.0
58428,4015749.0
58429,4590423.0
58430,6694797.0
58431,3410878.0
58432,2675511.0
58433,2025297.0
58434,5595267.0
58435,3745135.0
58436,1756069.0
58437,3745135.0
58438,2551252.0
58439,4882985.0
58440,8213524.0
58441,6313221.0
58442,1756069.0
58443,2018785.0
58444,3727364.0
58445,5787594.0
58446,1999097.0
58447,4705945.0
58448,2058644.0
58449,2058644.0
58450,4155435.0
58451,4952255.0
58452,4219263.0
58453,2058644.0
58454,3939804.0
58455,3600467.0
58456,4219263.0
58457,3258837.0
58458,3903884.0
58459,1882131.0
58460,3778621.0
58461,3600467.0
58462,4250553.0
58463,3600467.0
58464,2021934.0
58465,2018785.0
58466,7495092.0
58467,5435276.0
58468,4316715.0
58469,1756069.0
58470,7865428.0
58471,5166635.0
58472,5444227.0
58473,3939804.0
58474,3452382.0
58475,2058644.0
58476,4250553.0
58477,4100886.0
58478,3600467.0
58479,2058644.0
58480,2083447.0
58481,1999097.0
58482,3376145.0
58483,2390534.0
58484,3004429.0
58485,2390534.0
58486,2058644.0
58487,4350573.0
58488,6363241.0
58489,3004429.0
58490,2390534.0
58491,6313221.0
58492,9262754.0
58493,7865428.0
58494,5166635.0
58495,8213524.0
58496,5444227.0
58497,4052733.0
58498,2025297.0
58499,2544857.0
58500,4155435.0
58501,4052733.0
58502,2525375.0
58503,3347767.0
58504,2371202.0
58505,4066618.0
58506,7592272.0
58507,3745135.0
58508,3939804.0
58509,1619683.0
58510,2083447.0
58511,3982767.0
58512,4952255.0
58513,1619683.0
58514,6363241.0
58515,8213524.0
58516,3778621.0
58517,1882131.0
58518,3447890.0
58519,4316715.0
58520,3903884.0
58521,3199619.0
58522,4491607.0
58523,4250553.0
58524,3347767.0
58525,5525735.0
58526,4264176.0
58527,3956086.0
58528,8213524.0
58529,1999097.0
58530,2055379.0
58531,1999097.0
58532,2993069.0
58533,5444227.0
58534,2058644.0
58535,4467728.0
58536,3347767.0
58537,1882131.0
58538,2390534.0
58539,5525735.0
58540,4066618.0
58541,6923131.0
58542,7592272.0
58543,6941173.0
58544,5017319.0
58545,3004429.0
58546,2097022.0
58547,4015749.0
58548,6412623.0
58549,6836483.0
58550,7495092.0
58551,6313221.0
58552,6836483.0
58553,1999097.0
58554,2738052.0
58555,1270499.0
58556,1756069.0
58557,3871344.0
58558,3218918.0
58559,1270499.0
58560,2267425.0
58561,2544857.0
58562,6836483.0
58563,6363241.0
58564,7592272.0
58565,1619683.0
58566,3248660.0
58567,8213524.0
58568,1756069.0
58569,2344689.0
58570,3982767.0
58571,3218918.0
58572,2055379.0
58573,3351383.0
58574,5444227.0
58575,6313221.0
58576,1149870.0
58577,3752885.0
58578,6412623.0
58579,2999068.0
58580,2675511.0
58581,2097022.0
58582,2058644.0
58583,3982767.0
58584,9262754.0
58585,4882985.0
58586,4250758.0
58587,1149870.0
58588,3347767.0
58589,3727364.0
58590,2021934.0
58591,5906596.0
58592,3347767.0
58593,2544857.0
58594,1619683.0
58595,2525375.0
58596,2390534.0
58597,1734634.0
58598,7201784.0
58599,1270499.0
58600,1149870.0
58601,3351383.0
58602,2732645.0
58603,3347767.0
58604,6836483.0
58605,2344689.0
58606,4015749.0
58607,1999097.0
58608,4100886.0
58609,1149870.0
58610,2371202.0
58611,2267425.0
58612,2675511.0
58613,2021934.0
58614,3778621.0
58615,7201784.0
58616,2097022.0
58617,3903884.0
58618,2954086.0
58619,1763231.0
58620,2732645.0
58621,1619683.0
58622,8213524.0
58623,4952255.0
58624,2021934.0
58625,2021934.0
58626,3727364.0
58627,4052733.0
58628,2058644.0
58629,1756069.0
58630,2525375.0
58631,6313221.0
58632,2097022.0
58633,3727364.0
58634,3351383.0
58635,6313221.0
58636,3410878.0
58637,2390534.0
58638,6836483.0
58639,4780607.0
58640,2525375.0
58641,2055379.0
58642,3752885.0
58643,4807746.0
58644,3727364.0
58645,3351383.0
58646,5500818.0
58647,1999097.0
58648,3347767.0
58649,2390534.0
58650,6941173.0
58651,1149870.0
58652,4136425.0
58653,3004429.0
58654,1756069.0
58655,6313221.0
58656,3410878.0
58657,4250553.0
58658,7592272.0
58659,3376145.0
58660,1847826.0
58661,3956086.0
58662,3780019.0
58663,2364478.0
58664,2018785.0
58665,3956086.0
58666,7201784.0
58667,7592272.0
58668,3939804.0
58669,6836483.0
58670,3778621.0
58671,3600467.0
58672,3199619.0
58673,4705945.0
58674,2058644.0
58675,6363241.0
58676,4491607.0
58677,2018785.0
58678,5500818.0
58679,2097022.0
58680,4250758.0
58681,3939804.0
58682,5161370.0
58683,2021934.0
58684,1763231.0
58685,4467728.0
58686,3600467.0
58687,2058644.0
58688,2993069.0
58689,2390534.0
58690,1149870.0
58691,3426169.0
58692,4066618.0
58693,1756069.0
58694,9262754.0
58695,4066618.0
58696,3347767.0
58697,2058644.0
58698,3778621.0
58699,3351383.0
58700,3351383.0
58701,1882131.0
58702,2058644.0
58703,4554237.0
58704,2021934.0
58705,8213524.0
58706,4705945.0
58707,5595267.0
58708,2097022.0
58709,7865428.0
58710,3447890.0
58711,4780607.0
58712,3258837.0
58713,3939804.0
58714,4316715.0
58715,3410878.0
58716,3447890.0
58717,3351383.0
58718,4780607.0
58719,4888774.0
58720,2055379.0
58721,6363241.0
58722,1619683.0
58723,3410878.0
58724,2390534.0
58725,4316715.0
58726,1763231.0
58727,2055379.0
58728,2344689.0
58729,9262754.0
58730,2544857.0
58731,4219263.0
58732,3600467.0
58733,4052733.0
58734,3939804.0
58735,3836721.0
58736,3347767.0
58737,2021934.0
58738,4250553.0
58739,2344689.0
58740,4350573.0
58741,6412623.0
58742,4350573.0
58743,8213524.0
58744,2544857.0
58745,3982767.0
58746,2390534.0
58747,1756069.0
58748,3376145.0
58749,3600467.0
58750,1999097.0
58751,5595267.0
58752,2097022.0
58753,3836721.0
58754,3570392.0
58755,1619683.0
58756,5906596.0
58757,4590423.0
58758,4705945.0
58759,2390534.0
58760,6836483.0
58761,4250553.0
58762,6694797.0
58763,7865428.0
58764,2055379.0
58765,3447890.0
58766,4705945.0
58767,2525375.0
58768,2058644.0
58769,3351383.0
58770,3982767.0
58771,2018785.0
58772,4467728.0
58773,4467728.0
58774,1847826.0
58775,2267425.0
58776,5017319.0
58777,2267425.0
58778,4052733.0
58779,1999097.0
58780,3004429.0
58781,2390534.0
58782,6694797.0
58783,5500818.0
58784,6313221.0
58785,2525375.0
58786,2055379.0
58787,7495092.0
58788,1756069.0
58789,1619683.0
58790,1999097.0
58791,4350573.0
58792,7592272.0
58793,3008199.0
58794,1149870.0
58795,3939804.0
58796,3445076.0
58797,1619683.0
58798,3836721.0
58799,2993069.0
58800,3939804.0
58801,3778621.0
58802,4705945.0
58803,5525735.0
58804,3780019.0
58805,5017319.0
58806,3028267.0
58807,6923131.0
58808,3347767.0
58809,1882131.0
58810,2344689.0
58811,5500818.0
58812,3351383.0
58813,2344689.0
58814,1999097.0
58815,2055379.0
58816,7201784.0
58817,3939804.0
58818,2267425.0
58819,5906596.0
58820,2267425.0
58821,3956086.0
58822,4250553.0
58823,2018785.0
58824,3347767.0
58825,1149870.0
58826,3778621.0
58827,4491607.0
58828,1882131.0
58829,3410878.0
58830,3939804.0
58831,2993069.0
58832,6941173.0
58833,4250553.0
58834,8213524.0
58835,2344689.0
58836,2344689.0
58837,3199619.0
58838,6941173.0
58839,3248660.0
58840,5595267.0
58841,4554237.0
58842,6941173.0
58843,3939804.0
58844,3376145.0
58845,1999097.0
58846,3248660.0
58847,3347767.0
58848,5595267.0
58849,4952255.0
58850,2021934.0
58851,3028267.0
58852,7201784.0
58853,1756069.0
58854,1882131.0
58855,6941173.0
58856,4264176.0
58857,5525735.0
58858,3351383.0
58859,3752885.0
58860,2083447.0
58861,2390534.0
58862,7495092.0
58863,2021934.0
58864,2025297.0
58865,2675511.0
58866,4219263.0
58867,1847826.0
58868,2993069.0
58869,4554237.0
58870,1149870.0
58871,2675511.0
58872,2954086.0
58873,1999097.0
58874,4807746.0
58875,5286212.0
58876,1999097.0
58877,3273041.0
58878,2097022.0
58879,1847826.0
58880,5525735.0
58881,8213524.0
58882,2267425.0
58883,5525735.0
58884,5461700.0
58885,4467728.0
58886,2544857.0
58887,6694797.0
58888,4067566.0
58889,6412623.0
58890,2058644.0
58891,2018785.0
58892,2371202.0
58893,1999097.0
58894,4491607.0
58895,2344689.0
58896,2018785.0
58897,3410878.0
58898,1999097.0
58899,3447890.0
58900,3600467.0
58901,3780019.0
58902,3004429.0
58903,1619683.0
58904,2058644.0
58905,1999097.0
58906,1270499.0
58907,6412623.0
58908,9262754.0
58909,3600467.0
58910,1149870.0
58911,2390534.0
58912,2021934.0
58913,1619683.0
58914,5595267.0
58915,9652350.0
58916,3426169.0
58917,3410878.0
58918,3273041.0
58919,1999097.0
58920,3410878.0
58921,1763231.0
58922,7592272.0
58923,4491607.0
58924,2058644.0
58925,3028267.0
58926,7592272.0
58927,4491607.0
58928,4316715.0
58929,2097022.0
58930,3248660.0
58931,3939804.0
58932,1619683.0
58933,4952255.0
58934,3258837.0
58935,3347767.0
58936,4250758.0
58937,1270499.0
58938,7592272.0
58939,2021934.0
58940,3780019.0
58941,2364478.0
58942,2097022.0
58943,3982767.0
58944,2018785.0
58945,2993069.0
58946,7201784.0
58947,5500818.0
58948,6412623.0
58949,3351383.0
58950,3745135.0
58951,4491607.0
58952,3347767.0
58953,2344689.0
58954,2371202.0
58955,5444227.0
58956,8904084.0
58957,2993069.0
58958,2344689.0
58959,6782425.0
58960,3004429.0
58961,2021934.0
58962,1756069.0
58963,3982767.0
58964,2732645.0
58965,5595267.0
58966,1999097.0
58967,8213524.0
58968,3426169.0
58969,4491607.0
58970,2018785.0
58971,1270499.0
58972,4491607.0
58973,3028267.0
58974,5595267.0
58975,4590423.0
58976,1999097.0
58977,2097022.0
58978,3004429.0
58979,3939804.0
58980,5161370.0
58981,3199619.0
58982,2525375.0
58983,6363241.0
58984,5017319.0
58985,3347767.0
58986,5525735.0
58987,2738052.0
58988,2999068.0
58989,2675511.0
58990,5337526.0
58991,3347767.0
58992,1763231.0
58993,6836483.0
58994,3780019.0
58995,3004429.0
58996,3004429.0
58997,3410878.0
58998,1882131.0
58999,2344689.0
59000,2383840.0
59001,2025297.0
59002,7865428.0
59003,1999097.0
59004,3273041.0
59005,4100886.0
59006,1999097.0
59007,3004429.0
59008,2390534.0
59009,1619683.0
59010,9262754.0
59011,2344689.0
59012,8213524.0
59013,8213524.0
59014,2097022.0
59015,2525375.0
59016,2021934.0
59017,8213524.0
59018,1619683.0
59019,3410878.0
59020,8630682.0
59021,2018785.0
59022,7592272.0
59023,3727364.0
59024,1734634.0
59025,3258837.0
59026,6412623.0
59027,3903884.0
59028,8213524.0
59029,4219263.0
59030,2021934.0
59031,1619683.0
59032,2954086.0
59033,8213524.0
59034,2021934.0
59035,6412623.0
59036,3447890.0
59037,4250758.0
59038,3028267.0
59039,2058644.0
59040,1149870.0
59041,3778621.0
59042,2097022.0
59043,1847826.0
59044,3351383.0
59045,1756069.0
59046,3600467.0
59047,6694797.0
59048,4067566.0
59049,4554237.0
59050,6313221.0
59051,1149870.0
59052,2792031.0
59053,1149870.0
59054,7592272.0
59055,4316715.0
59056,1270499.0
59057,3982767.0
59058,6363241.0
59059,1999097.0
59060,3447890.0
59061,3982767.0
59062,1270499.0
59063,3600467.0
59064,8904084.0
59065,4100886.0
59066,7495092.0
59067,3004429.0
59068,3778621.0
59069,2383840.0
59070,3956086.0
59071,4100886.0
59072,4316715.0
59073,1734634.0
59074,6941173.0
59075,1999097.0
59076,2732645.0
59077,4250553.0
59078,2055379.0
59079,2544857.0
59080,2021934.0
59081,1270499.0
59082,2018785.0
59083,3939804.0
59084,6412623.0
59085,3218918.0
59086,4052733.0
59087,8213524.0
59088,4554237.0
59089,2551252.0
59090,1619683.0
59091,3199619.0
59092,2551252.0
59093,2344689.0
59094,3426169.0
59095,4015749.0
59096,2551252.0
59097,2025297.0
59098,5595267.0
59099,2097022.0
59100,3982767.0
59101,3347767.0
59102,2344689.0
59103,2156098.0
59104,2344689.0
59105,3939804.0
59106,2525375.0
59107,8213524.0
59108,3745135.0
59109,2544857.0
59110,7592272.0
59111,3199619.0
59112,1763231.0
59113,2344689.0
59114,3600467.0
59115,2097022.0
59116,4882985.0
59117,2055379.0
59118,1619683.0
59119,4429512.0
59120,3445076.0
59121,2021934.0
59122,6363241.0
59123,1847826.0
59124,1619683.0
59125,1882131.0
59126,2018785.0
59127,6412623.0
59128,4554237.0
59129,4554237.0
59130,6941173.0
59131,3600467.0
59132,4250758.0
59133,3426169.0
59134,3982767.0
59135,5166635.0
59136,1756069.0
59137,7495092.0
59138,3982767.0
59139,2021934.0
59140,3426169.0
59141,5525735.0
59142,6313221.0
59143,5017319.0
59144,8213524.0
59145,1270499.0
59146,4350573.0
59147,3410878.0
59148,1619683.0
59149,5787594.0
59150,5595267.0
59151,3939804.0
59152,3600467.0
59153,2390534.0
59154,2018785.0
59155,2156098.0
59156,2018785.0
59157,4590423.0
59158,4067566.0
59159,3028267.0
59160,6941173.0
59161,3351383.0
59162,3004429.0
59163,2675511.0
59164,1270499.0
59165,3347767.0
59166,3426169.0
59167,2792031.0
59168,6923131.0
59169,1847826.0
59170,4015749.0
59171,7865428.0
59172,5525735.0
59173,2058644.0
59174,4952255.0
59175,4888774.0
59176,2738052.0
59177,2156098.0
59178,9262754.0
59179,3426169.0
59180,1270499.0
59181,8213524.0
59182,2018785.0
59183,2156098.0
59184,7592272.0
59185,2025297.0
59186,2738052.0
59187,2344689.0
59188,3351383.0
59189,6923131.0
59190,7592272.0
59191,8213524.0
59192,4554237.0
59193,7217634.0
59194,2364478.0
59195,4705945.0
59196,7201784.0
59197,3258837.0
59198,1270499.0
59199,8213524.0
59200,2344689.0
59201,7217634.0
59202,5161370.0
59203,2344689.0
59204,8213524.0
59205,3939804.0
59206,3347767.0
59207,1734634.0
59208,5595267.0
59209,6782425.0
59210,2544857.0
59211,2156098.0
59212,8213524.0
59213,1882131.0
59214,2058644.0
59215,4952255.0
59216,5787594.0
59217,1149870.0
59218,2021934.0
59219,6313221.0
59220,3410878.0
59221,1999097.0
59222,2018785.0
59223,3410878.0
59224,2021934.0
59225,5525735.0
59226,9262754.0
59227,3004429.0
59228,4316715.0
59229,3218918.0
59230,8213524.0
59231,3410878.0
59232,2267425.0
59233,5595267.0
59234,1756069.0
59235,4219263.0
59236,1999097.0
59237,1847826.0
59238,1999097.0
59239,3745135.0
59240,6923131.0
59241,3410878.0
59242,2018785.0
59243,2097022.0
59244,4491607.0
59245,2025297.0
59246,6694797.0
59247,6941173.0
59248,5595267.0
59249,2344689.0
59250,4952255.0
59251,2390534.0
59252,3426169.0
59253,5017319.0
59254,2544857.0
59255,2267425.0
59256,3426169.0
59257,3600467.0
59258,3347767.0
59259,1904842.0
59260,2383840.0
59261,2021934.0
59262,5787594.0
59263,2058644.0
59264,3004429.0
59265,2740687.0
59266,2732645.0
59267,1999097.0
59268,4015749.0
59269,1734634.0
59270,3347767.0
59271,4264176.0
59272,3218918.0
59273,2267425.0
59274,2058644.0
59275,6836483.0
59276,6923131.0
59277,1619683.0
59278,4136425.0
59279,2025297.0
59280,2097022.0
59281,2732645.0
59282,3410878.0
59283,6923131.0
59284,6923131.0
59285,1149870.0
59286,3982767.0
59287,2732645.0
59288,1270499.0
59289,2544857.0
59290,1999097.0
59291,3426169.0
59292,6694797.0
59293,7201784.0
59294,3004429.0
59295,3780019.0
59296,2055379.0
59297,2021934.0
59298,4467728.0
59299,2021934.0
59300,6313221.0
59301,2993069.0
59302,6836483.0
59303,3004429.0
59304,5525735.0
59305,3273041.0
59306,3745135.0
59307,2371202.0
59308,2364478.0
59309,4316715.0
59310,3745135.0
59311,3004429.0
59312,1999097.0
59313,2021934.0
59314,9262754.0
59315,3982767.0
59316,5435276.0
59317,8213524.0
59318,3351383.0
59319,2021934.0
59320,3028267.0
59321,3164972.0
59322,8894598.0
59323,2021934.0
59324,3956086.0
59325,2018785.0
59326,2740687.0
59327,4263629.0
59328,1999097.0
59329,5906596.0
59330,3753720.0
59331,9262754.0
59332,1149870.0
59333,4250553.0
59334,2993069.0
59335,2371202.0
59336,5166635.0
59337,2083447.0
59338,2344689.0
59339,5906596.0
59340,2344689.0
59341,3939804.0
59342,4052733.0
59343,2058644.0
59344,2058644.0
59345,3218918.0
59346,3982767.0
59347,2544857.0
59348,3903884.0
59349,2525375.0
59350,1270499.0
59351,2097022.0
59352,1999097.0
59353,2738052.0
59354,2344689.0
59355,3780019.0
59356,2344689.0
59357,6412623.0
59358,1904842.0
59359,2390534.0
59360,4807746.0
59361,4286645.0
59362,2344689.0
59363,1149870.0
59364,5444227.0
59365,6694797.0
59366,1763231.0
59367,1619683.0
59368,2021934.0
59369,5166635.0
59370,5017319.0
59371,2675511.0
59372,3982767.0
59373,6694797.0
59374,4705945.0
59375,2018785.0
59376,2344689.0
59377,4250553.0
59378,16549064.0
59379,3410878.0
59380,6313221.0
59381,3807496.0
59382,2097022.0
59383,3903884.0
59384,2551252.0
59385,2058644.0
59386,1999097.0
59387,4067566.0
59388,2021934.0
59389,5017319.0
59390,2675511.0
59391,3351383.0
59392,2058644.0
59393,2390534.0
59394,8904084.0
59395,4952255.0
59396,3261924.0
59397,5500818.0
59398,1149870.0
59399,4155435.0
59400,3261924.0
59401,7495092.0
59402,1999097.0
59403,7201784.0
59404,4250758.0
59405,3410878.0
59406,1904842.0
59407,5525735.0
59408,1756069.0
59409,2018785.0
59410,5595267.0
59411,3351383.0
59412,5435276.0
59413,2097022.0
59414,4554237.0
59415,1149870.0
59416,2097022.0
59417,4052733.0
59418,2993069.0
59419,5595267.0
59420,3778621.0
59421,2383840.0
59422,5435276.0
59423,6941173.0
59424,3347767.0
59425,2390534.0
59426,3004429.0
59427,3351383.0
59428,3447890.0
59429,2993069.0
59430,2083447.0
59431,4491607.0
59432,3982767.0
59433,1904842.0
59434,7592272.0
59435,8904084.0
59436,2551252.0
59437,6363241.0
59438,3004429.0
59439,3447890.0
59440,4491607.0
59441,3727364.0
59442,4467728.0
59443,2021934.0
59444,3410878.0
59445,3004429.0
59446,6836483.0
59447,3939804.0
59448,4780607.0
59449,2021934.0
59450,2371202.0
59451,4250553.0
59452,3351383.0
59453,4067566.0
59454,1756069.0
59455,3410878.0
59456,4250758.0
59457,3778621.0
59458,2344689.0
59459,2993069.0
59460,2525375.0
59461,3347767.0
59462,4491607.0
59463,2055379.0
59464,4952255.0
59465,7201784.0
59466,3780019.0
59467,2525375.0
59468,3351383.0
59469,2018785.0
59470,3351383.0
59471,3727364.0
59472,1882131.0
59473,2544857.0
59474,2344689.0
59475,4705945.0
59476,2544857.0
59477,2525375.0
59478,2993069.0
59479,2021934.0
59480,1999097.0
59481,1999097.0
59482,2025297.0
59483,3956086.0
59484,4350573.0
59485,3008199.0
59486,4316715.0
59487,2675511.0
59488,4250758.0
59489,3982767.0
59490,3600467.0
59491,3410878.0
59492,3199619.0
59493,1270499.0
59494,3807496.0
59495,4015749.0
59496,1270499.0
59497,6694797.0
59498,2544857.0
59499,3600467.0
59500,4052733.0
59501,4250553.0
59502,3600467.0
59503,1999097.0
59504,3982767.0
59505,3351383.0
59506,2371202.0
59507,5435276.0
59508,4590423.0
59509,3807496.0
59510,3351383.0
59511,3351383.0
59512,3753720.0
59513,4467728.0
59514,3004429.0
59515,3199619.0
59516,2954086.0
59517,3600467.0
59518,1847826.0
59519,3745135.0
59520,2999068.0
59521,2390534.0
59522,1734634.0
59523,1149870.0
59524,5525735.0
59525,4705945.0
59526,3347767.0
59527,9652350.0
59528,2021934.0
59529,3745135.0
59530,3248660.0
59531,4491607.0
59532,3351383.0
59533,4316715.0
59534,3982767.0
59535,3939804.0
59536,4491607.0
59537,1847826.0
59538,1619683.0
59539,3410878.0
59540,9262754.0
59541,3351383.0
59542,3956086.0
59543,1149870.0
59544,2525375.0
59545,3004429.0
59546,1999097.0
59547,4100886.0
59548,1270499.0
59549,2738052.0
59550,1619683.0
59551,3753720.0
59552,3410878.0
59553,2525375.0
59554,4250758.0
59555,6923131.0
59556,7592272.0
59557,4052733.0
59558,1882131.0
59559,4350573.0
59560,1756069.0
59561,6363241.0
59562,1904842.0
59563,3600467.0
59564,1763231.0
59565,4015749.0
59566,7592272.0
59567,4250553.0
59568,2021934.0
59569,4052733.0
59570,3218918.0
59571,1734634.0
59572,2097022.0
59573,3248660.0
59574,2993069.0
59575,1270499.0
59576,1756069.0
59577,3982767.0
59578,6694797.0
59579,4952255.0
59580,3780019.0
59581,2344689.0
59582,2021934.0
59583,3600467.0
59584,3982767.0
59585,1882131.0
59586,1756069.0
59587,1149870.0
59588,3426169.0
59589,2993069.0
59590,1999097.0
59591,3956086.0
59592,2021934.0
59593,3745135.0
59594,3982767.0
59595,3347767.0
59596,5017319.0
59597,1149870.0
59598,7592272.0
59599,4888774.0
59600,2267425.0
59601,3351383.0
59602,2267425.0
59603,6923131.0
59604,3982767.0
59605,2344689.0
59606,1847826.0
59607,3745135.0
59608,2732645.0
59609,2025297.0
59610,1882131.0
59611,1270499.0
59612,3347767.0
59613,1847826.0
59614,2021934.0
59615,2021934.0
59616,3939804.0
59617,4350573.0
59618,4250758.0
59619,1999097.0
59620,3956086.0
59621,3982767.0
59622,8213524.0
59623,6941173.0
59624,1619683.0
59625,2058644.0
59626,3600467.0
59627,3426169.0
59628,2156098.0
59629,3600467.0
59630,9262754.0
59631,2544857.0
59632,5017319.0
59633,3351383.0
59634,2525375.0
59635,2551252.0
59636,1619683.0
59637,2675511.0
59638,16549064.0
59639,2018785.0
59640,3903884.0
59641,6923131.0
59642,2021934.0
59643,1734634.0
59644,2058644.0
59645,4250553.0
59646,3028267.0
59647,5500818.0
59648,1904842.0
59649,2792031.0
59650,1999097.0
59651,3261924.0
59652,6836483.0
59653,1756069.0
59654,4316715.0
59655,3410878.0
59656,1756069.0
59657,4952255.0
59658,3745135.0
59659,4491607.0
59660,2732645.0
59661,3199619.0
59662,5595267.0
59663,3258837.0
59664,1149870.0
59665,8904084.0
59666,3410878.0
59667,3956086.0
59668,1756069.0
59669,8213524.0
59670,2551252.0
59671,6313221.0
59672,3982767.0
59673,3939804.0
59674,4015749.0
59675,3939804.0
59676,2344689.0
59677,3248660.0
59678,1847826.0
59679,4882985.0
59680,3004429.0
59681,6412623.0
59682,8894598.0
59683,5595267.0
59684,3956086.0
59685,1756069.0
59686,1270499.0
59687,2544857.0
59688,6923131.0
59689,3347767.0
59690,2021934.0
59691,3351383.0
59692,3982767.0
59693,2018785.0
59694,1904842.0
59695,6313221.0
59696,2993069.0
59697,3447890.0
59698,5525735.0
59699,3447890.0
59700,4952255.0
59701,6412623.0
59702,1904842.0
59703,3426169.0
59704,1270499.0
59705,6836483.0
59706,3351383.0
59707,4780607.0
59708,2021934.0
59709,2018785.0
59710,4264176.0
59711,2267425.0
59712,3727364.0
59713,2097022.0
59714,5017319.0
59715,4952255.0
59716,2267425.0
59717,7865428.0
59718,4067566.0
59719,4066618.0
59720,6836483.0
59721,1882131.0
59722,3982767.0
59723,5286212.0
59724,2675511.0
59725,2267425.0
59726,6313221.0
59727,3351383.0
59728,7592272.0
59729,3445076.0
59730,4155435.0
59731,4250758.0
59732,3004429.0
59733,5525735.0
59734,3447890.0
59735,4491607.0
59736,2675511.0
59737,6694797.0
59738,1149870.0
59739,3982767.0
59740,1149870.0
59741,5525735.0
59742,2058644.0
59743,2018785.0
59744,3956086.0
59745,2267425.0
59746,7495092.0
59747,3753720.0
59748,1270499.0
59749,3347767.0
59750,2544857.0
59751,3982767.0
59752,4066618.0
59753,7495092.0
59754,5461700.0
59755,1619683.0
59756,2993069.0
59757,6412623.0
59758,3780019.0
59759,2544857.0
59760,2018785.0
59761,3780019.0
59762,4067566.0
59763,2058644.0
59764,2390534.0
59765,3347767.0
59766,2018785.0
59767,3347767.0
59768,3028267.0
59769,3004429.0
59770,6836483.0
59771,2344689.0
59772,1999097.0
59773,3347767.0
59774,1999097.0
59775,3410878.0
59776,1270499.0
59777,3347767.0
59778,2097022.0
59779,3426169.0
59780,6923131.0
59781,4780607.0
59782,1149870.0
59783,4250758.0
59784,2097022.0
59785,5525735.0
59786,7592272.0
59787,1149870.0
59788,2371202.0
59789,2055379.0
59790,2018785.0
59791,2058644.0
59792,2021934.0
59793,3426169.0
59794,4250758.0
59795,1270499.0
59796,6412623.0
59797,5595267.0
59798,3164972.0
59799,5500818.0
59800,6363241.0
59801,4705945.0
59802,4780607.0
59803,2738052.0
59804,3780019.0
59805,2993069.0
59806,2083447.0
59807,1756069.0
59808,3836721.0
59809,3248660.0
59810,2058644.0
59811,2732645.0
59812,2344689.0
59813,3447890.0
59814,4067566.0
59815,2993069.0
59816,2732645.0
59817,2021934.0
59818,2097022.0
59819,8213524.0
59820,2544857.0
59821,2732645.0
59822,1270499.0
59823,9652350.0
59824,1904842.0
59825,1999097.0
59826,3410878.0
59827,4015749.0
59828,4219263.0
59829,4316715.0
59830,2021934.0
59831,4554237.0
59832,4066618.0
59833,1904842.0
59834,1734634.0
59835,3248660.0
59836,1270499.0
59837,2025297.0
59838,3778621.0
59839,1270499.0
59840,2097022.0
59841,7217634.0
59842,2058644.0
59843,5787594.0
59844,1847826.0
59845,5461700.0
59846,3347767.0
59847,4136425.0
59848,3982767.0
59849,3753720.0
59850,2055379.0
59851,2344689.0
59852,2018785.0
59853,2344689.0
59854,2021934.0
59855,1756069.0
59856,4015749.0
59857,4316715.0
59858,1847826.0
59859,2364478.0
59860,3780019.0
59861,4015749.0
59862,2156098.0
59863,2390534.0
59864,3753720.0
59865,6412623.0
59866,1904842.0
59867,4705945.0
59868,3745135.0
59869,2551252.0
59870,3745135.0
59871,5500818.0
59872,9652350.0
59873,1756069.0
59874,2097022.0
59875,2021934.0
59876,1882131.0
59877,2544857.0
59878,1619683.0
59879,2675511.0
59880,2267425.0
59881,1882131.0
59882,3351383.0
59883,4467728.0
59884,1847826.0
59885,8904084.0
59886,3818055.0
59887,2058644.0
59888,3745135.0
59889,2021934.0
59890,5787594.0
59891,5461700.0
59892,2732645.0
59893,8213524.0
59894,1149870.0
59895,1756069.0
59896,1756069.0
59897,2525375.0
59898,2371202.0
59899,6782425.0
59900,1149870.0
59901,3004429.0
59902,7592272.0
59903,6412623.0
59904,4015749.0
59905,1734634.0
59906,3780019.0
59907,4350573.0
59908,3836721.0
59909,5525735.0
59910,3939804.0
59911,4705945.0
59912,2390534.0
59913,8213524.0
59914,3028267.0
59915,5500818.0
59916,5595267.0
59917,2344689.0
59918,1847826.0
59919,1999097.0
59920,3600467.0
59921,2993069.0
59922,8213524.0
59923,5525735.0
59924,2390534.0
59925,2993069.0
59926,3273041.0
59927,5435276.0
59928,4705945.0
59929,3347767.0
59930,4888774.0
59931,3727364.0
59932,3028267.0
59933,3745135.0
59934,5435276.0
59935,1619683.0
59936,5337526.0
59937,4250553.0
59938,2267425.0
59939,3982767.0
59940,2344689.0
59941,5500818.0
59942,1999097.0
59943,2058644.0
59944,1999097.0
59945,2097022.0
59946,7592272.0
59947,3347767.0
59948,3982767.0
59949,3956086.0
59950,5017319.0
59951,2055379.0
59952,3008199.0
59953,7592272.0
59954,2792031.0
59955,1270499.0
59956,5653753.0
59957,4250758.0
59958,4219263.0
59959,2021934.0
59960,4491607.0
59961,3752885.0
59962,5906596.0
59963,7217634.0
59964,3376145.0
59965,6313221.0
59966,2097022.0
59967,4705945.0
59968,3727364.0
59969,1847826.0
59970,3939804.0
59971,3982767.0
59972,3347767.0
59973,2344689.0
59974,4491607.0
59975,3347767.0
59976,2344689.0
59977,3351383.0
59978,4067566.0
59979,2021934.0
59980,1149870.0
59981,3600467.0
59982,2344689.0
59983,4705945.0
59984,2018785.0
59985,1999097.0
59986,2525375.0
59987,4219263.0
59988,3600467.0
59989,2021934.0
59990,3745135.0
59991,5787594.0
59992,2544857.0
59993,3347767.0
59994,6313221.0
59995,1270499.0
59996,6313221.0
59997,4491607.0
59998,3570392.0
59999,2021934.0
60000,3780019.0
60001,3600467.0
60002,1847826.0
60003,2675511.0
60004,8213524.0
60005,6941173.0
60006,3347767.0
60007,4590423.0
60008,4705945.0
60009,3351383.0
60010,1270499.0
60011,3956086.0
60012,4888774.0
60013,7495092.0
60014,7495092.0
60015,5286212.0
60016,3376145.0
60017,4015749.0
60018,3445076.0
60019,3982767.0
60020,5595267.0
60021,4807746.0
60022,1763231.0
60023,1270499.0
60024,3248660.0
60025,1882131.0
60026,2055379.0
60027,2675511.0
60028,3447890.0
60029,3752885.0
60030,2954086.0
60031,2738052.0
60032,1882131.0
60033,1999097.0
60034,2025297.0
60035,8213524.0
60036,1149870.0
60037,2732645.0
60038,3410878.0
60039,2055379.0
60040,7201784.0
60041,6313221.0
60042,3410878.0
60043,1270499.0
60044,3351383.0
60045,2267425.0
60046,2371202.0
60047,3600467.0
60048,2675511.0
60049,3376145.0
60050,1882131.0
60051,6313221.0
60052,1270499.0
60053,4491607.0
60054,4219263.0
60055,3004429.0
60056,4052733.0
60057,6923131.0
60058,4219263.0
60059,7495092.0
60060,1756069.0
60061,6941173.0
60062,2097022.0
60063,3903884.0
60064,3351383.0
60065,6363241.0
60066,2525375.0
60067,2058644.0
60068,6923131.0
60069,2018785.0
60070,2344689.0
60071,3778621.0
60072,3982767.0
60073,2390534.0
60074,3351383.0
60075,2018785.0
60076,2058644.0
60077,2675511.0
60078,3376145.0
60079,1149870.0
60080,1149870.0
60081,3982767.0
60082,3258837.0
60083,3600467.0
60084,6836483.0
60085,4491607.0
60086,6313221.0
60087,2344689.0
60088,3778621.0
60089,3745135.0
60090,5166635.0
60091,4015749.0
60092,1999097.0
60093,2018785.0
60094,3956086.0
60095,2390534.0
60096,3745135.0
60097,3410878.0
60098,4705945.0
60099,6313221.0
60100,5166635.0
60101,8904084.0
60102,7592272.0
60103,1756069.0
60104,1999097.0
60105,1270499.0
60106,2021934.0
60107,4219263.0
60108,3347767.0
60109,2021934.0
60110,3939804.0
60111,3836721.0
60112,1619683.0
60113,3426169.0
60114,3410878.0
60115,4952255.0
60116,4467728.0
60117,2058644.0
60118,4015749.0
60119,2021934.0
60120,6941173.0
60121,2021934.0
60122,1904842.0
60123,2018785.0
60124,3218918.0
60125,1270499.0
60126,3447890.0
60127,4888774.0
60128,3410878.0
60129,6313221.0
60130,2390534.0
60131,1756069.0
60132,3600467.0
60133,1619683.0
60134,2083447.0
60135,2021934.0
60136,3410878.0
60137,2267425.0
60138,4952255.0
60139,4264176.0
60140,2058644.0
60141,1149870.0
60142,4250553.0
60143,6313221.0
60144,2055379.0
60145,3410878.0
60146,6313221.0
60147,2021934.0
60148,4250553.0
60149,1904842.0
60150,3780019.0
60151,1734634.0
60152,2097022.0
60153,4316715.0
60154,2025297.0
60155,2058644.0
60156,7217634.0
60157,1270499.0
60158,2018785.0
60159,1734634.0
60160,3376145.0
60161,3218918.0
60162,3447890.0
60163,6923131.0
60164,5787594.0
60165,4155435.0
60166,2021934.0
60167,3600467.0
60168,1149870.0
60169,1756069.0
60170,2156098.0
60171,3982767.0
60172,2021934.0
60173,1999097.0
60174,3745135.0
60175,4286645.0
60176,2025297.0
60177,5166635.0
60178,3982767.0
60179,2525375.0
60180,4780607.0
60181,3248660.0
60182,3982767.0
60183,6923131.0
60184,1882131.0
60185,3939804.0
60186,4807746.0
60187,1904842.0
60188,2344689.0
60189,1270499.0
60190,5906596.0
60191,6363241.0
60192,2344689.0
60193,3028267.0
60194,3939804.0
60195,3410878.0
60196,3956086.0
60197,4100886.0
60198,3818055.0
60199,4067566.0
60200,5595267.0
60201,2021934.0
60202,2021934.0
60203,1756069.0
60204,2018785.0
60205,1847826.0
60206,6694797.0
60207,3939804.0
60208,2999068.0
60209,5435276.0
60210,7495092.0
60211,1619683.0
60212,1270499.0
60213,6941173.0
60214,1756069.0
60215,2344689.0
60216,2732645.0
60217,3939804.0
60218,2544857.0
60219,4350573.0
60220,5461700.0
60221,2390534.0
60222,4350573.0
60223,3004429.0
60224,2021934.0
60225,2058644.0
60226,6923131.0
60227,4952255.0
60228,6313221.0
60229,3778621.0
60230,2738052.0
60231,3261924.0
60232,4705945.0
60233,3410878.0
60234,3004429.0
60235,3347767.0
60236,4067566.0
60237,5595267.0
60238,3956086.0
60239,3982767.0
60240,2344689.0
60241,3836721.0
60242,4286645.0
60243,4264176.0
60244,6694797.0
60245,6412623.0
60246,4015749.0
60247,3807496.0
60248,3347767.0
60249,2018785.0
60250,6412623.0
60251,4491607.0
60252,6782425.0
60253,3807496.0
60254,3426169.0
60255,6782425.0
60256,1847826.0
60257,2525375.0
60258,3778621.0
60259,3410878.0
60260,3727364.0
60261,1734634.0
60262,3199619.0
60263,3727364.0
60264,3426169.0
60265,2021934.0
60266,6363241.0
60267,3939804.0
60268,4491607.0
60269,1882131.0
60270,3410878.0
60271,3956086.0
60272,2544857.0
60273,3426169.0
60274,2055379.0
60275,1882131.0
60276,3199619.0
60277,2021934.0
60278,2097022.0
60279,1847826.0
60280,3600467.0
60281,4888774.0
60282,4250758.0
60283,2738052.0
60284,2544857.0
60285,1149870.0
60286,4590423.0
60287,3004429.0
60288,1734634.0
60289,3008199.0
60290,3447890.0
60291,2097022.0
60292,3745135.0
60293,1756069.0
60294,2738052.0
60295,2083447.0
60296,3982767.0
60297,2732645.0
60298,3248660.0
60299,4807746.0
60300,1149870.0
60301,2021934.0
60302,4250553.0
60303,3164972.0
60304,4780607.0
60305,2021934.0
60306,3218918.0
60307,1756069.0
60308,1756069.0
60309,2792031.0
60310,2058644.0
60311,5595267.0
60312,1882131.0
60313,3956086.0
60314,5595267.0
60315,4705945.0
60316,2021934.0
60317,4705945.0
60318,4052733.0
60319,2083447.0
60320,4952255.0
60321,2344689.0
60322,2792031.0
60323,2021934.0
60324,1619683.0
60325,2267425.0
60326,4250758.0
60327,3807496.0
60328,3347767.0
60329,1619683.0
60330,6313221.0
60331,2371202.0
60332,2954086.0
60333,2156098.0
60334,1756069.0
60335,7201784.0
60336,2021934.0
60337,1999097.0
60338,6412623.0
60339,4263629.0
60340,3447890.0
60341,4067566.0
60342,2371202.0
60343,1882131.0
60344,6313221.0
60345,3745135.0
60346,4015749.0
60347,1999097.0
60348,3199619.0
60349,8630682.0
60350,3982767.0
60351,5500818.0
60352,3903884.0
60353,2018785.0
60354,3780019.0
60355,2390534.0
60356,2344689.0
60357,3347767.0
60358,1756069.0
60359,1999097.0
60360,6836483.0
60361,2551252.0
60362,4350573.0
60363,7201784.0
60364,1847826.0
60365,2993069.0
60366,4250553.0
60367,5017319.0
60368,3752885.0
60369,2390534.0
60370,3376145.0
60371,1149870.0
60372,3351383.0
60373,3778621.0
60374,2058644.0
60375,2021934.0
60376,4066618.0
60377,2267425.0
60378,3028267.0
60379,1270499.0
60380,4952255.0
60381,2344689.0
60382,5595267.0
60383,5595267.0
60384,6412623.0
60385,2544857.0
60386,3570392.0
60387,3351383.0
60388,6412623.0
60389,3939804.0
60390,7592272.0
60391,2344689.0
60392,4952255.0
60393,4952255.0
60394,2156098.0
60395,3982767.0
60396,2344689.0
60397,3600467.0
60398,4067566.0
60399,5525735.0
60400,1619683.0
60401,4052733.0
60402,5906596.0
60403,4067566.0
60404,1756069.0
60405,2018785.0
60406,8213524.0
60407,2058644.0
60408,6836483.0
60409,3982767.0
60410,3376145.0
60411,4491607.0
60412,3745135.0
60413,1999097.0
60414,3982767.0
60415,3982767.0
60416,3347767.0
60417,3376145.0
60418,4554237.0
60419,4052733.0
60420,2390534.0
60421,4250758.0
60422,4554237.0
60423,1999097.0
60424,2732645.0
60425,2525375.0
60426,6313221.0
60427,2018785.0
60428,3778621.0
60429,2267425.0
60430,3445076.0
60431,1847826.0
60432,1763231.0
60433,1999097.0
60434,2544857.0
60435,1904842.0
60436,3745135.0
60437,3752885.0
60438,4066618.0
60439,3410878.0
60440,3780019.0
60441,3376145.0
60442,4882985.0
60443,4491607.0
60444,4554237.0
60445,2544857.0
60446,3956086.0
60447,6363241.0
60448,1999097.0
60449,8213524.0
60450,3410878.0
60451,1999097.0
60452,2021934.0
60453,1270499.0
60454,1619683.0
60455,2675511.0
60456,3600467.0
60457,3982767.0
60458,5435276.0
60459,5435276.0
60460,2267425.0
60461,4100886.0
60462,2083447.0
60463,3727364.0
60464,3445076.0
60465,2371202.0
60466,1882131.0
60467,1763231.0
60468,1149870.0
60469,5595267.0
60470,2021934.0
60471,1999097.0
60472,7495092.0
60473,4136425.0
60474,7592272.0
60475,1270499.0
60476,1734634.0
60477,1619683.0
60478,1756069.0
60479,3836721.0
60480,3982767.0
60481,2267425.0
60482,2018785.0
60483,1847826.0
60484,3376145.0
60485,2732645.0
60486,3410878.0
60487,2021934.0
60488,3376145.0
60489,3351383.0
60490,2675511.0
60491,5595267.0
60492,6313221.0
60493,3939804.0
60494,2021934.0
60495,1882131.0
60496,1756069.0
60497,2371202.0
60498,5166635.0
60499,2344689.0
60500,1847826.0
60501,6694797.0
60502,2021934.0
60503,4067566.0
60504,3426169.0
60505,4100886.0
60506,4015749.0
60507,9262754.0
60508,2525375.0
60509,3410878.0
60510,2058644.0
60511,8213524.0
60512,2097022.0
60513,4067566.0
60514,2364478.0
60515,2732645.0
60516,3199619.0
60517,1756069.0
60518,3004429.0
60519,4888774.0
60520,4264176.0
60521,4952255.0
60522,2344689.0
60523,3727364.0
60524,2525375.0
60525,3445076.0
60526,3410878.0
60527,3956086.0
60528,1756069.0
60529,6412623.0
60530,1270499.0
60531,2344689.0
60532,4052733.0
60533,3004429.0
60534,2058644.0
60535,7592272.0
60536,2551252.0
60537,4250758.0
60538,4491607.0
60539,2383840.0
60540,3410878.0
60541,1619683.0
60542,2021934.0
60543,4467728.0
60544,3445076.0
60545,4052733.0
60546,1149870.0
60547,3778621.0
60548,8213524.0
60549,1904842.0
60550,4554237.0
60551,3745135.0
60552,2018785.0
60553,2993069.0
60554,1904842.0
60555,3410878.0
60556,5286212.0
60557,2738052.0
60558,3727364.0
60559,3347767.0
60560,1270499.0
60561,3004429.0
60562,3956086.0
60563,3780019.0
60564,4807746.0
60565,2792031.0
60566,2018785.0
60567,1619683.0
60568,3004429.0
60569,1756069.0
60570,4952255.0
60571,2021934.0
60572,3778621.0
60573,2371202.0
60574,5017319.0
60575,2344689.0
60576,5595267.0
60577,2344689.0
60578,3248660.0
60579,2021934.0
60580,3004429.0
60581,2732645.0
60582,2055379.0
60583,1904842.0
60584,7592272.0
60585,2058644.0
60586,1270499.0
60587,4882985.0
60588,4554237.0
60589,2732645.0
60590,4250553.0
60591,3600467.0
60592,3956086.0
60593,4066618.0
60594,4052733.0
60595,1999097.0
60596,2390534.0
60597,4015749.0
60598,7201784.0
60599,4491607.0
60600,4429512.0
60601,5500818.0
60602,2344689.0
60603,6363241.0
60604,3778621.0
60605,3351383.0
60606,2993069.0
60607,2954086.0
60608,2097022.0
60609,4467728.0
60610,1756069.0
60611,5461700.0
60612,5435276.0
60613,1270499.0
60614,2525375.0
60615,3447890.0
60616,5787594.0
60617,2058644.0
60618,1619683.0
60619,3780019.0
60620,3982767.0
60621,3248660.0
60622,4250553.0
60623,1149870.0
60624,4491607.0
60625,2021934.0
60626,4429512.0
60627,3004429.0
60628,1270499.0
60629,2738052.0
60630,1999097.0
60631,8213524.0
60632,2525375.0
60633,3410878.0
60634,4952255.0
60635,3028267.0
60636,6412623.0
60637,9652350.0
60638,1619683.0
60639,1149870.0
60640,2025297.0
60641,3410878.0
60642,1882131.0
60643,1999097.0
60644,3745135.0
60645,1270499.0
60646,1619683.0
60647,2156098.0
60648,3199619.0
60649,4429512.0
60650,3745135.0
60651,2383840.0
60652,6941173.0
60653,2058644.0
60654,1149870.0
60655,1270499.0
60656,6412623.0
60657,2018785.0
60658,4219263.0
60659,2732645.0
60660,3939804.0
60661,6782425.0
60662,4888774.0
60663,2344689.0
60664,6694797.0
60665,3410878.0
60666,3218918.0
60667,2732645.0
60668,1756069.0
60669,4067566.0
60670,2021934.0
60671,5653753.0
60672,3752885.0
60673,4052733.0
60674,4263629.0
60675,8213524.0
60676,5337526.0
60677,3836721.0
60678,3939804.0
60679,3351383.0
60680,7217634.0
60681,3273041.0
60682,3752885.0
60683,2055379.0
60684,3727364.0
60685,4263629.0
60686,6412623.0
60687,2021934.0
60688,3426169.0
60689,1904842.0
60690,6941173.0
60691,4882985.0
60692,2954086.0
60693,3004429.0
60694,5787594.0
60695,3410878.0
60696,2021934.0
60697,6923131.0
60698,2267425.0
60699,7495092.0
60700,3600467.0
60701,3410878.0
60702,4316715.0
60703,3410878.0
60704,3780019.0
60705,1619683.0
60706,3600467.0
60707,1734634.0
60708,3347767.0
60709,2344689.0
60710,5595267.0
60711,1847826.0
60712,4219263.0
60713,2267425.0
60714,3410878.0
60715,4067566.0
60716,7201784.0
60717,4219263.0
60718,6923131.0
60719,4705945.0
60720,3028267.0
60721,3410878.0
60722,2058644.0
60723,5595267.0
60724,1756069.0
60725,2544857.0
60726,1847826.0
60727,3836721.0
60728,2344689.0
60729,6941173.0
60730,6313221.0
60731,2551252.0
60732,8894598.0
60733,2544857.0
60734,2058644.0
60735,2058644.0
60736,4264176.0
60737,1149870.0
60738,2055379.0
60739,2732645.0
60740,2371202.0
60741,3447890.0
60742,3004429.0
60743,2675511.0
60744,3351383.0
60745,4316715.0
60746,7201784.0
60747,4264176.0
60748,3004429.0
60749,5435276.0
60750,1756069.0
60751,3347767.0
60752,4052733.0
60753,8630682.0
60754,5444227.0
60755,3939804.0
60756,8904084.0
60757,2021934.0
60758,4705945.0
60759,1756069.0
60760,1882131.0
60761,4316715.0
60762,3351383.0
60763,7592272.0
60764,7592272.0
60765,2344689.0
60766,7495092.0
60767,1999097.0
60768,3347767.0
60769,2058644.0
60770,2544857.0
60771,2390534.0
60772,5500818.0
60773,4467728.0
60774,1999097.0
60775,2021934.0
60776,3780019.0
60777,3778621.0
60778,1904842.0
60779,6412623.0
60780,3426169.0
60781,2083447.0
60782,7592272.0
60783,4052733.0
60784,2156098.0
60785,5787594.0
60786,3600467.0
60787,3447890.0
60788,8213524.0
60789,4705945.0
60790,3351383.0
60791,2097022.0
60792,2732645.0
60793,3347767.0
60794,1999097.0
60795,6941173.0
60796,6694797.0
60797,1149870.0
60798,2344689.0
60799,3426169.0
60800,4491607.0
60801,1999097.0
60802,3600467.0
60803,3218918.0
60804,3745135.0
60805,3410878.0
60806,6694797.0
60807,1734634.0
60808,3261924.0
60809,3347767.0
60810,2383840.0
60811,2792031.0
60812,4286645.0
60813,2097022.0
60814,2954086.0
60815,6313221.0
60816,2097022.0
60817,3258837.0
60818,4491607.0
60819,2344689.0
60820,4100886.0
60821,2993069.0
60822,3745135.0
60823,1882131.0
60824,1619683.0
60825,3784230.0
60826,2058644.0
60827,1734634.0
60828,2097022.0
60829,3956086.0
60830,3028267.0
60831,2390534.0
60832,1882131.0
60833,5337526.0
60834,2344689.0
60835,4651866.0
60836,2055379.0
60837,2544857.0
60838,1619683.0
60839,1756069.0
60840,2267425.0
60841,3347767.0
60842,3218918.0
60843,5595267.0
60844,2732645.0
60845,6313221.0
60846,3028267.0
60847,1734634.0
60848,4100886.0
60849,4316715.0
60850,6836483.0
60851,3004429.0
60852,2344689.0
60853,2390534.0
60854,1999097.0
60855,4155435.0
60856,1619683.0
60857,5017319.0
60858,6363241.0
60859,5435276.0
60860,2999068.0
60861,3261924.0
60862,3004429.0
60863,3810007.0
60864,2055379.0
60865,5787594.0
60866,1756069.0
60867,2097022.0
60868,3903884.0
60869,3752885.0
60870,2344689.0
60871,3956086.0
60872,2525375.0
60873,3008199.0
60874,3982767.0
60875,4350573.0
60876,3004429.0
60877,4316715.0
60878,2344689.0
60879,4651866.0
60880,2344689.0
60881,4066618.0
60882,4155435.0
60883,3347767.0
60884,3410878.0
60885,1763231.0
60886,3939804.0
60887,8213524.0
60888,1734634.0
60889,5595267.0
60890,3727364.0
60891,2097022.0
60892,4263629.0
60893,2344689.0
60894,2738052.0
60895,3447890.0
60896,4263629.0
60897,2021934.0
60898,2025297.0
60899,5337526.0
60900,3410878.0
60901,2267425.0
60902,2156098.0
60903,2732645.0
60904,3447890.0
60905,1270499.0
60906,7865428.0
60907,2018785.0
60908,6923131.0
60909,3982767.0
60910,2156098.0
60911,3028267.0
60912,1270499.0
60913,1756069.0
60914,2021934.0
60915,3982767.0
60916,3745135.0
60917,3600467.0
60918,1763231.0
60919,3780019.0
60920,4554237.0
60921,1999097.0
60922,3745135.0
60923,6836483.0
60924,2390534.0
60925,2021934.0
60926,2954086.0
60927,3727364.0
60928,6313221.0
60929,5435276.0
60930,1270499.0
60931,3261924.0
60932,5595267.0
60933,4015749.0
60934,2675511.0
60935,1734634.0
60936,3939804.0
60937,8213524.0
60938,3956086.0
60939,9652350.0
60940,1270499.0
60941,4015749.0
60942,2097022.0
60943,3956086.0
60944,2344689.0
60945,2675511.0
60946,5595267.0
60947,4429512.0
60948,2525375.0
60949,3939804.0
60950,2792031.0
60951,4491607.0
60952,2058644.0
60953,3351383.0
60954,4952255.0
60955,4590423.0
60956,2097022.0
60957,3745135.0
60958,7592272.0
60959,1882131.0
60960,4052733.0
60961,3248660.0
60962,3199619.0
60963,2738052.0
60964,4350573.0
60965,7592272.0
60966,3004429.0
60967,9262754.0
60968,2344689.0
60969,2021934.0
60970,2025297.0
60971,3426169.0
60972,3410878.0
60973,3445076.0
60974,4067566.0
60975,3258837.0
60976,3347767.0
60977,8894598.0
60978,2055379.0
60979,1619683.0
60980,5525735.0
60981,7592272.0
60982,2525375.0
60983,3600467.0
60984,4491607.0
60985,2156098.0
60986,8630682.0
60987,3351383.0
60988,1734634.0
60989,3426169.0
60990,1904842.0
60991,3426169.0
60992,4052733.0
60993,2390534.0
60994,4952255.0
60995,5161370.0
60996,3836721.0
60997,1999097.0
60998,1756069.0
60999,4264176.0
61000,3745135.0
61001,4100886.0
61002,4554237.0
61003,3347767.0
61004,5444227.0
61005,1270499.0
61006,4015749.0
61007,3780019.0
61008,3426169.0
61009,3600467.0
61010,3745135.0
61011,1734634.0
61012,3351383.0
61013,1270499.0
61014,3004429.0
61015,2999068.0
61016,2018785.0
61017,3447890.0
61018,3351383.0
61019,5595267.0
61020,3347767.0
61021,3836721.0
61022,4491607.0
61023,2021934.0
61024,4316715.0
61025,2993069.0
61026,6363241.0
61027,1882131.0
61028,1999097.0
61029,2390534.0
61030,2390534.0
61031,3028267.0
61032,4250553.0
61033,6412623.0
61034,8213524.0
61035,2097022.0
61036,4350573.0
61037,2344689.0
61038,3784230.0
61039,6412623.0
61040,4491607.0
61041,4250553.0
61042,4780607.0
61043,3807496.0
61044,3347767.0
61045,2344689.0
61046,1619683.0
61047,2058644.0
61048,2018785.0
61049,1904842.0
61050,5017319.0
61051,2792031.0
61052,5461700.0
61053,3982767.0
61054,1756069.0
61055,2344689.0
61056,2544857.0
61057,3982767.0
61058,2738052.0
61059,3780019.0
61060,2083447.0
61061,4067566.0
61062,6941173.0
61063,2018785.0
61064,2675511.0
61065,2058644.0
61066,1847826.0
61067,5595267.0
61068,2954086.0
61069,6836483.0
61070,3248660.0
61071,4250553.0
61072,3778621.0
61073,3004429.0
61074,3351383.0
61075,3410878.0
61076,3447890.0
61077,7592272.0
61078,2738052.0
61079,3784230.0
61080,1756069.0
61081,1619683.0
61082,1847826.0
61083,4263629.0
61084,3447890.0
61085,3410878.0
61086,7217634.0
61087,4350573.0
61088,3199619.0
61089,2344689.0
61090,2097022.0
61091,4590423.0
61092,4066618.0
61093,1763231.0
61094,2018785.0
61095,1149870.0
61096,2993069.0
61097,8213524.0
61098,1999097.0
61099,1763231.0
61100,4780607.0
61101,2792031.0
61102,1999097.0
61103,2371202.0
61104,6694797.0
61105,1270499.0
61106,1904842.0
61107,1619683.0
61108,3410878.0
61109,2055379.0
61110,3347767.0
61111,3347767.0
61112,3778621.0
61113,3727364.0
61114,6313221.0
61115,4807746.0
61116,3347767.0
61117,3426169.0
61118,4286645.0
61119,2058644.0
61120,4888774.0
61121,3218918.0
61122,4554237.0
61123,2675511.0
61124,4491607.0
61125,2018785.0
61126,5461700.0
61127,2544857.0
61128,3939804.0
61129,2993069.0
61130,9262754.0
61131,1756069.0
61132,7865428.0
61133,4491607.0
61134,1999097.0
61135,4219263.0
61136,3347767.0
61137,5525735.0
61138,2544857.0
61139,3347767.0
61140,3347767.0
61141,2344689.0
61142,1149870.0
61143,3410878.0
61144,2021934.0
61145,3447890.0
61146,2018785.0
61147,3818055.0
61148,2058644.0
61149,3351383.0
61150,6941173.0
61151,1999097.0
61152,2025297.0
61153,3004429.0
61154,2390534.0
61155,1270499.0
61156,4467728.0
61157,3410878.0
61158,1756069.0
61159,4264176.0
61160,1734634.0
61161,7217634.0
61162,3410878.0
61163,4952255.0
61164,5525735.0
61165,7592272.0
61166,7865428.0
61167,2344689.0
61168,2058644.0
61169,3903884.0
61170,1619683.0
61171,3426169.0
61172,2371202.0
61173,2732645.0
61174,8213524.0
61175,2055379.0
61176,3347767.0
61177,3347767.0
61178,7592272.0
61179,3745135.0
61180,2055379.0
61181,6694797.0
61182,3982767.0
61183,2344689.0
61184,5595267.0
61185,3982767.0
61186,1882131.0
61187,2544857.0
61188,4491607.0
61189,3347767.0
61190,5595267.0
61191,3982767.0
61192,4250758.0
61193,2018785.0
61194,3727364.0
61195,3410878.0
61196,4554237.0
61197,3351383.0
61198,1763231.0
61199,1619683.0
61200,6694797.0
61201,2390534.0
61202,3258837.0
61203,3351383.0
61204,2344689.0
61205,3248660.0
61206,2021934.0
61207,2544857.0
61208,3410878.0
61209,6313221.0
61210,3347767.0
61211,1270499.0
61212,3004429.0
61213,2390534.0
61214,3351383.0
61215,3778621.0
61216,1999097.0
61217,3028267.0
61218,3982767.0
61219,1149870.0
61220,2018785.0
61221,3426169.0
61222,3600467.0
61223,1904842.0
61224,2675511.0
61225,3752885.0
61226,3351383.0
61227,3351383.0
61228,1619683.0
61229,5595267.0
61230,1999097.0
61231,2097022.0
61232,3351383.0
61233,1847826.0
61234,2993069.0
61235,2058644.0
61236,5017319.0
61237,2058644.0
61238,7592272.0
61239,3426169.0
61240,3028267.0
61241,2097022.0
61242,4888774.0
61243,3351383.0
61244,2097022.0
61245,3600467.0
61246,3410878.0
61247,2021934.0
61248,3410878.0
61249,1756069.0
61250,4015749.0
61251,2993069.0
61252,2055379.0
61253,3752885.0
61254,5461700.0
61255,5435276.0
61256,3351383.0
61257,6412623.0
61258,3004429.0
61259,2267425.0
61260,2021934.0
61261,1756069.0
61262,2390534.0
61263,2551252.0
61264,3778621.0
61265,3347767.0
61266,3199619.0
61267,3745135.0
61268,4429512.0
61269,1619683.0
61270,4066618.0
61271,1270499.0
61272,2390534.0
61273,4100886.0
61274,1882131.0
61275,2344689.0
61276,3347767.0
61277,3982767.0
61278,4250553.0
61279,4350573.0
61280,1847826.0
61281,1882131.0
61282,3810007.0
61283,2371202.0
61284,2097022.0
61285,1619683.0
61286,2055379.0
61287,1149870.0
61288,4052733.0
61289,2083447.0
61290,3447890.0
61291,3004429.0
61292,3004429.0
61293,1270499.0
61294,6412623.0
61295,3727364.0
61296,2018785.0
61297,2390534.0
61298,5500818.0
61299,3004429.0
61300,2390534.0
61301,9262754.0
61302,3745135.0
61303,5595267.0
61304,4250553.0
61305,3600467.0
61306,5595267.0
61307,1619683.0
61308,1270499.0
61309,2383840.0
61310,3410878.0
61311,4250553.0
61312,3199619.0
61313,5595267.0
61314,5525735.0
61315,1270499.0
61316,3199619.0
61317,3778621.0
61318,2732645.0
61319,6313221.0
61320,6363241.0
61321,3939804.0
61322,8213524.0
61323,3600467.0
61324,2344689.0
61325,4250553.0
61326,2390534.0
61327,2097022.0
61328,2018785.0
61329,8213524.0
61330,4807746.0
61331,2344689.0
61332,6923131.0
61333,2993069.0
61334,3727364.0
61335,6836483.0
61336,1999097.0
61337,2544857.0
61338,3410878.0
61339,7201784.0
61340,9262754.0
61341,3903884.0
61342,1619683.0
61343,1882131.0
61344,4264176.0
61345,6836483.0
61346,4705945.0
61347,3447890.0
61348,4263629.0
61349,3982767.0
61350,5444227.0
61351,6941173.0
61352,4491607.0
61353,1270499.0
61354,3347767.0
61355,1763231.0
61356,3600467.0
61357,1904842.0
61358,6836483.0
61359,4952255.0
61360,5337526.0
61361,8213524.0
61362,4015749.0
61363,1756069.0
61364,3426169.0
61365,3778621.0
61366,2058644.0
61367,6313221.0
61368,5595267.0
61369,7217634.0
61370,2055379.0
61371,4052733.0
61372,4467728.0
61373,3028267.0
61374,1756069.0
61375,8213524.0
61376,3745135.0
61377,4491607.0
61378,4705945.0
61379,2058644.0
61380,4100886.0
61381,2364478.0
61382,3273041.0
61383,2018785.0
61384,1149870.0
61385,5435276.0
61386,2025297.0
61387,2525375.0
61388,1882131.0
61389,3956086.0
61390,3004429.0
61391,3028267.0
61392,5595267.0
61393,3982767.0
61394,2675511.0
61395,2954086.0
61396,1734634.0
61397,6836483.0
61398,1847826.0
61399,3410878.0
61400,3376145.0
61401,4052733.0
61402,4467728.0
61403,3347767.0
61404,1847826.0
61405,2021934.0
61406,3982767.0
61407,1904842.0
61408,3426169.0
61409,3410878.0
61410,5595267.0
61411,1904842.0
61412,6363241.0
61413,2525375.0
61414,5906596.0
61415,3273041.0
61416,4350573.0
61417,3982767.0
61418,2390534.0
61419,2732645.0
61420,3410878.0
61421,4100886.0
61422,5595267.0
61423,3982767.0
61424,1270499.0
61425,1270499.0
61426,4219263.0
61427,3351383.0
61428,3351383.0
61429,3778621.0
61430,4952255.0
61431,5595267.0
61432,3004429.0
61433,3956086.0
61434,1270499.0
61435,3752885.0
61436,4807746.0
61437,1763231.0
61438,2344689.0
61439,4467728.0
61440,2344689.0
61441,1882131.0
61442,3258837.0
61443,4067566.0
61444,1270499.0
61445,2021934.0
61446,1734634.0
61447,2364478.0
61448,2551252.0
61449,6923131.0
61450,3778621.0
61451,4100886.0
61452,2551252.0
61453,1756069.0
61454,2732645.0
61455,1619683.0
61456,1270499.0
61457,2021934.0
61458,1882131.0
61459,1619683.0
61460,6313221.0
61461,3903884.0
61462,3258837.0
61463,2025297.0
61464,1149870.0
61465,4100886.0
61466,3727364.0
61467,5525735.0
61468,7217634.0
61469,3258837.0
61470,3447890.0
61471,2344689.0
61472,8213524.0
61473,1763231.0
61474,2025297.0
61475,3982767.0
61476,2018785.0
61477,3836721.0
61478,2738052.0
61479,2993069.0
61480,3004429.0
61481,7592272.0
61482,2738052.0
61483,4882985.0
61484,1619683.0
61485,3248660.0
61486,3004429.0
61487,2792031.0
61488,2018785.0
61489,2390534.0
61490,2544857.0
61491,3199619.0
61492,2954086.0
61493,3410878.0
61494,2993069.0
61495,2993069.0
61496,1149870.0
61497,2993069.0
61498,6694797.0
61499,2738052.0
61500,3164972.0
61501,3273041.0
61502,6923131.0
61503,7495092.0
61504,1999097.0
61505,5595267.0
61506,3447890.0
61507,5161370.0
61508,2993069.0
61509,3004429.0
61510,6923131.0
61511,1756069.0
61512,3982767.0
61513,6836483.0
61514,2058644.0
61515,4100886.0
61516,7495092.0
61517,3351383.0
61518,4491607.0
61519,4705945.0
61520,2058644.0
61521,2267425.0
61522,2954086.0
61523,3956086.0
61524,4705945.0
61525,4467728.0
61526,3447890.0
61527,3258837.0
61528,4350573.0
61529,3028267.0
61530,5444227.0
61531,1882131.0
61532,3982767.0
61533,3028267.0
61534,4554237.0
61535,5435276.0
61536,6836483.0
61537,1847826.0
61538,2544857.0
61539,4264176.0
61540,4015749.0
61541,3426169.0
61542,3410878.0
61543,1756069.0
61544,3727364.0
61545,7592272.0
61546,2018785.0
61547,2021934.0
61548,2021934.0
61549,5435276.0
61550,3836721.0
61551,1763231.0
61552,8904084.0
61553,2018785.0
61554,2097022.0
61555,9262754.0
61556,2018785.0
61557,3727364.0
61558,1847826.0
61559,2156098.0
61560,4052733.0
61561,6412623.0
61562,1999097.0
61563,4590423.0
61564,3351383.0
61565,5525735.0
61566,2018785.0
61567,9262754.0
61568,7592272.0
61569,2021934.0
61570,4316715.0
61571,3028267.0
61572,2732645.0
61573,5595267.0
61574,2390534.0
61575,9262754.0
61576,3600467.0
61577,1882131.0
61578,4491607.0
61579,1734634.0
61580,1149870.0
61581,1999097.0
61582,3004429.0
61583,5500818.0
61584,3347767.0
61585,3939804.0
61586,3410878.0
61587,3347767.0
61588,4015749.0
61589,8213524.0
61590,3982767.0
61591,3956086.0
61592,1847826.0
61593,2738052.0
61594,4052733.0
61595,3426169.0
61596,1270499.0
61597,2544857.0
61598,1619683.0
61599,3273041.0
61600,4067566.0
61601,3445076.0
61602,2021934.0
61603,2390534.0
61604,3347767.0
61605,4952255.0
61606,6313221.0
61607,8213524.0
61608,6836483.0
61609,6313221.0
61610,4155435.0
61611,5595267.0
61612,3836721.0
61613,4067566.0
61614,5787594.0
61615,4952255.0
61616,5595267.0
61617,7495092.0
61618,2732645.0
61619,1904842.0
61620,3745135.0
61621,3745135.0
61622,8213524.0
61623,3004429.0
61624,1756069.0
61625,5787594.0
61626,2999068.0
61627,4952255.0
61628,7217634.0
61629,7592272.0
61630,3752885.0
61631,5966193.0
61632,2544857.0
61633,2993069.0
61634,2954086.0
61635,4250553.0
61636,4705945.0
61637,1763231.0
61638,3780019.0
61639,1619683.0
61640,7201784.0
61641,2344689.0
61642,2018785.0
61643,1619683.0
61644,3258837.0
61645,5525735.0
61646,2954086.0
61647,3028267.0
61648,3261924.0
61649,4467728.0
61650,4066618.0
61651,5595267.0
61652,1999097.0
61653,3004429.0
61654,1149870.0
61655,7865428.0
61656,3347767.0
61657,1270499.0
61658,1149870.0
61659,6782425.0
61660,2364478.0
61661,3028267.0
61662,5595267.0
61663,1999097.0
61664,1847826.0
61665,5787594.0
61666,2364478.0
61667,1734634.0
61668,2792031.0
61669,8213524.0
61670,1734634.0
61671,3939804.0
61672,5337526.0
61673,2390534.0
61674,1270499.0
61675,7592272.0
61676,5337526.0
61677,8213524.0
61678,2390534.0
61679,4807746.0
61680,2675511.0
61681,2021934.0
61682,6836483.0
61683,2390534.0
61684,6313221.0
61685,1904842.0
61686,2371202.0
61687,4263629.0
61688,3982767.0
61689,4491607.0
61690,4316715.0
61691,2018785.0
61692,5787594.0
61693,2993069.0
61694,1847826.0
61695,2525375.0
61696,3351383.0
61697,4015749.0
61698,2058644.0
61699,9652350.0
61700,1619683.0
61701,2732645.0
61702,6313221.0
61703,4250758.0
61704,4491607.0
61705,3273041.0
61706,1999097.0
61707,4590423.0
61708,3447890.0
61709,6412623.0
61710,4015749.0
61711,3600467.0
61712,2344689.0
61713,3351383.0
61714,8213524.0
61715,2344689.0
61716,2551252.0
61717,6412623.0
61718,2390534.0
61719,3982767.0
61720,6782425.0
61721,6313221.0
61722,1756069.0
61723,7201784.0
61724,6363241.0
61725,7201784.0
61726,4888774.0
61727,4316715.0
61728,4250758.0
61729,9262754.0
61730,1756069.0
61731,2344689.0
61732,4250553.0
61733,2344689.0
61734,5906596.0
61735,2344689.0
61736,3351383.0
61737,2993069.0
61738,1734634.0
61739,6313221.0
61740,3956086.0
61741,2097022.0
61742,5966193.0
61743,3258837.0
61744,6923131.0
61745,3351383.0
61746,2058644.0
61747,3426169.0
61748,7592272.0
61749,3028267.0
61750,3261924.0
61751,2058644.0
61752,5166635.0
61753,2738052.0
61754,7592272.0
61755,2097022.0
61756,6923131.0
61757,1999097.0
61758,5595267.0
61759,2993069.0
61760,1999097.0
61761,2525375.0
61762,5525735.0
61763,2738052.0
61764,2740687.0
61765,2371202.0
61766,2021934.0
61767,2018785.0
61768,3780019.0
61769,5525735.0
61770,4067566.0
61771,3939804.0
61772,5595267.0
61773,3447890.0
61774,1756069.0
61775,1999097.0
61776,4350573.0
61777,8904084.0
61778,2097022.0
61779,4350573.0
61780,3347767.0
61781,4052733.0
61782,5595267.0
61783,3261924.0
61784,4952255.0
61785,2993069.0
61786,6412623.0
61787,1999097.0
61788,3745135.0
61789,1999097.0
61790,2058644.0
61791,2390534.0
61792,1270499.0
61793,4807746.0
61794,2097022.0
61795,3248660.0
61796,2018785.0
61797,1882131.0
61798,1756069.0
61799,3004429.0
61800,2097022.0
61801,3745135.0
61802,3004429.0
61803,2732645.0
61804,2097022.0
61805,5461700.0
61806,3351383.0
61807,2740687.0
61808,7592272.0
61809,2390534.0
61810,3347767.0
61811,5286212.0
61812,3028267.0
61813,8904084.0
61814,3903884.0
61815,3903884.0
61816,5435276.0
61817,1999097.0
61818,3004429.0
61819,1999097.0
61820,1882131.0
61821,3410878.0
61822,2055379.0
61823,5166635.0
61824,3410878.0
61825,2021934.0
61826,3347767.0
61827,2525375.0
61828,6782425.0
61829,2792031.0
61830,6313221.0
61831,3028267.0
61832,6782425.0
61833,2021934.0
61834,1270499.0
61835,2058644.0
61836,3351383.0
61837,6923131.0
61838,1756069.0
61839,4100886.0
61840,3218918.0
61841,2954086.0
61842,2525375.0
61843,3727364.0
61844,1763231.0
61845,1882131.0
61846,4952255.0
61847,5017319.0
61848,3004429.0
61849,5595267.0
61850,2525375.0
61851,3727364.0
61852,4467728.0
61853,3004429.0
61854,2344689.0
61855,3376145.0
61856,5461700.0
61857,1904842.0
61858,4250553.0
61859,3351383.0
61860,2058644.0
61861,5595267.0
61862,3939804.0
61863,4952255.0
61864,7217634.0
61865,2525375.0
61866,1847826.0
61867,2267425.0
61868,5525735.0
61869,7865428.0
61870,2097022.0
61871,4705945.0
61872,2055379.0
61873,6363241.0
61874,2390534.0
61875,4705945.0
61876,5595267.0
61877,2732645.0
61878,4219263.0
61879,7865428.0
61880,4705945.0
61881,3004429.0
61882,4491607.0
61883,3982767.0
61884,1999097.0
61885,2390534.0
61886,4491607.0
61887,4491607.0
61888,1882131.0
61889,3939804.0
61890,6412623.0
61891,1999097.0
61892,3410878.0
61893,2525375.0
61894,2018785.0
61895,6313221.0
61896,1999097.0
61897,6412623.0
61898,4067566.0
61899,2551252.0
61900,1882131.0
61901,5906596.0
61902,3727364.0
61903,5166635.0
61904,5595267.0
61905,1619683.0
61906,2732645.0
61907,2018785.0
61908,1847826.0
61909,2097022.0
61910,7865428.0
61911,3982767.0
61912,3351383.0
61913,4219263.0
61914,2344689.0
61915,4952255.0
61916,2525375.0
61917,2058644.0
61918,6313221.0
61919,1270499.0
61920,3447890.0
61921,4250758.0
61922,2344689.0
61923,2675511.0
61924,1270499.0
61925,1270499.0
61926,4250553.0
61927,3248660.0
61928,3258837.0
61929,2021934.0
61930,5461700.0
61931,1904842.0
61932,5653753.0
61933,4952255.0
61934,2738052.0
61935,4780607.0
61936,1270499.0
61937,3600467.0
61938,1270499.0
61939,3600467.0
61940,3347767.0
61941,2018785.0
61942,1270499.0
61943,6313221.0
61944,2371202.0
61945,2156098.0
61946,2371202.0
61947,5525735.0
61948,2344689.0
61949,4052733.0
61950,2018785.0
61951,2344689.0
61952,9652350.0
61953,3351383.0
61954,6694797.0
61955,4250553.0
61956,1999097.0
61957,4052733.0
61958,3347767.0
61959,2021934.0
61960,1882131.0
61961,2055379.0
61962,3028267.0
61963,4780607.0
61964,2993069.0
61965,2021934.0
61966,3376145.0
61967,3258837.0
61968,5166635.0
61969,2097022.0
61970,2021934.0
61971,4705945.0
61972,2058644.0
61973,3600467.0
61974,2551252.0
61975,1999097.0
61976,6941173.0
61977,5595267.0
61978,4350573.0
61979,1904842.0
61980,2344689.0
61981,5017319.0
61982,4015749.0
61983,2792031.0
61984,3376145.0
61985,4316715.0
61986,3004429.0
61987,1149870.0
61988,2954086.0
61989,5653753.0
61990,3780019.0
61991,2055379.0
61992,4100886.0
61993,2390534.0
61994,3028267.0
61995,3452382.0
61996,1149870.0
61997,2544857.0
61998,1619683.0
61999,1149870.0
62000,3258837.0
62001,3982767.0
62002,1270499.0
62003,3836721.0
62004,5525735.0
62005,1149870.0
62006,1999097.0
62007,1999097.0
62008,1999097.0
62009,3836721.0
62010,3347767.0
62011,7495092.0
62012,5787594.0
62013,2018785.0
62014,3752885.0
62015,3447890.0
62016,1756069.0
62017,4067566.0
62018,2390534.0
62019,1756069.0
62020,3780019.0
62021,5595267.0
62022,3004429.0
62023,3004429.0
62024,3347767.0
62025,2021934.0
62026,1270499.0
62027,2544857.0
62028,1999097.0
62029,4067566.0
62030,3351383.0
62031,1619683.0
62032,3218918.0
62033,1999097.0
62034,1763231.0
62035,2390534.0
62036,3600467.0
62037,13575224.0
62038,2390534.0
62039,4067566.0
62040,2058644.0
62041,1149870.0
62042,2097022.0
62043,1763231.0
62044,2025297.0
62045,6941173.0
62046,3745135.0
62047,4705945.0
62048,16549064.0
62049,4263629.0
62050,4554237.0
62051,3410878.0
62052,6313221.0
62053,2097022.0
62054,3447890.0
62055,2083447.0
62056,3956086.0
62057,3939804.0
62058,4554237.0
62059,5525735.0
62060,2021934.0
62061,2954086.0
62062,1882131.0
62063,1999097.0
62064,2390534.0
62065,4250553.0
62066,3410878.0
62067,4882985.0
62068,3410878.0
62069,6694797.0
62070,2390534.0
62071,3258837.0
62072,2021934.0
62073,4067566.0
62074,2267425.0
62075,1149870.0
62076,3939804.0
62077,2732645.0
62078,5444227.0
62079,1619683.0
62080,2097022.0
62081,1882131.0
62082,2021934.0
62083,7495092.0
62084,2390534.0
62085,2383840.0
62086,4491607.0
62087,3745135.0
62088,3447890.0
62089,3836721.0
62090,2021934.0
62091,3351383.0
62092,2097022.0
62093,3753720.0
62094,3004429.0
62095,4250553.0
62096,5017319.0
62097,3836721.0
62098,1763231.0
62099,3347767.0
62100,3028267.0
62101,1847826.0
62102,1619683.0
62103,2018785.0
62104,2390534.0
62105,2018785.0
62106,6412623.0
62107,1756069.0
62108,3600467.0
62109,1882131.0
62110,4250758.0
62111,4052733.0
62112,3982767.0
62113,3028267.0
62114,2993069.0
62115,1763231.0
62116,1270499.0
62117,2097022.0
62118,4250553.0
62119,4316715.0
62120,4554237.0
62121,3351383.0
62122,2021934.0
62123,4219263.0
62124,3004429.0
62125,4052733.0
62126,3004429.0
62127,9652350.0
62128,1149870.0
62129,2732645.0
62130,2267425.0
62131,5500818.0
62132,2390534.0
62133,3347767.0
62134,7201784.0
62135,3903884.0
62136,3982767.0
62137,3273041.0
62138,2021934.0
62139,2544857.0
62140,2954086.0
62141,1999097.0
62142,4067566.0
62143,2267425.0
62144,1756069.0
62145,3410878.0
62146,2732645.0
62147,2525375.0
62148,2018785.0
62149,1904842.0
62150,4952255.0
62151,3600467.0
62152,3753720.0
62153,3600467.0
62154,3347767.0
62155,7592272.0
62156,2097022.0
62157,1270499.0
62158,6694797.0
62159,1734634.0
62160,3410878.0
62161,2344689.0
62162,1847826.0
62163,4705945.0
62164,1756069.0
62165,16549064.0
62166,3982767.0
62167,2018785.0
62168,3600467.0
62169,4263629.0
62170,4250553.0
62171,1999097.0
62172,7592272.0
62173,6313221.0
62174,1999097.0
62175,1619683.0
62176,6941173.0
62177,1999097.0
62178,2018785.0
62179,2018785.0
62180,2544857.0
62181,3199619.0
62182,3982767.0
62183,2675511.0
62184,16549064.0
62185,4250553.0
62186,5444227.0
62187,1904842.0
62188,3982767.0
62189,1619683.0
62190,3410878.0
62191,4100886.0
62192,2525375.0
62193,1149870.0
62194,3410878.0
62195,9262754.0
62196,3778621.0
62197,4136425.0
62198,1756069.0
62199,1270499.0
62200,3351383.0
62201,7201784.0
62202,3600467.0
62203,1734634.0
62204,1734634.0
62205,2390534.0
62206,5595267.0
62207,6313221.0
62208,3426169.0
62209,3982767.0
62210,2058644.0
62211,4067566.0
62212,4286645.0
62213,7592272.0
62214,2738052.0
62215,3410878.0
62216,5166635.0
62217,1756069.0
62218,4467728.0
62219,3447890.0
62220,4250553.0
62221,7495092.0
62222,2525375.0
62223,1756069.0
62224,8213524.0
62225,2993069.0
62226,4882985.0
62227,2344689.0
62228,3807496.0
62229,5500818.0
62230,2058644.0
62231,3410878.0
62232,4100886.0
62233,2055379.0
62234,4350573.0
62235,2675511.0
62236,1999097.0
62237,3452382.0
62238,2018785.0
62239,2675511.0
62240,3351383.0
62241,3273041.0
62242,3745135.0
62243,3780019.0
62244,7495092.0
62245,4316715.0
62246,4316715.0
62247,6836483.0
62248,3445076.0
62249,3753720.0
62250,4067566.0
62251,2993069.0
62252,4067566.0
62253,9262754.0
62254,2551252.0
62255,1999097.0
62256,2025297.0
62257,2344689.0
62258,3939804.0
62259,4952255.0
62260,3939804.0
62261,3004429.0
62262,3426169.0
62263,3347767.0
62264,2344689.0
62265,2390534.0
62266,1270499.0
62267,3426169.0
62268,3956086.0
62269,7201784.0
62270,2551252.0
62271,4264176.0
62272,3727364.0
62273,6941173.0
62274,2058644.0
62275,3261924.0
62276,2344689.0
62277,3410878.0
62278,6923131.0
62279,3410878.0
62280,2097022.0
62281,3351383.0
62282,3004429.0
62283,4219263.0
62284,4067566.0
62285,3778621.0
62286,4952255.0
62287,3376145.0
62288,3410878.0
62289,9262754.0
62290,2525375.0
62291,4807746.0
62292,2371202.0
62293,3376145.0
62294,3939804.0
62295,9262754.0
62296,4250553.0
62297,2954086.0
62298,2390534.0
62299,5500818.0
62300,3376145.0
62301,2018785.0
62302,1270499.0
62303,1904842.0
62304,2267425.0
62305,3426169.0
62306,6363241.0
62307,4067566.0
62308,2544857.0
62309,3347767.0
62310,5166635.0
62311,2371202.0
62312,3028267.0
62313,2058644.0
62314,7217634.0
62315,6313221.0
62316,2018785.0
62317,2390534.0
62318,3780019.0
62319,3004429.0
62320,3351383.0
62321,3347767.0
62322,2097022.0
62323,4052733.0
62324,1904842.0
62325,3273041.0
62326,2058644.0
62327,3600467.0
62328,2021934.0
62329,3028267.0
62330,3410878.0
62331,4250553.0
62332,5161370.0
62333,1270499.0
62334,6694797.0
62335,2344689.0
62336,6941173.0
62337,7592272.0
62338,4780607.0
62339,3004429.0
62340,5525735.0
62341,1734634.0
62342,2055379.0
62343,5595267.0
62344,3347767.0
62345,9262754.0
62346,2055379.0
62347,2525375.0
62348,3778621.0
62349,1270499.0
62350,4052733.0
62351,4705945.0
62352,2993069.0
62353,4100886.0
62354,1270499.0
62355,2732645.0
62356,8894598.0
62357,5525735.0
62358,3956086.0
62359,3780019.0
62360,2267425.0
62361,1882131.0
62362,3376145.0
62363,6313221.0
62364,3600467.0
62365,2018785.0
62366,4590423.0
62367,6941173.0
62368,4780607.0
62369,2156098.0
62370,6836483.0
62371,1149870.0
62372,2018785.0
62373,2993069.0
62374,1619683.0
62375,3248660.0
62376,4888774.0
62377,3745135.0
62378,2097022.0
62379,3248660.0
62380,2058644.0
62381,1270499.0
62382,1904842.0
62383,2021934.0
62384,4952255.0
62385,8213524.0
62386,1270499.0
62387,2267425.0
62388,7201784.0
62389,1763231.0
62390,9262754.0
62391,2021934.0
62392,2058644.0
62393,5787594.0
62394,3004429.0
62395,2021934.0
62396,3956086.0
62397,6941173.0
62398,1270499.0
62399,6941173.0
62400,2344689.0
62401,3956086.0
62402,3273041.0
62403,5166635.0
62404,4467728.0
62405,1847826.0
62406,1619683.0
62407,9652350.0
62408,3248660.0
62409,2025297.0
62410,8213524.0
62411,3410878.0
62412,4066618.0
62413,5787594.0
62414,3753720.0
62415,3028267.0
62416,3447890.0
62417,6941173.0
62418,1999097.0
62419,1756069.0
62420,3410878.0
62421,2025297.0
62422,1999097.0
62423,4052733.0
62424,1619683.0
62425,6412623.0
62426,2390534.0
62427,9262754.0
62428,2055379.0
62429,4052733.0
62430,3347767.0
62431,3347767.0
62432,9262754.0
62433,5595267.0
62434,1756069.0
62435,4264176.0
62436,4286645.0
62437,4286645.0
62438,3008199.0
62439,3410878.0
62440,2993069.0
62441,3410878.0
62442,1270499.0
62443,2525375.0
62444,1619683.0
62445,5435276.0
62446,2390534.0
62447,5595267.0
62448,1999097.0
62449,2525375.0
62450,4350573.0
62451,2740687.0
62452,4491607.0
62453,6412623.0
62454,2993069.0
62455,5017319.0
62456,3410878.0
62457,3727364.0
62458,3028267.0
62459,7592272.0
62460,2021934.0
62461,1756069.0
62462,2058644.0
62463,4780607.0
62464,3982767.0
62465,2058644.0
62466,3004429.0
62467,5337526.0
62468,4705945.0
62469,1847826.0
62470,3600467.0
62471,7217634.0
62472,5461700.0
62473,5166635.0
62474,4052733.0
62475,1763231.0
62476,3218918.0
62477,3600467.0
62478,2544857.0
62479,3028267.0
62480,2732645.0
62481,2390534.0
62482,3982767.0
62483,3248660.0
62484,2999068.0
62485,5017319.0
62486,7217634.0
62487,1763231.0
62488,2344689.0
62489,2018785.0
62490,3273041.0
62491,4888774.0
62492,2018785.0
62493,6941173.0
62494,4882985.0
62495,8213524.0
62496,2021934.0
62497,3982767.0
62498,4052733.0
62499,2097022.0
62500,4066618.0
62501,5787594.0
62502,3939804.0
62503,3426169.0
62504,8894598.0
62505,3248660.0
62506,7592272.0
62507,4554237.0
62508,4350573.0
62509,6782425.0
62510,1619683.0
62511,9652350.0
62512,1149870.0
62513,2344689.0
62514,7201784.0
62515,2993069.0
62516,4554237.0
62517,3261924.0
62518,1882131.0
62519,9262754.0
62520,5017319.0
62521,2792031.0
62522,1999097.0
62523,2021934.0
62524,4350573.0
62525,2267425.0
62526,1619683.0
62527,5906596.0
62528,2021934.0
62529,1999097.0
62530,2021934.0
62531,3600467.0
62532,4052733.0
62533,3982767.0
62534,1270499.0
62535,1149870.0
62536,1734634.0
62537,5595267.0
62538,3004429.0
62539,4219263.0
62540,1999097.0
62541,1763231.0
62542,3410878.0
62543,3199619.0
62544,2371202.0
62545,4263629.0
62546,2267425.0
62547,8213524.0
62548,3600467.0
62549,1270499.0
62550,3871344.0
62551,2021934.0
62552,6313221.0
62553,5435276.0
62554,1270499.0
62555,5525735.0
62556,4491607.0
62557,3818055.0
62558,5435276.0
62559,2097022.0
62560,3600467.0
62561,2792031.0
62562,3347767.0
62563,1270499.0
62564,3426169.0
62565,5166635.0
62566,1756069.0
62567,6941173.0
62568,5166635.0
62569,8213524.0
62570,3347767.0
62571,2732645.0
62572,3600467.0
62573,2267425.0
62574,3982767.0
62575,5525735.0
62576,2344689.0
62577,1149870.0
62578,1149870.0
62579,7865428.0
62580,3410878.0
62581,6836483.0
62582,1756069.0
62583,5461700.0
62584,1756069.0
62585,2267425.0
62586,1149870.0
62587,4590423.0
62588,4066618.0
62589,3351383.0
62590,2993069.0
62591,2371202.0
62592,2993069.0
62593,3347767.0
62594,1882131.0
62595,6313221.0
62596,2675511.0
62597,2544857.0
62598,2344689.0
62599,6412623.0
62600,2021934.0
62601,4807746.0
62602,2058644.0
62603,1270499.0
62604,2344689.0
62605,2344689.0
62606,3745135.0
62607,1270499.0
62608,2344689.0
62609,2267425.0
62610,3745135.0
62611,1734634.0
62612,3008199.0
62613,4015749.0
62614,1904842.0
62615,2675511.0
62616,8904084.0
62617,2344689.0
62618,2344689.0
62619,2018785.0
62620,8213524.0
62621,9652350.0
62622,3028267.0
62623,1270499.0
62624,8213524.0
62625,8213524.0
62626,7592272.0
62627,5444227.0
62628,7217634.0
62629,1756069.0
62630,4250553.0
62631,4316715.0
62632,1763231.0
62633,2055379.0
62634,2390534.0
62635,4250553.0
62636,2525375.0
62637,2055379.0
62638,4491607.0
62639,2058644.0
62640,3347767.0
62641,4467728.0
62642,3410878.0
62643,2055379.0
62644,4250758.0
62645,5595267.0
62646,8213524.0
62647,3600467.0
62648,4491607.0
62649,4590423.0
62650,1149870.0
62651,2999068.0
62652,1756069.0
62653,7592272.0
62654,1882131.0
62655,1847826.0
62656,1882131.0
62657,4286645.0
62658,6363241.0
62659,7592272.0
62660,1756069.0
62661,2738052.0
62662,3939804.0
62663,5166635.0
62664,7592272.0
62665,6412623.0
62666,4554237.0
62667,3600467.0
62668,4590423.0
62669,3982767.0
62670,3982767.0
62671,3351383.0
62672,4316715.0
62673,4052733.0
62674,2371202.0
62675,4590423.0
62676,2383840.0
62677,4554237.0
62678,1882131.0
62679,2525375.0
62680,3426169.0
62681,4554237.0
62682,1756069.0
62683,6923131.0
62684,1882131.0
62685,2732645.0
62686,3600467.0
62687,5435276.0
62688,2390534.0
62689,3600467.0
62690,1999097.0
62691,1619683.0
62692,1999097.0
62693,6313221.0
62694,3004429.0
62695,3426169.0
62696,2083447.0
62697,1882131.0
62698,2792031.0
62699,7592272.0
62700,3939804.0
62701,5595267.0
62702,3600467.0
62703,3410878.0
62704,3727364.0
62705,1149870.0
62706,1847826.0
62707,3028267.0
62708,5166635.0
62709,2344689.0
62710,3351383.0
62711,3347767.0
62712,8213524.0
62713,1904842.0
62714,2371202.0
62715,4286645.0
62716,1149870.0
62717,3376145.0
62718,2675511.0
62719,6412623.0
62720,4067566.0
62721,3347767.0
62722,2156098.0
62723,2021934.0
62724,5166635.0
62725,4066618.0
62726,4888774.0
62727,2018785.0
62728,4467728.0
62729,5500818.0
62730,2344689.0
62731,2344689.0
62732,2018785.0
62733,3447890.0
62734,2344689.0
62735,4491607.0
62736,8904084.0
62737,3426169.0
62738,6313221.0
62739,3351383.0
62740,3347767.0
62741,6941173.0
62742,3600467.0
62743,1756069.0
62744,8904084.0
62745,5525735.0
62746,1999097.0
62747,2058644.0
62748,3982767.0
62749,6941173.0
62750,3982767.0
62751,1734634.0
62752,5787594.0
62753,3600467.0
62754,3347767.0
62755,3982767.0
62756,9262754.0
62757,3600467.0
62758,1149870.0
62759,6313221.0
62760,2732645.0
62761,7495092.0
62762,1756069.0
62763,4067566.0
62764,5461700.0
62765,9652350.0
62766,3982767.0
62767,2544857.0
62768,1904842.0
62769,4467728.0
62770,8213524.0
62771,5461700.0
62772,4491607.0
62773,6313221.0
62774,2344689.0
62775,3836721.0
62776,2021934.0
62777,5500818.0
62778,6923131.0
62779,6941173.0
62780,3780019.0
62781,7592272.0
62782,2738052.0
62783,2740687.0
62784,7865428.0
62785,5017319.0
62786,5787594.0
62787,3199619.0
62788,4952497.0
62789,4491607.0
62790,1270499.0
62791,3982767.0
62792,2738052.0
62793,3778621.0
62794,3351383.0
62795,6412623.0
62796,6694797.0
62797,2738052.0
62798,2058644.0
62799,4350573.0
62800,2344689.0
62801,4807746.0
62802,5500818.0
62803,4264176.0
62804,3778621.0
62805,2371202.0
62806,8213524.0
62807,4250553.0
62808,3426169.0
62809,8213524.0
62810,1999097.0
62811,2390534.0
62812,16549064.0
62813,2055379.0
62814,4219263.0
62815,6836483.0
62816,1619683.0
62817,1149870.0
62818,3410878.0
62819,1756069.0
62820,5435276.0
62821,3982767.0
62822,2740687.0
62823,1619683.0
62824,7201784.0
62825,2993069.0
62826,7592272.0
62827,3351383.0
62828,3426169.0
62829,3752885.0
62830,3410878.0
62831,5906596.0
62832,2021934.0
62833,4286645.0
62834,4316715.0
62835,4136425.0
62836,8213524.0
62837,2792031.0
62838,1619683.0
62839,1270499.0
62840,1999097.0
62841,3871344.0
62842,1270499.0
62843,3410878.0
62844,3410878.0
62845,2544857.0
62846,3410878.0
62847,6313221.0
62848,8213524.0
62849,4250553.0
62850,3347767.0
62851,3939804.0
62852,2344689.0
62853,6923131.0
62854,2675511.0
62855,2364478.0
62856,3447890.0
62857,1882131.0
62858,3939804.0
62859,3347767.0
62860,3600467.0
62861,3004429.0
62862,2083447.0
62863,4155435.0
62864,2551252.0
62865,2344689.0
62866,3727364.0
62867,3956086.0
62868,4780607.0
62869,2390534.0
62870,4052733.0
62871,3004429.0
62872,3745135.0
62873,3199619.0
62874,1763231.0
62875,1882131.0
62876,2058644.0
62877,3727364.0
62878,6782425.0
62879,6923131.0
62880,6941173.0
62881,1149870.0
62882,4651866.0
62883,6313221.0
62884,3351383.0
62885,3028267.0
62886,8894598.0
62887,2525375.0
62888,2021934.0
62889,6313221.0
62890,6836483.0
62891,4136425.0
62892,3426169.0
62893,2993069.0
62894,1999097.0
62895,2732645.0
62896,2021934.0
62897,1999097.0
62898,2344689.0
62899,7592272.0
62900,7592272.0
62901,2058644.0
62902,3727364.0
62903,3410878.0
62904,2675511.0
62905,2097022.0
62906,3778621.0
62907,7201784.0
62908,2525375.0
62909,4067566.0
62910,4250758.0
62911,1904842.0
62912,5435276.0
62913,3600467.0
62914,1619683.0
62915,4067566.0
62916,4807746.0
62917,6363241.0
62918,3273041.0
62919,2999068.0
62920,2097022.0
62921,1270499.0
62922,6412623.0
62923,4491607.0
62924,4015749.0
62925,1619683.0
62926,2738052.0
62927,1756069.0
62928,2675511.0
62929,2058644.0
62930,3410878.0
62931,1999097.0
62932,5161370.0
62933,3258837.0
62934,3600467.0
62935,2021934.0
62936,6836483.0
62937,2675511.0
62938,5653753.0
62939,4467728.0
62940,1149870.0
62941,4350573.0
62942,5525735.0
62943,2025297.0
62944,4015749.0
62945,3218918.0
62946,1149870.0
62947,3745135.0
62948,2058644.0
62949,2383840.0
62950,9262754.0
62951,2993069.0
62952,4015749.0
62953,3982767.0
62954,2390534.0
62955,2993069.0
62956,5286212.0
62957,7592272.0
62958,1270499.0
62959,4705945.0
62960,4250553.0
62961,3426169.0
62962,6313221.0
62963,3982767.0
62964,3410878.0
62965,2390534.0
62966,4316715.0
62967,3752885.0
62968,2544857.0
62969,4467728.0
62970,3004429.0
62971,2021934.0
62972,3410878.0
62973,2544857.0
62974,2344689.0
62975,3752885.0
62976,3351383.0
62977,2344689.0
62978,2390534.0
62979,3982767.0
62980,3410878.0
62981,7865428.0
62982,3600467.0
62983,1999097.0
62984,2675511.0
62985,3452382.0
62986,2058644.0
62987,4066618.0
62988,2058644.0
62989,1999097.0
62990,3447890.0
62991,3727364.0
62992,3778621.0
62993,1999097.0
62994,3410878.0
62995,4807746.0
62996,6782425.0
62997,9652350.0
62998,2954086.0
62999,1882131.0
63000,2390534.0
63001,2267425.0
63002,6836483.0
63003,4100886.0
63004,7495092.0
63005,2390534.0
63006,5337526.0
63007,4467728.0
63008,3727364.0
63009,3745135.0
63010,4067566.0
63011,5525735.0
63012,2025297.0
63013,3982767.0
63014,3447890.0
63015,4066618.0
63016,4250758.0
63017,3028267.0
63018,2344689.0
63019,8213524.0
63020,1882131.0
63021,7495092.0
63022,2390534.0
63023,4219263.0
63024,4015749.0
63025,6313221.0
63026,6941173.0
63027,4491607.0
63028,2021934.0
63029,2390534.0
63030,5500818.0
63031,4952255.0
63032,3347767.0
63033,2018785.0
63034,2058644.0
63035,1756069.0
63036,4952255.0
63037,1619683.0
63038,2018785.0
63039,1847826.0
63040,3004429.0
63041,3600467.0
63042,3351383.0
63043,4491607.0
63044,7495092.0
63045,3426169.0
63046,2097022.0
63047,2740687.0
63048,1999097.0
63049,3745135.0
63050,3778621.0
63051,4067566.0
63052,5595267.0
63053,1882131.0
63054,4350573.0
63055,4155435.0
63056,1763231.0
63057,6694797.0
63058,8213524.0
63059,1847826.0
63060,6694797.0
63061,3410878.0
63062,3426169.0
63063,1756069.0
63064,4705945.0
63065,1756069.0
63066,3780019.0
63067,2344689.0
63068,3745135.0
63069,4015749.0
63070,3004429.0
63071,1756069.0
63072,2055379.0
63073,1619683.0
63074,1999097.0
63075,3351383.0
63076,9262754.0
63077,1904842.0
63078,2525375.0
63079,2267425.0
63080,4015749.0
63081,2097022.0
63082,2021934.0
63083,2021934.0
63084,3261924.0
63085,3410878.0
63086,4807746.0
63087,4066618.0
63088,4316715.0
63089,4136425.0
63090,2383840.0
63091,3028267.0
63092,3836721.0
63093,1882131.0
63094,2018785.0
63095,2525375.0
63096,5500818.0
63097,3004429.0
63098,1847826.0
63099,4807746.0
63100,5435276.0
63101,2738052.0
63102,3351383.0
63103,2544857.0
63104,3836721.0
63105,3410878.0
63106,3347767.0
63107,3780019.0
63108,6313221.0
63109,8213524.0
63110,4554237.0
63111,3600467.0
63112,2675511.0
63113,3426169.0
63114,4554237.0
63115,3982767.0
63116,1999097.0
63117,1882131.0
63118,7217634.0
63119,5595267.0
63120,3600467.0
63121,5595267.0
63122,3982767.0
63123,1847826.0
63124,4250553.0
63125,3351383.0
63126,8213524.0
63127,2999068.0
63128,5166635.0
63129,4491607.0
63130,7592272.0
63131,1149870.0
63132,5787594.0
63133,2993069.0
63134,2018785.0
63135,2018785.0
63136,3752885.0
63137,4491607.0
63138,4250553.0
63139,2058644.0
63140,2344689.0
63141,1270499.0
63142,3410878.0
63143,3727364.0
63144,5435276.0
63145,6941173.0
63146,3028267.0
63147,3982767.0
63148,4250758.0
63149,2732645.0
63150,5525735.0
63151,3982767.0
63152,3982767.0
63153,1847826.0
63154,4067566.0
63155,3939804.0
63156,4219263.0
63157,2018785.0
63158,4264176.0
63159,3004429.0
63160,3351383.0
63161,2058644.0
63162,6694797.0
63163,4467728.0
63164,4015749.0
63165,3008199.0
63166,2390534.0
63167,2383840.0
63168,2344689.0
63169,4250758.0
63170,6923131.0
63171,6941173.0
63172,2021934.0
63173,1847826.0
63174,1999097.0
63175,4219263.0
63176,6313221.0
63177,2058644.0
63178,3982767.0
63179,2544857.0
63180,3376145.0
63181,7865428.0
63182,6363241.0
63183,3347767.0
63184,3982767.0
63185,2344689.0
63186,3939804.0
63187,13575224.0
63188,1999097.0
63189,3351383.0
63190,2021934.0
63191,1619683.0
63192,2344689.0
63193,1619683.0
63194,6923131.0
63195,4491607.0
63196,2551252.0
63197,4952255.0
63198,8213524.0
63199,3600467.0
63200,3410878.0
63201,8630682.0
63202,2525375.0
63203,5906596.0
63204,4491607.0
63205,1756069.0
63206,7201784.0
63207,4067566.0
63208,2021934.0
63209,3600467.0
63210,4052733.0
63211,5461700.0
63212,1882131.0
63213,1619683.0
63214,3745135.0
63215,5787594.0
63216,2525375.0
63217,3745135.0
63218,1270499.0
63219,5906596.0
63220,7495092.0
63221,3836721.0
63222,3248660.0
63223,3376145.0
63224,3745135.0
63225,4350573.0
63226,2018785.0
63227,2021934.0
63228,2371202.0
63229,5017319.0
63230,2525375.0
63231,4015749.0
63232,6782425.0
63233,3347767.0
63234,2018785.0
63235,4250553.0
63236,3351383.0
63237,6412623.0
63238,3410878.0
63239,7201784.0
63240,2018785.0
63241,2732645.0
63242,4066618.0
63243,3982767.0
63244,4491607.0
63245,4491607.0
63246,2018785.0
63247,2999068.0
63248,2675511.0
63249,2371202.0
63250,2544857.0
63251,1270499.0
63252,3004429.0
63253,4250553.0
63254,2993069.0
63255,5525735.0
63256,4491607.0
63257,1149870.0
63258,3410878.0
63259,2267425.0
63260,2021934.0
63261,7592272.0
63262,8213524.0
63263,3600467.0
63264,3745135.0
63265,1149870.0
63266,4067566.0
63267,4052733.0
63268,2156098.0
63269,1270499.0
63270,3351383.0
63271,8213524.0
63272,3447890.0
63273,2371202.0
63274,3956086.0
63275,4066618.0
63276,1270499.0
63277,5525735.0
63278,4264176.0
63279,2021934.0
63280,2083447.0
63281,3351383.0
63282,1270499.0
63283,5525735.0
63284,5525735.0
63285,2097022.0
63286,3426169.0
63287,4052733.0
63288,9652350.0
63289,2738052.0
63290,2344689.0
63291,2344689.0
63292,1149870.0
63293,3410878.0
63294,2097022.0
63295,3939804.0
63296,7495092.0
63297,8213524.0
63298,4590423.0
63299,6941173.0
63300,7592272.0
63301,1756069.0
63302,2055379.0
63303,5166635.0
63304,1270499.0
63305,4554237.0
63306,2344689.0
63307,3807496.0
63308,1756069.0
63309,3004429.0
63310,3347767.0
63311,2999068.0
63312,1270499.0
63313,3752885.0
63314,2544857.0
63315,2344689.0
63316,1763231.0
63317,7201784.0
63318,4705945.0
63319,1270499.0
63320,2525375.0
63321,3351383.0
63322,5500818.0
63323,4250553.0
63324,5525735.0
63325,5444227.0
63326,4554237.0
63327,3956086.0
63328,1847826.0
63329,6941173.0
63330,3939804.0
63331,3410878.0
63332,2525375.0
63333,8904084.0
63334,3004429.0
63335,9652350.0
63336,3347767.0
63337,6782425.0
63338,9262754.0
63339,3004429.0
63340,3600467.0
63341,4250758.0
63342,4250758.0
63343,2344689.0
63344,1847826.0
63345,3347767.0
63346,2021934.0
63347,3351383.0
63348,3600467.0
63349,4429512.0
63350,4264176.0
63351,4136425.0
63352,4705945.0
63353,4015749.0
63354,7217634.0
63355,3410878.0
63356,2344689.0
63357,1756069.0
63358,4554237.0
63359,5595267.0
63360,2792031.0
63361,6412623.0
63362,2344689.0
63363,1734634.0
63364,7495092.0
63365,3347767.0
63366,2097022.0
63367,5337526.0
63368,4015749.0
63369,2344689.0
63370,5435276.0
63371,2344689.0
63372,5500818.0
63373,3028267.0
63374,4590423.0
63375,2954086.0
63376,4491607.0
63377,4136425.0
63378,3351383.0
63379,1619683.0
63380,1270499.0
63381,6836483.0
63382,2544857.0
63383,5500818.0
63384,3600467.0
63385,4952255.0
63386,2097022.0
63387,4554237.0
63388,3410878.0
63389,3004429.0
63390,5525735.0
63391,3347767.0
63392,1270499.0
63393,2344689.0
63394,1999097.0
63395,4264176.0
63396,2675511.0
63397,4491607.0
63398,6363241.0
63399,2021934.0
63400,4067566.0
63401,1756069.0
63402,5166635.0
63403,3778621.0
63404,1149870.0
63405,3410878.0
63406,1619683.0
63407,1763231.0
63408,5595267.0
63409,3600467.0
63410,3982767.0
63411,3745135.0
63412,3447890.0
63413,3447890.0
63414,3004429.0
63415,4952255.0
63416,4219263.0
63417,4807746.0
63418,3004429.0
63419,3956086.0
63420,8213524.0
63421,2344689.0
63422,2058644.0
63423,2344689.0
63424,1619683.0
63425,7201784.0
63426,4467728.0
63427,2544857.0
63428,5595267.0
63429,3778621.0
63430,7865428.0
63431,4316715.0
63432,3410878.0
63433,7201784.0
63434,2021934.0
63435,2390534.0
63436,2018785.0
63437,4350573.0
63438,3753720.0
63439,3445076.0
63440,6412623.0
63441,6412623.0
63442,3347767.0
63443,6694797.0
63444,4052733.0
63445,4554237.0
63446,6412623.0
63447,2993069.0
63448,3939804.0
63449,2156098.0
63450,1904842.0
63451,1619683.0
63452,2021934.0
63453,2097022.0
63454,2371202.0
63455,7592272.0
63456,3600467.0
63457,2954086.0
63458,3351383.0
63459,3004429.0
63460,3258837.0
63461,3939804.0
63462,1756069.0
63463,4067566.0
63464,1882131.0
63465,2018785.0
63466,1619683.0
63467,8213524.0
63468,2344689.0
63469,1734634.0
63470,2993069.0
63471,6363241.0
63472,7217634.0
63473,1756069.0
63474,2267425.0
63475,5500818.0
63476,4882985.0
63477,8213524.0
63478,4807746.0
63479,4705945.0
63480,5525735.0
63481,2344689.0
63482,1904842.0
63483,6941173.0
63484,9652350.0
63485,1756069.0
63486,2792031.0
63487,4888774.0
63488,3273041.0
63489,3347767.0
63490,9652350.0
63491,2344689.0
63492,4491607.0
63493,3376145.0
63494,6363241.0
63495,1149870.0
63496,5166635.0
63497,5500818.0
63498,5166635.0
63499,4052733.0
63500,1149870.0
63501,4590423.0
63502,6412623.0
63503,3780019.0
63504,2390534.0
63505,8213524.0
63506,4491607.0
63507,4888774.0
63508,5787594.0
63509,3939804.0
63510,1904842.0
63511,3836721.0
63512,4350573.0
63513,3410878.0
63514,4350573.0
63515,9262754.0
63516,2344689.0
63517,1999097.0
63518,2021934.0
63519,7592272.0
63520,2018785.0
63521,1619683.0
63522,4263629.0
63523,2544857.0
63524,6941173.0
63525,3410878.0
63526,8213524.0
63527,6923131.0
63528,3004429.0
63529,3347767.0
63530,2525375.0
63531,2018785.0
63532,4888774.0
63533,8213524.0
63534,2021934.0
63535,3376145.0
63536,3752885.0
63537,4264176.0
63538,4350573.0
63539,3939804.0
63540,2097022.0
63541,6363241.0
63542,3982767.0
63543,6941173.0
63544,2364478.0
63545,3778621.0
63546,2097022.0
63547,16549064.0
63548,2021934.0
63549,2021934.0
63550,2383840.0
63551,2344689.0
63552,3347767.0
63553,3982767.0
63554,1734634.0
63555,4316715.0
63556,3008199.0
63557,4015749.0
63558,8213524.0
63559,7201784.0
63560,7217634.0
63561,4952255.0
63562,3410878.0
63563,2021934.0
63564,4100886.0
63565,3982767.0
63566,3807496.0
63567,3351383.0
63568,3410878.0
63569,3939804.0
63570,2792031.0
63571,5161370.0
63572,1847826.0
63573,3347767.0
63574,1847826.0
63575,4467728.0
63576,5653753.0
63577,3426169.0
63578,2021934.0
63579,4264176.0
63580,5906596.0
63581,3807496.0
63582,3570392.0
63583,5500818.0
63584,2525375.0
63585,6694797.0
63586,3351383.0
63587,2083447.0
63588,9262754.0
63589,2544857.0
63590,4491607.0
63591,4590423.0
63592,3258837.0
63593,3426169.0
63594,1847826.0
63595,4467728.0
63596,2525375.0
63597,1999097.0
63598,3351383.0
63599,2025297.0
63600,4155435.0
63601,2097022.0
63602,4286645.0
63603,5017319.0
63604,1270499.0
63605,7217634.0
63606,2732645.0
63607,1756069.0
63608,1619683.0
63609,3452382.0
63610,3410878.0
63611,2675511.0
63612,1999097.0
63613,6363241.0
63614,2021934.0
63615,4952255.0
63616,2083447.0
63617,3351383.0
63618,6923131.0
63619,5017319.0
63620,4491607.0
63621,4888774.0
63622,2018785.0
63623,3410878.0
63624,6923131.0
63625,2675511.0
63626,4015749.0
63627,2371202.0
63628,4952255.0
63629,3351383.0
63630,3956086.0
63631,2021934.0
63632,2156098.0
63633,4015749.0
63634,3347767.0
63635,5286212.0
63636,2058644.0
63637,3939804.0
63638,2018785.0
63639,6412623.0
63640,4286645.0
63641,2954086.0
63642,7495092.0
63643,7865428.0
63644,2675511.0
63645,3248660.0
63646,4554237.0
63647,2344689.0
63648,1847826.0
63649,7201784.0
63650,2058644.0
63651,3778621.0
63652,13575224.0
63653,1149870.0
63654,2058644.0
63655,2058644.0
63656,2732645.0
63657,2025297.0
63658,2792031.0
63659,4015749.0
63660,3600467.0
63661,1904842.0
63662,8213524.0
63663,3410878.0
63664,3939804.0
63665,2390534.0
63666,4554237.0
63667,1847826.0
63668,4316715.0
63669,1149870.0
63670,2058644.0
63671,4882985.0
63672,6923131.0
63673,2344689.0
63674,3351383.0
63675,3004429.0
63676,1882131.0
63677,1882131.0
63678,2792031.0
63679,1999097.0
63680,3745135.0
63681,2390534.0
63682,4350573.0
63683,3248660.0
63684,3982767.0
63685,2383840.0
63686,4952255.0
63687,6836483.0
63688,3004429.0
63689,3347767.0
63690,2551252.0
63691,2544857.0
63692,3261924.0
63693,3351383.0
63694,1756069.0
63695,4015749.0
63696,5595267.0
63697,6412623.0
63698,3410878.0
63699,2018785.0
63700,3410878.0
63701,2364478.0
63702,3248660.0
63703,2097022.0
63704,6923131.0
63705,5166635.0
63706,3778621.0
63707,2097022.0
63708,2267425.0
63709,2732645.0
63710,1149870.0
63711,2544857.0
63712,9262754.0
63713,2097022.0
63714,1149870.0
63715,4015749.0
63716,2675511.0
63717,2344689.0
63718,8213524.0
63719,2371202.0
63720,6313221.0
63721,2025297.0
63722,3351383.0
63723,4100886.0
63724,2344689.0
63725,1999097.0
63726,1734634.0
63727,1904842.0
63728,5595267.0
63729,2021934.0
63730,3807496.0
63731,7495092.0
63732,1619683.0
63733,2344689.0
63734,2025297.0
63735,4052733.0
63736,2058644.0
63737,5017319.0
63738,1999097.0
63739,4052733.0
63740,4015749.0
63741,1882131.0
63742,1756069.0
63743,2058644.0
63744,1270499.0
63745,2551252.0
63746,5525735.0
63747,6836483.0
63748,3447890.0
63749,4316715.0
63750,5166635.0
63751,3939804.0
63752,6363241.0
63753,3780019.0
63754,1149870.0
63755,1999097.0
63756,4264176.0
63757,2267425.0
63758,8213524.0
63759,4705945.0
63760,2675511.0
63761,2021934.0
63762,2383840.0
63763,6836483.0
63764,1882131.0
63765,2390534.0
63766,5435276.0
63767,8904084.0
63768,4286645.0
63769,1999097.0
63770,3600467.0
63771,4590423.0
63772,3351383.0
63773,6941173.0
63774,2390534.0
63775,7201784.0
63776,2371202.0
63777,2058644.0
63778,4705945.0
63779,3780019.0
63780,2344689.0
63781,1149870.0
63782,3347767.0
63783,6923131.0
63784,2058644.0
63785,1149870.0
63786,1149870.0
63787,3939804.0
63788,6923131.0
63789,3248660.0
63790,1999097.0
63791,3410878.0
63792,1999097.0
63793,3745135.0
63794,3347767.0
63795,3347767.0
63796,6836483.0
63797,3447890.0
63798,3004429.0
63799,2021934.0
63800,2055379.0
63801,3426169.0
63802,5906596.0
63803,1904842.0
63804,3600467.0
63805,3347767.0
63806,1149870.0
63807,3028267.0
63808,1756069.0
63809,3600467.0
63810,6782425.0
63811,4705945.0
63812,2097022.0
63813,2097022.0
63814,5525735.0
63815,4952255.0
63816,2390534.0
63817,2390534.0
63818,2097022.0
63819,4250553.0
63820,8213524.0
63821,3982767.0
63822,3780019.0
63823,3376145.0
63824,3410878.0
63825,1999097.0
63826,3426169.0
63827,5906596.0
63828,7201784.0
63829,4780607.0
63830,5166635.0
63831,3261924.0
63832,2018785.0
63833,4467728.0
63834,4066618.0
63835,3351383.0
63836,2344689.0
63837,2021934.0
63838,7592272.0
63839,1999097.0
63840,7217634.0
63841,1756069.0
63842,9262754.0
63843,2344689.0
63844,4264176.0
63845,6836483.0
63846,4807746.0
63847,2018785.0
63848,6836483.0
63849,2999068.0
63850,1619683.0
63851,2792031.0
63852,4780607.0
63853,5500818.0
63854,4882985.0
63855,8213524.0
63856,1619683.0
63857,4952255.0
63858,4264176.0
63859,2390534.0
63860,2021934.0
63861,4952255.0
63862,3410878.0
63863,4052733.0
63864,3745135.0
63865,2344689.0
63866,4554237.0
63867,1756069.0
63868,3199619.0
63869,1756069.0
63870,3745135.0
63871,3351383.0
63872,2083447.0
63873,3600467.0
63874,3903884.0
63875,6694797.0
63876,3939804.0
63877,3248660.0
63878,5461700.0
63879,3956086.0
63880,4952255.0
63881,7495092.0
63882,3745135.0
63883,3727364.0
63884,4264176.0
63885,2018785.0
63886,3261924.0
63887,2675511.0
63888,3956086.0
63889,3008199.0
63890,2021934.0
63891,1149870.0
63892,4067566.0
63893,2083447.0
63894,4705945.0
63895,2156098.0
63896,3218918.0
63897,3939804.0
63898,2058644.0
63899,3939804.0
63900,2371202.0
63901,2383840.0
63902,3004429.0
63903,7592272.0
63904,3273041.0
63905,5500818.0
63906,2055379.0
63907,3347767.0
63908,3982767.0
63909,3752885.0
63910,5166635.0
63911,4052733.0
63912,4952255.0
63913,5525735.0
63914,6694797.0
63915,4052733.0
63916,3982767.0
63917,3982767.0
63918,4263629.0
63919,1756069.0
63920,1756069.0
63921,6313221.0
63922,4250553.0
63923,2390534.0
63924,3445076.0
63925,6363241.0
63926,4264176.0
63927,2732645.0
63928,6836483.0
63929,3745135.0
63930,6923131.0
63931,4491607.0
63932,3982767.0
63933,4066618.0
63934,3347767.0
63935,2083447.0
63936,3410878.0
63937,1149870.0
63938,3426169.0
63939,8904084.0
63940,3956086.0
63941,4491607.0
63942,4780607.0
63943,2021934.0
63944,5525735.0
63945,2021934.0
63946,2993069.0
63947,3426169.0
63948,4590423.0
63949,9652350.0
63950,4250758.0
63951,3351383.0
63952,5461700.0
63953,2097022.0
63954,1756069.0
63955,3410878.0
63956,2018785.0
63957,2383840.0
63958,2055379.0
63959,3218918.0
63960,3807496.0
63961,3903884.0
63962,4052733.0
63963,2021934.0
63964,1904842.0
63965,7201784.0
63966,5595267.0
63967,4015749.0
63968,1149870.0
63969,3426169.0
63970,3982767.0
63971,5166635.0
63972,5787594.0
63973,3745135.0
63974,3258837.0
63975,3004429.0
63976,3248660.0
63977,3447890.0
63978,3410878.0
63979,4067566.0
63980,7592272.0
63981,3982767.0
63982,2993069.0
63983,4067566.0
63984,3004429.0
63985,4705945.0
63986,4350573.0
63987,1270499.0
63988,5595267.0
63989,2097022.0
63990,2344689.0
63991,1756069.0
63992,2993069.0
63993,3426169.0
63994,3199619.0
63995,1270499.0
63996,1999097.0
63997,2083447.0
63998,4780607.0
63999,1619683.0
64000,3939804.0
64001,4250553.0
64002,6313221.0
64003,3351383.0
64004,1756069.0
64005,2055379.0
64006,3258837.0
64007,6363241.0
64008,4705945.0
64009,1847826.0
64010,4491607.0
64011,2525375.0
64012,4780607.0
64013,2344689.0
64014,3351383.0
64015,2018785.0
64016,6941173.0
64017,2021934.0
64018,3939804.0
64019,1904842.0
64020,1904842.0
64021,4780607.0
64022,6694797.0
64023,2083447.0
64024,3982767.0
64025,3780019.0
64026,1734634.0
64027,6923131.0
64028,7865428.0
64029,3727364.0
64030,1999097.0
64031,2371202.0
64032,3008199.0
64033,3780019.0
64034,1882131.0
64035,2021934.0
64036,2675511.0
64037,1619683.0
64038,3600467.0
64039,2371202.0
64040,2675511.0
64041,3004429.0
64042,1270499.0
64043,4015749.0
64044,1999097.0
64045,3376145.0
64046,3426169.0
64047,7865428.0
64048,2792031.0
64049,2021934.0
64050,4952255.0
64051,6412623.0
64052,2267425.0
64053,1270499.0
64054,2344689.0
64055,2058644.0
64056,3351383.0
64057,1149870.0
64058,2544857.0
64059,2544857.0
64060,1619683.0
64061,7217634.0
64062,4780607.0
64063,4066618.0
64064,6694797.0
64065,2675511.0
64066,3982767.0
64067,3982767.0
64068,3600467.0
64069,2675511.0
64070,2055379.0
64071,3956086.0
64072,3347767.0
64073,4052733.0
64074,2018785.0
64075,5525735.0
64076,2055379.0
64077,4264176.0
64078,3600467.0
64079,6694797.0
64080,2018785.0
64081,3004429.0
64082,3982767.0
64083,2267425.0
64084,3347767.0
64085,3004429.0
64086,8213524.0
64087,3778621.0
64088,2390534.0
64089,3261924.0
64090,7592272.0
64091,2390534.0
64092,2792031.0
64093,5500818.0
64094,2525375.0
64095,2675511.0
64096,1999097.0
64097,3818055.0
64098,6694797.0
64099,6412623.0
64100,5286212.0
64101,4015749.0
64102,2544857.0
64103,1999097.0
64104,3028267.0
64105,2551252.0
64106,5595267.0
64107,3778621.0
64108,1270499.0
64109,2993069.0
64110,1149870.0
64111,1619683.0
64112,4250553.0
64113,3248660.0
64114,2525375.0
64115,7201784.0
64116,6836483.0
64117,4952255.0
64118,8213524.0
64119,6694797.0
64120,2993069.0
64121,2058644.0
64122,2097022.0
64123,2675511.0
64124,2021934.0
64125,1756069.0
64126,7592272.0
64127,3004429.0
64128,4491607.0
64129,9262754.0
64130,2344689.0
64131,4491607.0
64132,7217634.0
64133,5525735.0
64134,7592272.0
64135,4467728.0
64136,4316715.0
64137,1763231.0
64138,3753720.0
64139,4952255.0
64140,4780607.0
64141,4250553.0
64142,3248660.0
64143,3939804.0
64144,3004429.0
64145,3939804.0
64146,1999097.0
64147,4705945.0
64148,4491607.0
64149,6923131.0
64150,1882131.0
64151,4350573.0
64152,2021934.0
64153,4052733.0
64154,4250758.0
64155,3004429.0
64156,2021934.0
64157,2025297.0
64158,3447890.0
64159,2344689.0
64160,2525375.0
64161,6941173.0
64162,3752885.0
64163,2097022.0
64164,6836483.0
64165,1882131.0
64166,1763231.0
64167,3939804.0
64168,1763231.0
64169,3199619.0
64170,1270499.0
64171,2156098.0
64172,6941173.0
64173,3248660.0
64174,7495092.0
64175,3004429.0
64176,6836483.0
64177,3745135.0
64178,3956086.0
64179,1882131.0
64180,6694797.0
64181,3347767.0
64182,2344689.0
64183,2675511.0
64184,7865428.0
64185,2544857.0
64186,5595267.0
64187,3004429.0
64188,2675511.0
64189,3410878.0
64190,2097022.0
64191,6694797.0
64192,2344689.0
64193,1904842.0
64194,7865428.0
64195,5525735.0
64196,3028267.0
64197,2732645.0
64198,3447890.0
64199,2544857.0
64200,2021934.0
64201,2999068.0
64202,2544857.0
64203,3199619.0
64204,3347767.0
64205,3347767.0
64206,8630682.0
64207,1619683.0
64208,1734634.0
64209,3410878.0
64210,3410878.0
64211,5595267.0
64212,1270499.0
64213,1882131.0
64214,3982767.0
64215,3347767.0
64216,2018785.0
64217,4491607.0
64218,6313221.0
64219,1270499.0
64220,1756069.0
64221,6836483.0
64222,3410878.0
64223,7592272.0
64224,4350573.0
64225,5525735.0
64226,3982767.0
64227,2551252.0
64228,2675511.0
64229,4491607.0
64230,3410878.0
64231,8894598.0
64232,1619683.0
64233,3258837.0
64234,1619683.0
64235,2021934.0
64236,2344689.0
64237,2021934.0
64238,1999097.0
64239,1756069.0
64240,6941173.0
64241,6694797.0
64242,6923131.0
64243,3752885.0
64244,4066618.0
64245,3600467.0
64246,3600467.0
64247,2371202.0
64248,2018785.0
64249,1756069.0
64250,3753720.0
64251,1999097.0
64252,3351383.0
64253,5017319.0
64254,4219263.0
64255,3008199.0
64256,4316715.0
64257,5017319.0
64258,4067566.0
64259,5500818.0
64260,1763231.0
64261,2544857.0
64262,1270499.0
64263,3982767.0
64264,3347767.0
64265,3376145.0
64266,1999097.0
64267,4350573.0
64268,8213524.0
64269,2344689.0
64270,4015749.0
64271,3261924.0
64272,5525735.0
64273,3600467.0
64274,1756069.0
64275,2738052.0
64276,3752885.0
64277,8213524.0
64278,6412623.0
64279,2993069.0
64280,4491607.0
64281,1999097.0
64282,3004429.0
64283,4286645.0
64284,2097022.0
64285,2018785.0
64286,3410878.0
64287,1270499.0
64288,5166635.0
64289,4952255.0
64290,2544857.0
64291,3426169.0
64292,2267425.0
64293,2021934.0
64294,4015749.0
64295,3426169.0
64296,7592272.0
64297,1756069.0
64298,2993069.0
64299,4705945.0
64300,2344689.0
64301,3600467.0
64302,2021934.0
64303,1999097.0
64304,6694797.0
64305,2021934.0
64306,3600467.0
64307,4590423.0
64308,2675511.0
64309,1763231.0
64310,2097022.0
64311,6836483.0
64312,2021934.0
64313,3982767.0
64314,2267425.0
64315,3410878.0
64316,3939804.0
64317,3004429.0
64318,3347767.0
64319,7217634.0
64320,2097022.0
64321,2993069.0
64322,2792031.0
64323,3004429.0
64324,1999097.0
64325,5166635.0
64326,4067566.0
64327,2021934.0
64328,1270499.0
64329,9652350.0
64330,2055379.0
64331,4554237.0
64332,2018785.0
64333,2993069.0
64334,3745135.0
64335,6363241.0
64336,1756069.0
64337,1756069.0
64338,2344689.0
64339,1847826.0
64340,3218918.0
64341,1999097.0
64342,2390534.0
64343,4100886.0
64344,8213524.0
64345,3004429.0
64346,2344689.0
64347,1619683.0
64348,4066618.0
64349,3939804.0
64350,3261924.0
64351,3727364.0
64352,2390534.0
64353,3410878.0
64354,3780019.0
64355,7592272.0
64356,2018785.0
64357,2021934.0
64358,3752885.0
64359,3982767.0
64360,5017319.0
64361,1734634.0
64362,5595267.0
64363,6923131.0
64364,1149870.0
64365,1149870.0
64366,3982767.0
64367,2344689.0
64368,4705945.0
64369,3745135.0
64370,4888774.0
64371,3956086.0
64372,5595267.0
64373,4015749.0
64374,3982767.0
64375,9262754.0
64376,1619683.0
64377,4705945.0
64378,4052733.0
64379,2021934.0
64380,2390534.0
64381,5444227.0
64382,2344689.0
64383,6694797.0
64384,2267425.0
64385,3218918.0
64386,4100886.0
64387,3248660.0
64388,2738052.0
64389,3836721.0
64390,6941173.0
64391,5787594.0
64392,4467728.0
64393,2097022.0
64394,3347767.0
64395,2371202.0
64396,2551252.0
64397,2021934.0
64398,3347767.0
64399,3004429.0
64400,1270499.0
64401,3447890.0
64402,3982767.0
64403,1149870.0
64404,3982767.0
64405,4429512.0
64406,2344689.0
64407,3570392.0
64408,1999097.0
64409,8213524.0
64410,3778621.0
64411,7495092.0
64412,2025297.0
64413,4467728.0
64414,4052733.0
64415,4554237.0
64416,3347767.0
64417,2993069.0
64418,3410878.0
64419,3745135.0
64420,3745135.0
64421,3426169.0
64422,5337526.0
64423,2738052.0
64424,2058644.0
64425,3982767.0
64426,2344689.0
64427,3410878.0
64428,2544857.0
64429,2344689.0
64430,1270499.0
64431,4467728.0
64432,6923131.0
64433,5595267.0
64434,5525735.0
64435,2390534.0
64436,3982767.0
64437,3218918.0
64438,8213524.0
64439,3347767.0
64440,6313221.0
64441,4780607.0
64442,6941173.0
64443,1756069.0
64444,3376145.0
64445,1763231.0
64446,2954086.0
64447,7592272.0
64448,3727364.0
64449,7495092.0
64450,6694797.0
64451,4554237.0
64452,3004429.0
64453,1756069.0
64454,2058644.0
64455,1999097.0
64456,1882131.0
64457,7217634.0
64458,4250553.0
64459,3347767.0
64460,2097022.0
64461,1149870.0
64462,3351383.0
64463,3600467.0
64464,6941173.0
64465,5525735.0
64466,4491607.0
64467,6941173.0
64468,4052733.0
64469,2267425.0
64470,4264176.0
64471,4052733.0
64472,3164972.0
64473,3982767.0
64474,4015749.0
64475,1999097.0
64476,1756069.0
64477,3600467.0
64478,5017319.0
64479,2018785.0
64480,4015749.0
64481,3600467.0
64482,4015749.0
64483,3982767.0
64484,4286645.0
64485,5525735.0
64486,6412623.0
64487,6836483.0
64488,2792031.0
64489,3982767.0
64490,3939804.0
64491,4882985.0
64492,3752885.0
64493,1882131.0
64494,3410878.0
64495,4467728.0
64496,6782425.0
64497,1763231.0
64498,3745135.0
64499,2344689.0
64500,4554237.0
64501,1999097.0
64502,2058644.0
64503,6923131.0
64504,4780607.0
64505,3982767.0
64506,3745135.0
64507,2344689.0
64508,2055379.0
64509,3903884.0
64510,3753720.0
64511,8213524.0
64512,7865428.0
64513,6941173.0
64514,8213524.0
64515,1756069.0
64516,3836721.0
64517,3347767.0
64518,1763231.0
64519,7865428.0
64520,3752885.0
64521,3982767.0
64522,7217634.0
64523,4780607.0
64524,1756069.0
64525,3426169.0
64526,2018785.0
64527,2993069.0
64528,1763231.0
64529,1619683.0
64530,6694797.0
64531,3248660.0
64532,4888774.0
64533,3351383.0
64534,3028267.0
64535,4263629.0
64536,3939804.0
64537,2525375.0
64538,3982767.0
64539,6923131.0
64540,2371202.0
64541,3727364.0
64542,4066618.0
64543,3600467.0
64544,2021934.0
64545,2021934.0
64546,2058644.0
64547,5017319.0
64548,4052733.0
64549,3410878.0
64550,4554237.0
64551,3600467.0
64552,4067566.0
64553,2097022.0
64554,3347767.0
64555,2097022.0
64556,2732645.0
64557,1270499.0
64558,1149870.0
64559,5595267.0
64560,1270499.0
64561,4067566.0
64562,4491607.0
64563,1149870.0
64564,3410878.0
64565,2371202.0
64566,3004429.0
64567,2544857.0
64568,6694797.0
64569,3347767.0
64570,3258837.0
64571,3258837.0
64572,2383840.0
64573,8213524.0
64574,3258837.0
64575,7592272.0
64576,5017319.0
64577,3028267.0
64578,4100886.0
64579,2390534.0
64580,3903884.0
64581,2344689.0
64582,8213524.0
64583,5595267.0
64584,7495092.0
64585,9262754.0
64586,2025297.0
64587,2993069.0
64588,4491607.0
64589,5525735.0
64590,3452382.0
64591,5017319.0
64592,7592272.0
64593,3600467.0
64594,3780019.0
64595,2055379.0
64596,2267425.0
64597,1149870.0
64598,2525375.0
64599,5435276.0
64600,3273041.0
64601,3004429.0
64602,4467728.0
64603,2267425.0
64604,2018785.0
64605,1149870.0
64606,1149870.0
64607,1847826.0
64608,3745135.0
64609,3248660.0
64610,3273041.0
64611,3248660.0
64612,4491607.0
64613,2732645.0
64614,5286212.0
64615,2021934.0
64616,2021934.0
64617,3939804.0
64618,3727364.0
64619,1756069.0
64620,4316715.0
64621,3347767.0
64622,3445076.0
64623,2525375.0
64624,3248660.0
64625,5653753.0
64626,6694797.0
64627,6412623.0
64628,4554237.0
64629,4350573.0
64630,3780019.0
64631,2383840.0
64632,9262754.0
64633,7495092.0
64634,4350573.0
64635,2544857.0
64636,3347767.0
64637,3410878.0
64638,4066618.0
64639,3028267.0
64640,3347767.0
64641,7592272.0
64642,1270499.0
64643,6313221.0
64644,2083447.0
64645,2525375.0
64646,2999068.0
64647,6412623.0
64648,4952255.0
64649,3410878.0
64650,5525735.0
64651,1149870.0
64652,1149870.0
64653,3780019.0
64654,3903884.0
64655,3745135.0
64656,4491607.0
64657,5595267.0
64658,7495092.0
64659,2792031.0
64660,1149870.0
64661,4263629.0
64662,3410878.0
64663,3600467.0
64664,4554237.0
64665,5017319.0
64666,1756069.0
64667,2097022.0
64668,7592272.0
64669,6923131.0
64670,3347767.0
64671,2156098.0
64672,8213524.0
64673,5435276.0
64674,2344689.0
64675,3447890.0
64676,4807746.0
64677,2083447.0
64678,2544857.0
64679,2344689.0
64680,2344689.0
64681,3982767.0
64682,4219263.0
64683,6412623.0
64684,5500818.0
64685,2058644.0
64686,5595267.0
64687,1882131.0
64688,3410878.0
64689,3347767.0
64690,3939804.0
64691,1999097.0
64692,7201784.0
64693,6836483.0
64694,3004429.0
64695,1270499.0
64696,3600467.0
64697,7217634.0
64698,7495092.0
64699,2267425.0
64700,4250553.0
64701,4491607.0
64702,7217634.0
64703,4952255.0
64704,3351383.0
64705,2021934.0
64706,2544857.0
64707,1149870.0
64708,3258837.0
64709,4705945.0
64710,2058644.0
64711,4100886.0
64712,1999097.0
64713,2058644.0
64714,4350573.0
64715,3600467.0
64716,2792031.0
64717,2156098.0
64718,1270499.0
64719,4705945.0
64720,3600467.0
64721,3982767.0
64722,2993069.0
64723,8213524.0
64724,4491607.0
64725,7495092.0
64726,3410878.0
64727,3410878.0
64728,2675511.0
64729,2025297.0
64730,1149870.0
64731,2993069.0
64732,3903884.0
64733,4250758.0
64734,7592272.0
64735,8213524.0
64736,2344689.0
64737,3727364.0
64738,3836721.0
64739,4491607.0
64740,3982767.0
64741,3248660.0
64742,3956086.0
64743,2021934.0
64744,3351383.0
64745,2018785.0
64746,2267425.0
64747,4952255.0
64748,3752885.0
64749,3347767.0
64750,5500818.0
64751,1847826.0
64752,3982767.0
64753,3376145.0
64754,3410878.0
64755,4100886.0
64756,1270499.0
64757,2390534.0
64758,3600467.0
64759,4052733.0
64760,3004429.0
64761,6313221.0
64762,5595267.0
64763,3351383.0
64764,4952255.0
64765,3347767.0
64766,5595267.0
64767,3004429.0
64768,3273041.0
64769,2993069.0
64770,2058644.0
64771,7201784.0
64772,2055379.0
64773,2018785.0
64774,1149870.0
64775,3903884.0
64776,2344689.0
64777,4467728.0
64778,2732645.0
64779,3982767.0
64780,4250553.0
64781,2021934.0
64782,3028267.0
64783,2344689.0
64784,1904842.0
64785,3258837.0
64786,1999097.0
64787,4467728.0
64788,3778621.0
64789,3351383.0
64790,2058644.0
64791,3410878.0
64792,5525735.0
64793,3727364.0
64794,4264176.0
64795,2738052.0
64796,2021934.0
64797,1756069.0
64798,6694797.0
64799,6363241.0
64800,1999097.0
64801,2021934.0
64802,4491607.0
64803,2371202.0
64804,2344689.0
64805,1734634.0
64806,1904842.0
64807,6941173.0
64808,3008199.0
64809,1756069.0
64810,9262754.0
64811,7217634.0
64812,3351383.0
64813,3956086.0
64814,2156098.0
64815,2544857.0
64816,6836483.0
64817,2018785.0
64818,1999097.0
64819,2058644.0
64820,4219263.0
64821,3939804.0
64822,4491607.0
64823,1270499.0
64824,7592272.0
64825,3600467.0
64826,3351383.0
64827,1882131.0
64828,1270499.0
64829,1904842.0
64830,2097022.0
64831,1270499.0
64832,3982767.0
64833,3004429.0
64834,6941173.0
64835,2738052.0
64836,1904842.0
64837,1999097.0
64838,1999097.0
64839,4952255.0
64840,5461700.0
64841,5444227.0
64842,3351383.0
64843,6836483.0
64844,1270499.0
64845,4554237.0
64846,3956086.0
64847,3426169.0
64848,3004429.0
64849,5595267.0
64850,3780019.0
64851,2732645.0
64852,6923131.0
64853,4136425.0
64854,3727364.0
64855,2021934.0
64856,4066618.0
64857,1756069.0
64858,2058644.0
64859,6313221.0
64860,2344689.0
64861,8904084.0
64862,5500818.0
64863,5337526.0
64864,4066618.0
64865,2993069.0
64866,3982767.0
64867,3004429.0
64868,4067566.0
64869,1619683.0
64870,3956086.0
64871,2954086.0
64872,5500818.0
64873,2055379.0
64874,5525735.0
64875,6836483.0
64876,3028267.0
64877,3347767.0
64878,4467728.0
64879,7865428.0
64880,5435276.0
64881,3004429.0
64882,8904084.0
64883,1270499.0
64884,1999097.0
64885,4100886.0
64886,3982767.0
64887,2371202.0
64888,4250758.0
64889,1882131.0
64890,5525735.0
64891,3982767.0
64892,3199619.0
64893,2018785.0
64894,3939804.0
64895,1999097.0
64896,4250758.0
64897,2083447.0
64898,4952255.0
64899,4467728.0
64900,1999097.0
64901,3248660.0
64902,3753720.0
64903,6941173.0
64904,1999097.0
64905,6363241.0
64906,5653753.0
64907,3426169.0
64908,2097022.0
64909,3982767.0
64910,1756069.0
64911,2097022.0
64912,3982767.0
64913,2025297.0
64914,3447890.0
64915,2738052.0
64916,1149870.0
64917,3351383.0
64918,3410878.0
64919,2021934.0
64920,3426169.0
64921,3347767.0
64922,6923131.0
64923,1999097.0
64924,3004429.0
64925,6412623.0
64926,5461700.0
64927,6363241.0
64928,6412623.0
64929,3426169.0
64930,3004429.0
64931,3248660.0
64932,3028267.0
64933,3273041.0
64934,1756069.0
64935,5525735.0
64936,2018785.0
64937,1904842.0
64938,2021934.0
64939,8213524.0
64940,6941173.0
64941,2097022.0
64942,1149870.0
64943,1756069.0
64944,1904842.0
64945,3745135.0
64946,3600467.0
64947,3410878.0
64948,4780607.0
64949,3447890.0
64950,3745135.0
64951,3752885.0
64952,4491607.0
64953,2344689.0
64954,4100886.0
64955,4705945.0
64956,6313221.0
64957,3447890.0
64958,3004429.0
64959,2954086.0
64960,6941173.0
64961,2732645.0
64962,4780607.0
64963,2021934.0
64964,2058644.0
64965,4316715.0
64966,1999097.0
64967,5595267.0
64968,2018785.0
64969,2018785.0
64970,2021934.0
64971,4554237.0
64972,1270499.0
64973,3956086.0
64974,4052733.0
64975,2675511.0
64976,3347767.0
64977,2675511.0
64978,2344689.0
64979,2732645.0
64980,4705945.0
64981,3248660.0
64982,3410878.0
64983,3248660.0
64984,3600467.0
64985,4705945.0
64986,4554237.0
64987,3982767.0
64988,2525375.0
64989,7217634.0
64990,2018785.0
64991,1149870.0
64992,2021934.0
64993,4219263.0
64994,2058644.0
64995,2344689.0
64996,2390534.0
64997,8213524.0
64998,1904842.0
64999,1734634.0
65000,3410878.0
65001,4100886.0
65002,1756069.0
65003,3347767.0
65004,4554237.0
65005,3199619.0
65006,5337526.0
65007,2025297.0
65008,3956086.0
65009,3600467.0
65010,3982767.0
65011,3447890.0
65012,2058644.0
65013,2021934.0
65014,3447890.0
65015,4350573.0
65016,1882131.0
65017,1270499.0
65018,2344689.0
65019,2344689.0
65020,2058644.0
65021,4807746.0
65022,2344689.0
65023,2390534.0
65024,4015749.0
65025,4888774.0
65026,1756069.0
65027,3410878.0
65028,3004429.0
65029,8213524.0
65030,2390534.0
65031,3410878.0
65032,4250553.0
65033,4429512.0
65034,8894598.0
65035,4250553.0
65036,4491607.0
65037,2675511.0
65038,4491607.0
65039,3939804.0
65040,2097022.0
65041,3004429.0
65042,6313221.0
65043,5461700.0
65044,4807746.0
65045,1149870.0
65046,2344689.0
65047,4952255.0
65048,3753720.0
65049,3780019.0
65050,3939804.0
65051,3004429.0
65052,4219263.0
65053,2097022.0
65054,2732645.0
65055,3004429.0
65056,3261924.0
65057,7201784.0
65058,6363241.0
65059,1999097.0
65060,3600467.0
65061,3410878.0
65062,1270499.0
65063,3410878.0
65064,7592272.0
65065,2058644.0
65066,2344689.0
65067,3028267.0
65068,3447890.0
65069,6313221.0
65070,3939804.0
65071,3982767.0
65072,3727364.0
65073,6923131.0
65074,3004429.0
65075,3939804.0
65076,4100886.0
65077,4052733.0
65078,3351383.0
65079,3727364.0
65080,3351383.0
65081,6941173.0
65082,4467728.0
65083,2371202.0
65084,1619683.0
65085,6313221.0
65086,2267425.0
65087,6694797.0
65088,1756069.0
65089,8213524.0
65090,2344689.0
65091,2551252.0
65092,1734634.0
65093,4052733.0
65094,7592272.0
65095,3600467.0
65096,3410878.0
65097,2344689.0
65098,2993069.0
65099,3447890.0
65100,1270499.0
65101,4350573.0
65102,6363241.0
65103,6313221.0
65104,6694797.0
65105,3004429.0
65106,5166635.0
65107,2371202.0
65108,3426169.0
65109,1999097.0
65110,5500818.0
65111,5906596.0
65112,3452382.0
65113,1756069.0
65114,7592272.0
65115,4491607.0
65116,3745135.0
65117,1847826.0
65118,2344689.0
65119,4219263.0
65120,6923131.0
65121,5017319.0
65122,3447890.0
65123,2097022.0
65124,1149870.0
65125,1763231.0
65126,2675511.0
65127,3745135.0
65128,2097022.0
65129,4350573.0
65130,3836721.0
65131,2544857.0
65132,7217634.0
65133,6412623.0
65134,4491607.0
65135,3218918.0
65136,2371202.0
65137,8213524.0
65138,2364478.0
65139,4052733.0
65140,5337526.0
65141,2097022.0
65142,2344689.0
65143,2267425.0
65144,2738052.0
65145,1999097.0
65146,4780607.0
65147,2021934.0
65148,3600467.0
65149,6923131.0
65150,4250758.0
65151,6782425.0
65152,3426169.0
65153,3004429.0
65154,3004429.0
65155,1270499.0
65156,3028267.0
65157,3351383.0
65158,1999097.0
65159,3426169.0
65160,8213524.0
65161,3004429.0
65162,2097022.0
65163,3347767.0
65164,6363241.0
65165,5595267.0
65166,4250758.0
65167,1999097.0
65168,3753720.0
65169,5500818.0
65170,4100886.0
65171,3600467.0
65172,3028267.0
65173,9262754.0
65174,3218918.0
65175,3982767.0
65176,3261924.0
65177,3903884.0
65178,2021934.0
65179,1734634.0
65180,9652350.0
65181,3347767.0
65182,3273041.0
65183,3956086.0
65184,2525375.0
65185,2390534.0
65186,4052733.0
65187,3410878.0
65188,2021934.0
65189,7592272.0
65190,2267425.0
65191,6941173.0
65192,3982767.0
65193,5595267.0
65194,4651866.0
65195,1999097.0
65196,3956086.0
65197,8213524.0
65198,3004429.0
65199,1999097.0
65200,2383840.0
65201,1756069.0
65202,7217634.0
65203,7592272.0
65204,2097022.0
65205,7495092.0
65206,4067566.0
65207,4263629.0
65208,3780019.0
65209,3028267.0
65210,4467728.0
65211,8213524.0
65212,4155435.0
65213,2999068.0
65214,2792031.0
65215,3727364.0
65216,4052733.0
65217,2544857.0
65218,3199619.0
65219,5444227.0
65220,3008199.0
65221,1756069.0
65222,4316715.0
65223,4952255.0
65224,8213524.0
65225,4590423.0
65226,3376145.0
65227,4807746.0
65228,5595267.0
65229,4015749.0
65230,1847826.0
65231,2344689.0
65232,7865428.0
65233,3956086.0
65234,2999068.0
65235,4952497.0
65236,2792031.0
65237,1756069.0
65238,3261924.0
65239,3982767.0
65240,2058644.0
65241,6694797.0
65242,1619683.0
65243,1882131.0
65244,5286212.0
65245,1619683.0
65246,4590423.0
65247,4100886.0
65248,2525375.0
65249,2344689.0
65250,6923131.0
65251,3410878.0
65252,3426169.0
65253,4067566.0
65254,4015749.0
65255,2058644.0
65256,1999097.0
65257,3410878.0
65258,7495092.0
65259,4052733.0
65260,5595267.0
65261,3410878.0
65262,5595267.0
65263,2021934.0
65264,4015749.0
65265,4015749.0
65266,1847826.0
65267,3982767.0
65268,3778621.0
65269,8904084.0
65270,2344689.0
65271,2993069.0
65272,1847826.0
65273,3982767.0
65274,2344689.0
65275,6363241.0
65276,8904084.0
65277,2021934.0
65278,1756069.0
65279,3351383.0
65280,4052733.0
65281,6363241.0
65282,3351383.0
65283,2055379.0
65284,3982767.0
65285,3164972.0
65286,4219263.0
65287,2954086.0
65288,2344689.0
65289,1847826.0
65290,2156098.0
65291,2954086.0
65292,3939804.0
65293,2156098.0
65294,3982767.0
65295,2021934.0
65296,1904842.0
65297,7865428.0
65298,2344689.0
65299,4467728.0
65300,3982767.0
65301,3351383.0
65302,1619683.0
65303,2055379.0
65304,3410878.0
65305,6941173.0
65306,1619683.0
65307,2018785.0
65308,4052733.0
65309,3410878.0
65310,3727364.0
65311,1149870.0
65312,3410878.0
65313,2018785.0
65314,3004429.0
65315,7217634.0
65316,2732645.0
65317,2018785.0
65318,2097022.0
65319,5461700.0
65320,4136425.0
65321,3982767.0
65322,3939804.0
65323,4066618.0
65324,1904842.0
65325,6313221.0
65326,2544857.0
65327,1270499.0
65328,2018785.0
65329,2999068.0
65330,4807746.0
65331,3600467.0
65332,1270499.0
65333,5653753.0
65334,5500818.0
65335,2025297.0
65336,3780019.0
65337,1999097.0
65338,1999097.0
65339,2738052.0
65340,2021934.0
65341,7495092.0
65342,1270499.0
65343,2364478.0
65344,4807746.0
65345,4780607.0
65346,3982767.0
65347,4066618.0
65348,2097022.0
65349,1270499.0
65350,1999097.0
65351,2371202.0
65352,4015749.0
65353,2267425.0
65354,2390534.0
65355,5595267.0
65356,1882131.0
65357,3426169.0
65358,4888774.0
65359,4467728.0
65360,3199619.0
65361,2732645.0
65362,1756069.0
65363,5595267.0
65364,2390534.0
65365,5525735.0
65366,1619683.0
65367,4250553.0
65368,3745135.0
65369,4052733.0
65370,8904084.0
65371,6694797.0
65372,1270499.0
65373,5787594.0
65374,4219263.0
65375,4491607.0
65376,3727364.0
65377,5595267.0
65378,4264176.0
65379,1619683.0
65380,4491607.0
65381,4554237.0
65382,3956086.0
65383,8213524.0
65384,4100886.0
65385,2344689.0
65386,4888774.0
65387,1270499.0
65388,3752885.0
65389,3410878.0
65390,3004429.0
65391,5906596.0
65392,3939804.0
65393,3351383.0
65394,5595267.0
65395,4491607.0
65396,3982767.0
65397,3982767.0
65398,3351383.0
65399,3376145.0
65400,2267425.0
65401,4136425.0
65402,2993069.0
65403,1999097.0
65404,4264176.0
65405,2390534.0
65406,6923131.0
65407,3752885.0
65408,2544857.0
65409,6836483.0
65410,1149870.0
65411,2525375.0
65412,9652350.0
65413,1619683.0
65414,7865428.0
65415,3745135.0
65416,2055379.0
65417,5525735.0
65418,1149870.0
65419,3410878.0
65420,2018785.0
65421,3347767.0
65422,3939804.0
65423,2267425.0
65424,5337526.0
65425,2344689.0
65426,2525375.0
65427,2525375.0
65428,4015749.0
65429,1904842.0
65430,4888774.0
65431,2390534.0
65432,8213524.0
65433,2544857.0
65434,2675511.0
65435,4100886.0
65436,2021934.0
65437,3956086.0
65438,2390534.0
65439,4590423.0
65440,3004429.0
65441,4882985.0
65442,3028267.0
65443,4067566.0
65444,5161370.0
65445,2055379.0
65446,2058644.0
65447,3745135.0
65448,3273041.0
65449,4219263.0
65450,3004429.0
65451,2344689.0
65452,2097022.0
65453,3410878.0
65454,8213524.0
65455,6782425.0
65456,5906596.0
65457,2097022.0
65458,6313221.0
65459,3426169.0
65460,3982767.0
65461,3351383.0
65462,4316715.0
65463,8213524.0
65464,1756069.0
65465,1149870.0
65466,2344689.0
65467,1847826.0
65468,7592272.0
65469,2364478.0
65470,2267425.0
65471,3410878.0
65472,5444227.0
65473,4350573.0
65474,4807746.0
65475,2018785.0
65476,2021934.0
65477,2055379.0
65478,4100886.0
65479,2675511.0
65480,3410878.0
65481,3956086.0
65482,3347767.0
65483,2390534.0
65484,7592272.0
65485,2738052.0
65486,4780607.0
65487,3836721.0
65488,4015749.0
65489,2097022.0
65490,5595267.0
65491,2738052.0
65492,3600467.0
65493,9652350.0
65494,4052733.0
65495,3351383.0
65496,4052733.0
65497,5595267.0
65498,5435276.0
65499,6694797.0
65500,3752885.0
65501,1734634.0
65502,7217634.0
65503,4350573.0
65504,2364478.0
65505,2018785.0
65506,2025297.0
65507,2267425.0
65508,2018785.0
65509,2097022.0
65510,1999097.0
65511,6694797.0
65512,2544857.0
65513,2344689.0
65514,1756069.0
65515,4705945.0
65516,2675511.0
65517,4952255.0
65518,9652350.0
65519,2058644.0
65520,1149870.0
65521,4264176.0
65522,4952255.0
65523,6836483.0
65524,1882131.0
65525,3982767.0
65526,1149870.0
65527,4491607.0
65528,2993069.0
65529,8213524.0
65530,3982767.0
65531,1904842.0
65532,5595267.0
65533,1999097.0
65534,2371202.0
65535,2025297.0
65536,2018785.0
65537,2156098.0
65538,3376145.0
65539,4263629.0
65540,4286645.0
65541,1619683.0
65542,2525375.0
65543,6313221.0
65544,8213524.0
65545,5500818.0
65546,4316715.0
65547,4100886.0
65548,2021934.0
65549,4705945.0
65550,2344689.0
65551,2390534.0
65552,4350573.0
65553,2018785.0
65554,3351383.0
65555,1619683.0
65556,5500818.0
65557,3982767.0
65558,1756069.0
65559,2371202.0
65560,2525375.0
65561,1847826.0
65562,2544857.0
65563,3351383.0
65564,4052733.0
65565,2344689.0
65566,2732645.0
65567,2058644.0
65568,2738052.0
65569,6313221.0
65570,1904842.0
65571,3939804.0
65572,2344689.0
65573,5595267.0
65574,3778621.0
65575,5595267.0
65576,1847826.0
65577,4882985.0
65578,4952255.0
65579,4780607.0
65580,3410878.0
65581,3410878.0
65582,2954086.0
65583,7495092.0
65584,3410878.0
65585,3752885.0
65586,5017319.0
65587,6694797.0
65588,2018785.0
65589,4052733.0
65590,4015749.0
65591,2058644.0
65592,6694797.0
65593,4952255.0
65594,6694797.0
65595,3600467.0
65596,4882985.0
65597,2344689.0
65598,2993069.0
65599,1270499.0
65600,2021934.0
65601,3452382.0
65602,3410878.0
65603,3426169.0
65604,2954086.0
65605,2732645.0
65606,2344689.0
65607,4052733.0
65608,2344689.0
65609,4491607.0
65610,5161370.0
65611,3347767.0
65612,7217634.0
65613,2525375.0
65614,5906596.0
65615,6694797.0
65616,4250758.0
65617,2058644.0
65618,4015749.0
65619,1847826.0
65620,3939804.0
65621,3939804.0
65622,3218918.0
65623,3410878.0
65624,3410878.0
65625,2058644.0
65626,5595267.0
65627,2525375.0
65628,2993069.0
65629,3410878.0
65630,7592272.0
65631,2344689.0
65632,6313221.0
65633,3351383.0
65634,1149870.0
65635,2544857.0
65636,2390534.0
65637,1882131.0
65638,1847826.0
65639,6313221.0
65640,5525735.0
65641,2021934.0
65642,4067566.0
65643,6412623.0
65644,1619683.0
65645,2544857.0
65646,5653753.0
65647,2267425.0
65648,3351383.0
65649,3939804.0
65650,1999097.0
65651,9262754.0
65652,2055379.0
65653,4491607.0
65654,3028267.0
65655,2156098.0
65656,1756069.0
65657,4066618.0
65658,1619683.0
65659,4066618.0
65660,4264176.0
65661,5525735.0
65662,5787594.0
65663,4952255.0
65664,9262754.0
65665,6412623.0
65666,3818055.0
65667,8213524.0
65668,2390534.0
65669,4067566.0
65670,2058644.0
65671,4066618.0
65672,4590423.0
65673,2993069.0
65674,3836721.0
65675,5595267.0
65676,2021934.0
65677,2055379.0
65678,2058644.0
65679,2021934.0
65680,2055379.0
65681,5337526.0
65682,2058644.0
65683,1149870.0
65684,6363241.0
65685,6313221.0
65686,5500818.0
65687,3982767.0
65688,2018785.0
65689,1882131.0
65690,2058644.0
65691,2732645.0
65692,4590423.0
65693,4052733.0
65694,1847826.0
65695,1756069.0
65696,3745135.0
65697,2025297.0
65698,5595267.0
65699,2371202.0
65700,2675511.0
65701,7495092.0
65702,3347767.0
65703,3982767.0
65704,2083447.0
65705,3410878.0
65706,1756069.0
65707,3982767.0
65708,3445076.0
65709,3351383.0
65710,1999097.0
65711,3004429.0
65712,4705945.0
65713,2055379.0
65714,3780019.0
65715,3778621.0
65716,7495092.0
65717,1847826.0
65718,3807496.0
65719,4780607.0
65720,2738052.0
65721,3004429.0
65722,4467728.0
65723,2993069.0
65724,1763231.0
65725,5595267.0
65726,4467728.0
65727,3410878.0
65728,3836721.0
65729,3351383.0
65730,7201784.0
65731,3982767.0
65732,2058644.0
65733,6313221.0
65734,1999097.0
65735,1734634.0
65736,5337526.0
65737,3982767.0
65738,2371202.0
65739,2018785.0
65740,4952255.0
65741,3426169.0
65742,2018785.0
65743,3982767.0
65744,1999097.0
65745,3410878.0
65746,4250553.0
65747,8213524.0
65748,3008199.0
65749,8630682.0
65750,2267425.0
65751,4015749.0
65752,1882131.0
65753,1619683.0
65754,4052733.0
65755,4491607.0
65756,7592272.0
65757,4350573.0
65758,2675511.0
65759,3248660.0
65760,4052733.0
65761,3727364.0
65762,2018785.0
65763,8213524.0
65764,6923131.0
65765,3218918.0
65766,2018785.0
65767,4219263.0
65768,2025297.0
65769,4067566.0
65770,8213524.0
65771,3752885.0
65772,2097022.0
65773,2732645.0
65774,2344689.0
65775,3752885.0
65776,8213524.0
65777,1619683.0
65778,2267425.0
65779,3410878.0
65780,7592272.0
65781,2525375.0
65782,7495092.0
65783,3258837.0
65784,1619683.0
65785,6694797.0
65786,3426169.0
65787,2025297.0
65788,4888774.0
65789,2055379.0
65790,2551252.0
65791,3410878.0
65792,1149870.0
65793,2544857.0
65794,2058644.0
65795,1149870.0
65796,1999097.0
65797,2551252.0
65798,3028267.0
65799,2018785.0
65800,19696939.0
65801,2021934.0
65802,3351383.0
65803,3347767.0
65804,2390534.0
65805,1270499.0
65806,7495092.0
65807,6836483.0
65808,2993069.0
65809,1619683.0
65810,1756069.0
65811,1756069.0
65812,5500818.0
65813,6313221.0
65814,3351383.0
65815,6694797.0
65816,2025297.0
65817,2732645.0
65818,1756069.0
65819,3004429.0
65820,2525375.0
65821,8213524.0
65822,3939804.0
65823,3347767.0
65824,1756069.0
65825,2390534.0
65826,7201784.0
65827,5595267.0
65828,2993069.0
65829,2018785.0
65830,1619683.0
65831,3745135.0
65832,2525375.0
65833,16549064.0
65834,7217634.0
65835,3600467.0
65836,4100886.0
65837,2954086.0
65838,2551252.0
65839,2021934.0
65840,2993069.0
65841,5017319.0
65842,3600467.0
65843,3600467.0
65844,2344689.0
65845,4491607.0
65846,2551252.0
65847,3600467.0
65848,2792031.0
65849,3780019.0
65850,4705945.0
65851,2267425.0
65852,3939804.0
65853,3745135.0
65854,7201784.0
65855,3347767.0
65856,2364478.0
65857,3199619.0
65858,2097022.0
65859,3410878.0
65860,1999097.0
65861,2058644.0
65862,1149870.0
65863,1619683.0
65864,3028267.0
65865,3939804.0
65866,2344689.0
65867,1882131.0
65868,3028267.0
65869,4286645.0
65870,2732645.0
65871,1763231.0
65872,1756069.0
65873,2018785.0
65874,4052733.0
65875,4350573.0
65876,2021934.0
65877,4250553.0
65878,3410878.0
65879,1619683.0
65880,1734634.0
65881,4491607.0
65882,4250758.0
65883,1270499.0
65884,2058644.0
65885,4263629.0
65886,3351383.0
65887,2738052.0
65888,3903884.0
65889,3004429.0
65890,2344689.0
65891,5906596.0
65892,5595267.0
65893,7217634.0
65894,5595267.0
65895,1149870.0
65896,1270499.0
65897,2675511.0
65898,3351383.0
65899,2544857.0
65900,2018785.0
65901,1999097.0
65902,3258837.0
65903,7217634.0
65904,4250553.0
65905,1756069.0
65906,2675511.0
65907,4015749.0
65908,3447890.0
65909,1619683.0
65910,7592272.0
65911,1619683.0
65912,3273041.0
65913,3982767.0
65914,2551252.0
65915,3752885.0
65916,3410878.0
65917,1999097.0
65918,8213524.0
65919,7217634.0
65920,2021934.0
65921,2025297.0
65922,3752885.0
65923,4015749.0
65924,3218918.0
65925,1882131.0
65926,1999097.0
65927,7217634.0
65928,3778621.0
65929,3745135.0
65930,3351383.0
65931,3347767.0
65932,4052733.0
65933,2021934.0
65934,3982767.0
65935,3426169.0
65936,3351383.0
65937,6363241.0
65938,3778621.0
65939,2551252.0
65940,4350573.0
65941,2097022.0
65942,3351383.0
65943,3248660.0
65944,6313221.0
65945,2058644.0
65946,3351383.0
65947,4052733.0
65948,6836483.0
65949,2055379.0
65950,3752885.0
65951,1756069.0
65952,7592272.0
65953,3982767.0
65954,2021934.0
65955,4219263.0
65956,4467728.0
65957,2344689.0
65958,3956086.0
65959,3004429.0
65960,4807746.0
65961,5595267.0
65962,3778621.0
65963,6782425.0
65964,3028267.0
65965,4491607.0
65966,5595267.0
65967,1999097.0
65968,1149870.0
65969,2025297.0
65970,3410878.0
65971,3351383.0
65972,5017319.0
65973,1904842.0
65974,3745135.0
65975,2055379.0
65976,3939804.0
65977,1847826.0
65978,3426169.0
65979,3780019.0
65980,4015749.0
65981,2344689.0
65982,1904842.0
65983,4015749.0
65984,3004429.0
65985,2021934.0
65986,2018785.0
65987,3745135.0
65988,2544857.0
65989,3410878.0
65990,1847826.0
65991,2021934.0
65992,3982767.0
65993,2058644.0
65994,5595267.0
65995,1149870.0
65996,2993069.0
65997,3982767.0
65998,4350573.0
65999,3351383.0
66000,2055379.0
66001,3028267.0
66002,2344689.0
66003,3447890.0
66004,5525735.0
66005,2156098.0
66006,2097022.0
66007,2344689.0
66008,2021934.0
66009,2738052.0
66010,4316715.0
66011,2097022.0
66012,3778621.0
66013,2058644.0
66014,3426169.0
66015,3600467.0
66016,6923131.0
66017,3261924.0
66018,3248660.0
66019,1734634.0
66020,2058644.0
66021,4467728.0
66022,2993069.0
66023,5653753.0
66024,7217634.0
66025,6836483.0
66026,2156098.0
66027,4350573.0
66028,1756069.0
66029,5595267.0
66030,3939804.0
66031,3727364.0
66032,4952255.0
66033,2344689.0
66034,2792031.0
66035,4467728.0
66036,1619683.0
66037,6694797.0
66038,4155435.0
66039,1734634.0
66040,3347767.0
66041,4491607.0
66042,6782425.0
66043,3778621.0
66044,2993069.0
66045,2675511.0
66046,1270499.0
66047,7217634.0
66048,3752885.0
66049,2058644.0
66050,3807496.0
66051,6412623.0
66052,3410878.0
66053,5017319.0
66054,3447890.0
66055,4219263.0
66056,4705945.0
66057,3261924.0
66058,6313221.0
66059,6694797.0
66060,3351383.0
66061,8213524.0
66062,2993069.0
66063,3600467.0
66064,4100886.0
66065,2267425.0
66066,2344689.0
66067,1149870.0
66068,3410878.0
66069,3780019.0
66070,6941173.0
66071,4067566.0
66072,3351383.0
66073,6836483.0
66074,6923131.0
66075,2792031.0
66076,3447890.0
66077,6694797.0
66078,3452382.0
66079,2732645.0
66080,6313221.0
66081,6412623.0
66082,2792031.0
66083,8213524.0
66084,2675511.0
66085,3028267.0
66086,1756069.0
66087,4219263.0
66088,2021934.0
66089,3727364.0
66090,6836483.0
66091,3351383.0
66092,3570392.0
66093,4250553.0
66094,1619683.0
66095,5500818.0
66096,1756069.0
66097,7865428.0
66098,3218918.0
66099,1882131.0
66100,2018785.0
66101,4067566.0
66102,1999097.0
66103,5595267.0
66104,3347767.0
66105,4015749.0
66106,4491607.0
66107,1149870.0
66108,2344689.0
66109,1619683.0
66110,5161370.0
66111,3939804.0
66112,3445076.0
66113,1999097.0
66114,3600467.0
66115,4286645.0
66116,2097022.0
66117,4350573.0
66118,3248660.0
66119,4952255.0
66120,2021934.0
66121,4705945.0
66122,3903884.0
66123,3426169.0
66124,1149870.0
66125,3447890.0
66126,7201784.0
66127,3347767.0
66128,2344689.0
66129,3351383.0
66130,4250553.0
66131,3903884.0
66132,8213524.0
66133,3376145.0
66134,7865428.0
66135,2025297.0
66136,5787594.0
66137,2371202.0
66138,2097022.0
66139,4250758.0
66140,2021934.0
66141,2371202.0
66142,5595267.0
66143,3982767.0
66144,3351383.0
66145,3351383.0
66146,3261924.0
66147,4286645.0
66148,3447890.0
66149,4250758.0
66150,1149870.0
66151,4250553.0
66152,8213524.0
66153,1149870.0
66154,3410878.0
66155,6412623.0
66156,1619683.0
66157,3347767.0
66158,3248660.0
66159,3347767.0
66160,3199619.0
66161,2551252.0
66162,2390534.0
66163,6694797.0
66164,4554237.0
66165,3780019.0
66166,3351383.0
66167,2083447.0
66168,2792031.0
66169,2390534.0
66170,2344689.0
66171,6313221.0
66172,4952255.0
66173,6923131.0
66174,4590423.0
66175,3028267.0
66176,3004429.0
66177,3273041.0
66178,4219263.0
66179,1999097.0
66180,7201784.0
66181,2055379.0
66182,2021934.0
66183,4052733.0
66184,4554237.0
66185,4807746.0
66186,2097022.0
66187,3447890.0
66188,3410878.0
66189,2018785.0
66190,3784230.0
66191,3778621.0
66192,5017319.0
66193,3004429.0
66194,3028267.0
66195,4015749.0
66196,3426169.0
66197,5017319.0
66198,1904842.0
66199,2267425.0
66200,3452382.0
66201,4250553.0
66202,1847826.0
66203,2792031.0
66204,4705945.0
66205,3004429.0
66206,1999097.0
66207,2675511.0
66208,2675511.0
66209,4219263.0
66210,2344689.0
66211,4491607.0
66212,6782425.0
66213,1756069.0
66214,2083447.0
66215,2021934.0
66216,2018785.0
66217,7201784.0
66218,6923131.0
66219,7592272.0
66220,4015749.0
66221,1882131.0
66222,3745135.0
66223,2018785.0
66224,3447890.0
66225,2390534.0
66226,6313221.0
66227,4067566.0
66228,3351383.0
66229,8894598.0
66230,2344689.0
66231,5435276.0
66232,3273041.0
66233,2344689.0
66234,3376145.0
66235,1999097.0
66236,8213524.0
66237,1149870.0
66238,2551252.0
66239,6313221.0
66240,3351383.0
66241,2344689.0
66242,3447890.0
66243,1847826.0
66244,2021934.0
66245,4286645.0
66246,2344689.0
66247,3351383.0
66248,4015749.0
66249,2792031.0
66250,2058644.0
66251,3426169.0
66252,16549064.0
66253,5500818.0
66254,2021934.0
66255,7592272.0
66256,3982767.0
66257,4705945.0
66258,3600467.0
66259,4066618.0
66260,2551252.0
66261,1619683.0
66262,3956086.0
66263,9262754.0
66264,4807746.0
66265,5337526.0
66266,5161370.0
66267,3347767.0
66268,4882985.0
66269,4264176.0
66270,4250553.0
66271,3600467.0
66272,2097022.0
66273,2156098.0
66274,4350573.0
66275,4066618.0
66276,3199619.0
66277,6923131.0
66278,1619683.0
66279,2390534.0
66280,1149870.0
66281,4264176.0
66282,7865428.0
66283,8213524.0
66284,2021934.0
66285,6694797.0
66286,2544857.0
66287,3939804.0
66288,5444227.0
66289,2344689.0
66290,4015749.0
66291,3447890.0
66292,3753720.0
66293,1904842.0
66294,7495092.0
66295,2525375.0
66296,2025297.0
66297,5017319.0
66298,5461700.0
66299,6694797.0
66300,5166635.0
66301,1270499.0
66302,3273041.0
66303,5787594.0
66304,9652350.0
66305,2344689.0
66306,4491607.0
66307,4250758.0
66308,2551252.0
66309,2025297.0
66310,3410878.0
66311,6412623.0
66312,1619683.0
66313,2525375.0
66314,3836721.0
66315,3600467.0
66316,3347767.0
66317,4554237.0
66318,3376145.0
66319,1999097.0
66320,3836721.0
66321,4350573.0
66322,3218918.0
66323,3982767.0
66324,3939804.0
66325,2083447.0
66326,3199619.0
66327,3600467.0
66328,4491607.0
66329,2058644.0
66330,3004429.0
66331,3939804.0
66332,6412623.0
66333,3871344.0
66334,7495092.0
66335,2525375.0
66336,2383840.0
66337,2021934.0
66338,2525375.0
66339,1882131.0
66340,2018785.0
66341,5787594.0
66342,4467728.0
66343,3778621.0
66344,5595267.0
66345,1904842.0
66346,3199619.0
66347,2792031.0
66348,8894598.0
66349,2732645.0
66350,2390534.0
66351,4052733.0
66352,4015749.0
66353,7592272.0
66354,4264176.0
66355,6313221.0
66356,2390534.0
66357,4952255.0
66358,2390534.0
66359,3727364.0
66360,2058644.0
66361,2058644.0
66362,1270499.0
66363,5595267.0
66364,4052733.0
66365,9262754.0
66366,3218918.0
66367,3903884.0
66368,1904842.0
66369,6363241.0
66370,4155435.0
66371,3351383.0
66372,3004429.0
66373,2058644.0
66374,2058644.0
66375,4316715.0
66376,3903884.0
66377,6313221.0
66378,7592272.0
66379,2344689.0
66380,6694797.0
66381,3447890.0
66382,3727364.0
66383,1904842.0
66384,8213524.0
66385,2156098.0
66386,3447890.0
66387,4250758.0
66388,1847826.0
66389,1270499.0
66390,5435276.0
66391,4067566.0
66392,3752885.0
66393,4888774.0
66394,2954086.0
66395,5161370.0
66396,7592272.0
66397,4467728.0
66398,2058644.0
66399,4316715.0
66400,2055379.0
66401,6412623.0
66402,3600467.0
66403,3600467.0
66404,2021934.0
66405,8213524.0
66406,1882131.0
66407,3982767.0
66408,3410878.0
66409,1999097.0
66410,3004429.0
66411,1270499.0
66412,4316715.0
66413,4780607.0
66414,2732645.0
66415,1149870.0
66416,4491607.0
66417,2390534.0
66418,3004429.0
66419,4015749.0
66420,4350573.0
66421,2021934.0
66422,3778621.0
66423,2018785.0
66424,2390534.0
66425,5906596.0
66426,7592272.0
66427,3164972.0
66428,2058644.0
66429,2525375.0
66430,3004429.0
66431,6836483.0
66432,2018785.0
66433,4052733.0
66434,4807746.0
66435,2018785.0
66436,2055379.0
66437,3939804.0
66438,2390534.0
66439,6836483.0
66440,5461700.0
66441,4491607.0
66442,2544857.0
66443,2344689.0
66444,7592272.0
66445,4250553.0
66446,2732645.0
66447,1149870.0
66448,1999097.0
66449,3028267.0
66450,4250553.0
66451,3982767.0
66452,5653753.0
66453,4705945.0
66454,4067566.0
66455,2055379.0
66456,6836483.0
66457,1734634.0
66458,5906596.0
66459,6313221.0
66460,2993069.0
66461,1734634.0
66462,3347767.0
66463,3351383.0
66464,5337526.0
66465,6941173.0
66466,2993069.0
66467,2025297.0
66468,2371202.0
66469,4052733.0
66470,2097022.0
66471,2058644.0
66472,2083447.0
66473,1619683.0
66474,5595267.0
66475,4052733.0
66476,3600467.0
66477,4015749.0
66478,1847826.0
66479,6412623.0
66480,4015749.0
66481,2544857.0
66482,6313221.0
66483,4100886.0
66484,4316715.0
66485,2058644.0
66486,3008199.0
66487,2738052.0
66488,2344689.0
66489,8213524.0
66490,4264176.0
66491,4067566.0
66492,3982767.0
66493,3261924.0
66494,1999097.0
66495,2058644.0
66496,3956086.0
66497,2371202.0
66498,1999097.0
66499,8213524.0
66500,2097022.0
66501,3376145.0
66502,2058644.0
66503,2025297.0
66504,2156098.0
66505,4780607.0
66506,2344689.0
66507,6941173.0
66508,2738052.0
66509,3410878.0
66510,8213524.0
66511,6836483.0
66512,2551252.0
66513,4066618.0
66514,2021934.0
66515,3745135.0
66516,1882131.0
66517,1734634.0
66518,1882131.0
66519,2097022.0
66520,2156098.0
66521,8213524.0
66522,1734634.0
66523,4491607.0
66524,2390534.0
66525,3778621.0
66526,7217634.0
66527,3727364.0
66528,3939804.0
66529,1999097.0
66530,3028267.0
66531,1904842.0
66532,4219263.0
66533,3347767.0
66534,2021934.0
66535,4491607.0
66536,2025297.0
66537,3778621.0
66538,1763231.0
66539,2018785.0
66540,6313221.0
66541,2390534.0
66542,2344689.0
66543,4590423.0
66544,3410878.0
66545,4952255.0
66546,7201784.0
66547,4467728.0
66548,6941173.0
66549,3447890.0
66550,2156098.0
66551,4155435.0
66552,8894598.0
66553,5444227.0
66554,3351383.0
66555,2738052.0
66556,3956086.0
66557,2732645.0
66558,2344689.0
66559,3351383.0
66560,3752885.0
66561,4052733.0
66562,2993069.0
66563,2383840.0
66564,3410878.0
66565,5461700.0
66566,1763231.0
66567,5595267.0
66568,1882131.0
66569,1999097.0
66570,3956086.0
66571,1270499.0
66572,2058644.0
66573,3982767.0
66574,2025297.0
66575,1149870.0
66576,4100886.0
66577,4264176.0
66578,4651866.0
66579,6412623.0
66580,2390534.0
66581,2055379.0
66582,4066618.0
66583,3752885.0
66584,7865428.0
66585,1999097.0
66586,4952255.0
66587,2993069.0
66588,2344689.0
66589,4952255.0
66590,3347767.0
66591,2058644.0
66592,3982767.0
66593,2267425.0
66594,4491607.0
66595,3939804.0
66596,3447890.0
66597,3218918.0
66598,6694797.0
66599,8213524.0
66600,4015749.0
66601,2156098.0
66602,6923131.0
66603,2732645.0
66604,2097022.0
66605,2097022.0
66606,2371202.0
66607,1270499.0
66608,4316715.0
66609,2738052.0
66610,6694797.0
66611,2267425.0
66612,5787594.0
66613,3600467.0
66614,5337526.0
66615,4052733.0
66616,4467728.0
66617,5595267.0
66618,3600467.0
66619,1149870.0
66620,1756069.0
66621,7592272.0
66622,7865428.0
66623,1756069.0
66624,5595267.0
66625,4467728.0
66626,4052733.0
66627,4052733.0
66628,2792031.0
66629,4590423.0
66630,4350573.0
66631,3351383.0
66632,4780607.0
66633,3347767.0
66634,4491607.0
66635,1999097.0
66636,3410878.0
66637,4052733.0
66638,4015749.0
66639,3347767.0
66640,4155435.0
66641,3347767.0
66642,1734634.0
66643,2058644.0
66644,3410878.0
66645,2018785.0
66646,2792031.0
66647,3164972.0
66648,3004429.0
66649,2344689.0
66650,3982767.0
66651,1270499.0
66652,5500818.0
66653,3600467.0
66654,6363241.0
66655,3273041.0
66656,8213524.0
66657,1149870.0
66658,2675511.0
66659,7495092.0
66660,8904084.0
66661,4100886.0
66662,4052733.0
66663,4316715.0
66664,4705945.0
66665,5337526.0
66666,3982767.0
66667,4100886.0
66668,7865428.0
66669,5595267.0
66670,3600467.0
66671,3351383.0
66672,2021934.0
66673,1904842.0
66674,6313221.0
66675,3447890.0
66676,4491607.0
66677,7201784.0
66678,3004429.0
66679,2021934.0
66680,3753720.0
66681,3445076.0
66682,2097022.0
66683,1882131.0
66684,1999097.0
66685,3410878.0
66686,3426169.0
66687,3347767.0
66688,2021934.0
66689,7201784.0
66690,3351383.0
66691,2018785.0
66692,1882131.0
66693,7217634.0
66694,1619683.0
66695,2021934.0
66696,4015749.0
66697,2993069.0
66698,4952255.0
66699,8213524.0
66700,4705945.0
66701,2097022.0
66702,4491607.0
66703,4067566.0
66704,3600467.0
66705,2344689.0
66706,3261924.0
66707,6923131.0
66708,2097022.0
66709,2371202.0
66710,5444227.0
66711,5595267.0
66712,3347767.0
66713,6313221.0
66714,2344689.0
66715,9652350.0
66716,2371202.0
66717,2021934.0
66718,3447890.0
66719,1882131.0
66720,2525375.0
66721,1763231.0
66722,2344689.0
66723,4263629.0
66724,6412623.0
66725,8904084.0
66726,3347767.0
66727,2344689.0
66728,4882985.0
66729,1756069.0
66730,7217634.0
66731,4316715.0
66732,1619683.0
66733,6412623.0
66734,2021934.0
66735,4264176.0
66736,1904842.0
66737,1999097.0
66738,6941173.0
66739,2792031.0
66740,3347767.0
66741,1149870.0
66742,3347767.0
66743,3410878.0
66744,3426169.0
66745,5525735.0
66746,1270499.0
66747,3347767.0
66748,4350573.0
66749,4467728.0
66750,1882131.0
66751,3347767.0
66752,3753720.0
66753,1756069.0
66754,3982767.0
66755,2018785.0
66756,9262754.0
66757,5653753.0
66758,4052733.0
66759,2344689.0
66760,3745135.0
66761,4250553.0
66762,7217634.0
66763,5286212.0
66764,3004429.0
66765,1756069.0
66766,3600467.0
66767,3199619.0
66768,9262754.0
66769,4263629.0
66770,3347767.0
66771,7217634.0
66772,2097022.0
66773,4350573.0
66774,1999097.0
66775,2025297.0
66776,1149870.0
66777,4264176.0
66778,1882131.0
66779,8213524.0
66780,4888774.0
66781,4952255.0
66782,3004429.0
66783,2675511.0
66784,1882131.0
66785,7592272.0
66786,8894598.0
66787,4554237.0
66788,1619683.0
66789,2390534.0
66790,8213524.0
66791,4491607.0
66792,3745135.0
66793,3778621.0
66794,3410878.0
66795,9652350.0
66796,3410878.0
66797,5500818.0
66798,4015749.0
66799,2021934.0
66800,2058644.0
66801,3745135.0
66802,2344689.0
66803,8213524.0
66804,3810007.0
66805,1756069.0
66806,6313221.0
66807,2544857.0
66808,3351383.0
66809,1149870.0
66810,2097022.0
66811,4491607.0
66812,2390534.0
66813,2954086.0
66814,4264176.0
66815,1763231.0
66816,6363241.0
66817,1149870.0
66818,6412623.0
66819,2097022.0
66820,5595267.0
66821,1734634.0
66822,3753720.0
66823,1149870.0
66824,5444227.0
66825,3273041.0
66826,1270499.0
66827,4780607.0
66828,5787594.0
66829,7592272.0
66830,3347767.0
66831,8213524.0
66832,1619683.0
66833,4155435.0
66834,1999097.0
66835,5653753.0
66836,2675511.0
66837,7201784.0
66838,3164972.0
66839,3410878.0
66840,8213524.0
66841,3982767.0
66842,4350573.0
66843,3745135.0
66844,5017319.0
66845,8904084.0
66846,7201784.0
66847,3939804.0
66848,3351383.0
66849,1882131.0
66850,1270499.0
66851,3778621.0
66852,1149870.0
66853,7592272.0
66854,3004429.0
66855,3452382.0
66856,2344689.0
66857,3426169.0
66858,3347767.0
66859,4264176.0
66860,2383840.0
66861,1999097.0
66862,3004429.0
66863,3273041.0
66864,6923131.0
66865,2675511.0
66866,2390534.0
66867,1904842.0
66868,1149870.0
66869,7865428.0
66870,2018785.0
66871,2551252.0
66872,3351383.0
66873,1756069.0
66874,2525375.0
66875,3410878.0
66876,2021934.0
66877,1904842.0
66878,1847826.0
66879,4286645.0
66880,7592272.0
66881,3410878.0
66882,4554237.0
66883,2058644.0
66884,2732645.0
66885,2018785.0
66886,2021934.0
66887,2993069.0
66888,4263629.0
66889,7201784.0
66890,2055379.0
66891,5500818.0
66892,8213524.0
66893,1904842.0
66894,3752885.0
66895,1999097.0
66896,2058644.0
66897,4067566.0
66898,1756069.0
66899,3745135.0
66900,2390534.0
66901,1847826.0
66902,6782425.0
66903,2344689.0
66904,2097022.0
66905,1763231.0
66906,3753720.0
66907,3807496.0
66908,1270499.0
66909,1999097.0
66910,3745135.0
66911,3447890.0
66912,4807746.0
66913,1270499.0
66914,4888774.0
66915,4015749.0
66916,6941173.0
66917,2792031.0
66918,2390534.0
66919,3752885.0
66920,1734634.0
66921,2058644.0
66922,7217634.0
66923,7217634.0
66924,3939804.0
66925,2954086.0
66926,5435276.0
66927,2058644.0
66928,3447890.0
66929,5435276.0
66930,6941173.0
66931,3410878.0
66932,4015749.0
66933,2021934.0
66934,1882131.0
66935,3351383.0
66936,3727364.0
66937,2267425.0
66938,7592272.0
66939,3258837.0
66940,2551252.0
66941,5166635.0
66942,6941173.0
66943,1619683.0
66944,4052733.0
66945,7201784.0
66946,6941173.0
66947,1149870.0
66948,4888774.0
66949,2058644.0
66950,5525735.0
66951,2097022.0
66952,3410878.0
66953,4263629.0
66954,2525375.0
66955,2390534.0
66956,2738052.0
66957,4952255.0
66958,3351383.0
66959,8894598.0
66960,3028267.0
66961,3452382.0
66962,2371202.0
66963,6412623.0
66964,6313221.0
66965,6836483.0
66966,3447890.0
66967,6836483.0
66968,3982767.0
66969,1270499.0
66970,5166635.0
66971,4554237.0
66972,2025297.0
66973,1882131.0
66974,3445076.0
66975,7201784.0
66976,3004429.0
66977,3258837.0
66978,5653753.0
66979,6363241.0
66980,3351383.0
66981,3600467.0
66982,5787594.0
66983,4250553.0
66984,6363241.0
66985,4067566.0
66986,4316715.0
66987,1999097.0
66988,3982767.0
66989,7495092.0
66990,2018785.0
66991,4100886.0
66992,6412623.0
66993,7592272.0
66994,2732645.0
66995,1149870.0
66996,2993069.0
66997,2371202.0
66998,3600467.0
66999,4705945.0
67000,4067566.0
67001,2097022.0
67002,2021934.0
67003,2344689.0
67004,9652350.0
67005,6412623.0
67006,3004429.0
67007,1904842.0
67008,4316715.0
67009,6694797.0
67010,4100886.0
67011,2792031.0
67012,1847826.0
67013,4264176.0
67014,9652350.0
67015,2525375.0
67016,1270499.0
67017,3004429.0
67018,3004429.0
67019,2267425.0
67020,6694797.0
67021,4467728.0
67022,2055379.0
67023,2097022.0
67024,3410878.0
67025,1999097.0
67026,2383840.0
67027,3351383.0
67028,8213524.0
67029,2058644.0
67030,1756069.0
67031,3939804.0
67032,3347767.0
67033,2267425.0
67034,3752885.0
67035,3982767.0
67036,2544857.0
67037,3218918.0
67038,7217634.0
67039,4888774.0
67040,5906596.0
67041,2055379.0
67042,5461700.0
67043,2058644.0
67044,6412623.0
67045,6923131.0
67046,5595267.0
67047,2083447.0
67048,2058644.0
67049,3982767.0
67050,3218918.0
67051,2097022.0
67052,3351383.0
67053,4888774.0
67054,3426169.0
67055,9652350.0
67056,6363241.0
67057,2018785.0
67058,2156098.0
67059,6836483.0
67060,3347767.0
67061,4350573.0
67062,2954086.0
67063,3347767.0
67064,7592272.0
67065,2364478.0
67066,3600467.0
67067,3351383.0
67068,7217634.0
67069,2058644.0
67070,6836483.0
67071,5444227.0
67072,8904084.0
67073,5017319.0
67074,2344689.0
67075,1149870.0
67076,3273041.0
67077,2344689.0
67078,4067566.0
67079,1999097.0
67080,6923131.0
67081,2344689.0
67082,8213524.0
67083,4066618.0
67084,3273041.0
67085,4066618.0
67086,6941173.0
67087,3600467.0
67088,1847826.0
67089,4067566.0
67090,3351383.0
67091,7592272.0
67092,1847826.0
67093,3347767.0
67094,3836721.0
67095,16549064.0
67096,3426169.0
67097,2738052.0
67098,6923131.0
67099,1904842.0
67100,7592272.0
67101,7495092.0
67102,4350573.0
67103,2675511.0
67104,6412623.0
67105,4015749.0
67106,1756069.0
67107,3248660.0
67108,1904842.0
67109,2344689.0
67110,2267425.0
67111,2055379.0
67112,4155435.0
67113,2344689.0
67114,7592272.0
67115,2018785.0
67116,4467728.0
67117,4015749.0
67118,9262754.0
67119,6412623.0
67120,2021934.0
67121,3903884.0
67122,2993069.0
67123,3410878.0
67124,8213524.0
67125,4554237.0
67126,3447890.0
67127,3351383.0
67128,3982767.0
67129,3351383.0
67130,2544857.0
67131,9262754.0
67132,3347767.0
67133,2021934.0
67134,8213524.0
67135,3410878.0
67136,4705945.0
67137,6313221.0
67138,2383840.0
67139,1756069.0
67140,4888774.0
67141,2097022.0
67142,8894598.0
67143,2058644.0
67144,2021934.0
67145,3426169.0
67146,6941173.0
67147,3008199.0
67148,5337526.0
67149,3273041.0
67150,4467728.0
67151,2058644.0
67152,4491607.0
67153,4554237.0
67154,7865428.0
67155,2156098.0
67156,4316715.0
67157,1619683.0
67158,2344689.0
67159,4067566.0
67160,4052733.0
67161,3447890.0
67162,3982767.0
67163,3778621.0
67164,4250553.0
67165,7201784.0
67166,4554237.0
67167,1904842.0
67168,3351383.0
67169,3956086.0
67170,1999097.0
67171,4491607.0
67172,3810007.0
67173,2058644.0
67174,1756069.0
67175,7592272.0
67176,1270499.0
67177,4807746.0
67178,4491607.0
67179,7592272.0
67180,4952255.0
67181,1149870.0
67182,3780019.0
67183,4219263.0
67184,3982767.0
67185,2792031.0
67186,2058644.0
67187,3351383.0
67188,3426169.0
67189,4250553.0
67190,4250758.0
67191,4066618.0
67192,4429512.0
67193,7592272.0
67194,2058644.0
67195,1847826.0
67196,2344689.0
67197,3780019.0
67198,3982767.0
67199,2025297.0
67200,2055379.0
67201,2371202.0
67202,1882131.0
67203,3903884.0
67204,5525735.0
67205,2344689.0
67206,2055379.0
67207,2018785.0
67208,4590423.0
67209,9652350.0
67210,1763231.0
67211,4491607.0
67212,3956086.0
67213,3752885.0
67214,3447890.0
67215,6363241.0
67216,3727364.0
67217,3982767.0
67218,2390534.0
67219,6313221.0
67220,6313221.0
67221,3347767.0
67222,3836721.0
67223,3351383.0
67224,5595267.0
67225,4155435.0
67226,2018785.0
67227,3004429.0
67228,4250553.0
67229,9262754.0
67230,6313221.0
67231,9262754.0
67232,4590423.0
67233,4429512.0
67234,4250553.0
67235,2344689.0
67236,3745135.0
67237,2021934.0
67238,4882985.0
67239,1619683.0
67240,8904084.0
67241,2344689.0
67242,1763231.0
67243,3745135.0
67244,2551252.0
67245,3982767.0
67246,2025297.0
67247,1882131.0
67248,4052733.0
67249,2525375.0
67250,8213524.0
67251,4758476.0
67252,1756069.0
67253,2018785.0
67254,3008199.0
67255,4491607.0
67256,3347767.0
67257,3600467.0
67258,2344689.0
67259,4250553.0
67260,7865428.0
67261,1270499.0
67262,6836483.0
67263,3982767.0
67264,4316715.0
67265,7495092.0
67266,1756069.0
67267,3410878.0
67268,3258837.0
67269,5525735.0
67270,2055379.0
67271,4491607.0
67272,3004429.0
67273,3218918.0
67274,2371202.0
67275,6313221.0
67276,4952255.0
67277,2551252.0
67278,4467728.0
67279,3982767.0
67280,5525735.0
67281,2675511.0
67282,4491607.0
67283,1999097.0
67284,1882131.0
67285,5525735.0
67286,1734634.0
67287,7592272.0
67288,3752885.0
67289,3410878.0
67290,2267425.0
67291,2097022.0
67292,2058644.0
67293,2018785.0
67294,4015749.0
67295,4219263.0
67296,3004429.0
67297,1847826.0
67298,9262754.0
67299,6941173.0
67300,4491607.0
67301,4066618.0
67302,3351383.0
67303,2344689.0
67304,9652350.0
67305,5435276.0
67306,2344689.0
67307,3351383.0
67308,4052733.0
67309,3004429.0
67310,3600467.0
67311,3426169.0
67312,3447890.0
67313,4316715.0
67314,2740687.0
67315,2390534.0
67316,4015749.0
67317,1619683.0
67318,2390534.0
67319,1149870.0
67320,8213524.0
67321,3903884.0
67322,2675511.0
67323,1882131.0
67324,3351383.0
67325,5337526.0
67326,1619683.0
67327,2738052.0
67328,2675511.0
67329,7495092.0
67330,3982767.0
67331,2999068.0
67332,3410878.0
67333,2792031.0
67334,1149870.0
67335,4807746.0
67336,3600467.0
67337,1756069.0
67338,2021934.0
67339,3745135.0
67340,2954086.0
67341,3347767.0
67342,1756069.0
67343,6412623.0
67344,4316715.0
67345,7592272.0
67346,3028267.0
67347,7201784.0
67348,2058644.0
67349,2993069.0
67350,2156098.0
67351,1847826.0
67352,2344689.0
67353,2364478.0
67354,1270499.0
67355,3447890.0
67356,2344689.0
67357,2738052.0
67358,1270499.0
67359,2021934.0
67360,1270499.0
67361,5595267.0
67362,1904842.0
67363,7865428.0
67364,1619683.0
67365,3745135.0
67366,3745135.0
67367,6923131.0
67368,1999097.0
67369,5525735.0
67370,4015749.0
67371,1847826.0
67372,3780019.0
67373,2058644.0
67374,2344689.0
67375,2371202.0
67376,1847826.0
67377,8213524.0
67378,7865428.0
67379,3248660.0
67380,4554237.0
67381,6313221.0
67382,2156098.0
67383,4052733.0
67384,2675511.0
67385,3956086.0
67386,3273041.0
67387,4316715.0
67388,2792031.0
67389,3347767.0
67390,3982767.0
67391,1847826.0
67392,1149870.0
67393,8894598.0
67394,2551252.0
67395,3939804.0
67396,2267425.0
67397,4554237.0
67398,6412623.0
67399,3956086.0
67400,4491607.0
67401,3410878.0
67402,2383840.0
67403,6412623.0
67404,1270499.0
67405,4952255.0
67406,2732645.0
67407,3445076.0
67408,1619683.0
67409,2738052.0
67410,3939804.0
67411,9652350.0
67412,6313221.0
67413,3351383.0
67414,2792031.0
67415,4067566.0
67416,1270499.0
67417,3351383.0
67418,6694797.0
67419,3351383.0
67420,4250553.0
67421,5435276.0
67422,4316715.0
67423,6694797.0
67424,2383840.0
67425,5595267.0
67426,7201784.0
67427,5595267.0
67428,5595267.0
67429,3836721.0
67430,1619683.0
67431,3410878.0
67432,4952255.0
67433,4780607.0
67434,2021934.0
67435,4250553.0
67436,3778621.0
67437,1270499.0
67438,2738052.0
67439,4491607.0
67440,3351383.0
67441,2025297.0
67442,2018785.0
67443,1999097.0
67444,3426169.0
67445,3745135.0
67446,1619683.0
67447,5435276.0
67448,3752885.0
67449,6313221.0
67450,3982767.0
67451,2058644.0
67452,1149870.0
67453,3939804.0
67454,4554237.0
67455,3351383.0
67456,3351383.0
67457,3376145.0
67458,8213524.0
67459,1882131.0
67460,1763231.0
67461,2732645.0
67462,7592272.0
67463,4250553.0
67464,4350573.0
67465,7592272.0
67466,4052733.0
67467,5461700.0
67468,4250553.0
67469,3939804.0
67470,4554237.0
67471,4780607.0
67472,2021934.0
67473,2344689.0
67474,2390534.0
67475,4350573.0
67476,2675511.0
67477,2055379.0
67478,3982767.0
67479,3807496.0
67480,3410878.0
67481,8213524.0
67482,1270499.0
67483,2344689.0
67484,7217634.0
67485,3600467.0
67486,13575224.0
67487,2156098.0
67488,3745135.0
67489,2738052.0
67490,8213524.0
67491,4705945.0
67492,6412623.0
67493,1756069.0
67494,3410878.0
67495,2058644.0
67496,7865428.0
67497,6363241.0
67498,3347767.0
67499,1763231.0
67500,2371202.0
67501,4067566.0
67502,2525375.0
67503,8904084.0
67504,3982767.0
67505,2021934.0
67506,3982767.0
67507,2738052.0
67508,2675511.0
67509,2267425.0
67510,2018785.0
67511,2344689.0
67512,3347767.0
67513,5337526.0
67514,1270499.0
67515,2025297.0
67516,1149870.0
67517,4316715.0
67518,2792031.0
67519,3028267.0
67520,3982767.0
67521,2018785.0
67522,6941173.0
67523,3376145.0
67524,3347767.0
67525,1756069.0
67526,3778621.0
67527,6313221.0
67528,4705945.0
67529,3447890.0
67530,4807746.0
67531,6694797.0
67532,3445076.0
67533,7217634.0
67534,4888774.0
67535,4015749.0
67536,2058644.0
67537,1847826.0
67538,2732645.0
67539,4705945.0
67540,6941173.0
67541,2018785.0
67542,2390534.0
67543,5525735.0
67544,8213524.0
67545,2675511.0
67546,6313221.0
67547,1999097.0
67548,3347767.0
67549,3347767.0
67550,6941173.0
67551,2732645.0
67552,3351383.0
67553,3008199.0
67554,2371202.0
67555,2344689.0
67556,1999097.0
67557,5166635.0
67558,9652350.0
67559,2267425.0
67560,2018785.0
67561,1270499.0
67562,1756069.0
67563,4491607.0
67564,3745135.0
67565,1999097.0
67566,3347767.0
67567,6836483.0
67568,4136425.0
67569,2018785.0
67570,3780019.0
67571,4250553.0
67572,1882131.0
67573,3600467.0
67574,4136425.0
67575,2344689.0
67576,4250553.0
67577,6313221.0
67578,2021934.0
67579,3351383.0
67580,3727364.0
67581,2993069.0
67582,5595267.0
67583,6412623.0
67584,2738052.0
67585,6941173.0
67586,2021934.0
67587,2544857.0
67588,2097022.0
67589,2344689.0
67590,3956086.0
67591,1756069.0
67592,2675511.0
67593,2675511.0
67594,4590423.0
67595,1999097.0
67596,3028267.0
67597,2025297.0
67598,3004429.0
67599,3982767.0
67600,1619683.0
67601,4705945.0
67602,7495092.0
67603,3807496.0
67604,3753720.0
67605,4250553.0
67606,4052733.0
67607,2390534.0
67608,1999097.0
67609,5500818.0
67610,3347767.0
67611,4705945.0
67612,2390534.0
67613,2267425.0
67614,6782425.0
67615,1999097.0
67616,2025297.0
67617,3218918.0
67618,2021934.0
67619,3939804.0
67620,1149870.0
67621,2344689.0
67622,4066618.0
67623,2021934.0
67624,3261924.0
67625,1270499.0
67626,3351383.0
67627,8904084.0
67628,3347767.0
67629,4015749.0
67630,2792031.0
67631,2993069.0
67632,1999097.0
67633,2390534.0
67634,2390534.0
67635,3780019.0
67636,1999097.0
67637,3004429.0
67638,2055379.0
67639,1734634.0
67640,4705945.0
67641,2018785.0
67642,2097022.0
67643,2018785.0
67644,2097022.0
67645,4067566.0
67646,3600467.0
67647,1847826.0
67648,3347767.0
67649,9652350.0
67650,5595267.0
67651,2792031.0
67652,3008199.0
67653,4052733.0
67654,3351383.0
67655,2390534.0
67656,2675511.0
67657,2551252.0
67658,2732645.0
67659,5017319.0
67660,3982767.0
67661,7592272.0
67662,6694797.0
67663,3956086.0
67664,1619683.0
67665,1882131.0
67666,3347767.0
67667,3745135.0
67668,2792031.0
67669,4250758.0
67670,6941173.0
67671,1882131.0
67672,2156098.0
67673,3351383.0
67674,2018785.0
67675,2021934.0
67676,3199619.0
67677,3347767.0
67678,4052733.0
67679,3810007.0
67680,1756069.0
67681,3807496.0
67682,1756069.0
67683,3199619.0
67684,3956086.0
67685,4491607.0
67686,4155435.0
67687,1619683.0
67688,3745135.0
67689,2999068.0
67690,2371202.0
67691,6694797.0
67692,2993069.0
67693,6313221.0
67694,4250758.0
67695,3982767.0
67696,1756069.0
67697,2344689.0
67698,3778621.0
67699,2732645.0
67700,4067566.0
67701,6923131.0
67702,1756069.0
67703,3426169.0
67704,2097022.0
67705,4590423.0
67706,3351383.0
67707,1999097.0
67708,2025297.0
67709,3347767.0
67710,1270499.0
67711,5595267.0
67712,4952255.0
67713,4264176.0
67714,2097022.0
67715,2732645.0
67716,3836721.0
67717,2156098.0
67718,5444227.0
67719,3982767.0
67720,2021934.0
67721,2083447.0
67722,1756069.0
67723,2732645.0
67724,4554237.0
67725,4067566.0
67726,7201784.0
67727,4250553.0
67728,2993069.0
67729,5595267.0
67730,2055379.0
67731,3600467.0
67732,2732645.0
67733,3347767.0
67734,3745135.0
67735,1756069.0
67736,2267425.0
67737,2097022.0
67738,5444227.0
67739,1619683.0
67740,5595267.0
67741,3871344.0
67742,4250553.0
67743,1149870.0
67744,5017319.0
67745,2097022.0
67746,4155435.0
67747,1270499.0
67748,3426169.0
67749,3351383.0
67750,3347767.0
67751,3447890.0
67752,2021934.0
67753,5595267.0
67754,4554237.0
67755,1756069.0
67756,3426169.0
67757,1847826.0
67758,1999097.0
67759,4250553.0
67760,7592272.0
67761,2058644.0
67762,3028267.0
67763,2021934.0
67764,3745135.0
67765,4250758.0
67766,2344689.0
67767,3273041.0
67768,2021934.0
67769,2055379.0
67770,4250553.0
67771,3753720.0
67772,6313221.0
67773,1149870.0
67774,2390534.0
67775,3903884.0
67776,3780019.0
67777,3004429.0
67778,6836483.0
67779,8894598.0
67780,5017319.0
67781,2364478.0
67782,2058644.0
67783,13575224.0
67784,1999097.0
67785,2055379.0
67786,1847826.0
67787,4780607.0
67788,2732645.0
67789,2792031.0
67790,3982767.0
67791,1270499.0
67792,2544857.0
67793,6363241.0
67794,9262754.0
67795,3810007.0
67796,8213524.0
67797,4250553.0
67798,7495092.0
67799,4066618.0
67800,2371202.0
67801,1882131.0
67802,6836483.0
67803,2544857.0
67804,3004429.0
67805,3351383.0
67806,3351383.0
67807,3410878.0
67808,6412623.0
67809,3199619.0
67810,3600467.0
67811,3410878.0
67812,4882985.0
67813,1270499.0
67814,3982767.0
67815,3956086.0
67816,2390534.0
67817,3351383.0
67818,1847826.0
67819,6363241.0
67820,6412623.0
67821,1999097.0
67822,3258837.0
67823,3004429.0
67824,2344689.0
67825,3939804.0
67826,6941173.0
67827,4491607.0
67828,2021934.0
67829,2738052.0
67830,3410878.0
67831,2055379.0
67832,2055379.0
67833,2675511.0
67834,4015749.0
67835,2344689.0
67836,5017319.0
67837,3028267.0
67838,3347767.0
67839,3939804.0
67840,5595267.0
67841,2675511.0
67842,3347767.0
67843,4780607.0
67844,2371202.0
67845,9652350.0
67846,2344689.0
67847,1999097.0
67848,1756069.0
67849,6923131.0
67850,3600467.0
67851,3261924.0
67852,2021934.0
67853,1619683.0
67854,2344689.0
67855,4491607.0
67856,6941173.0
67857,6412623.0
67858,3447890.0
67859,3982767.0
67860,4250553.0
67861,1756069.0
67862,3004429.0
67863,6412623.0
67864,3261924.0
67865,4100886.0
67866,6412623.0
67867,3600467.0
67868,2055379.0
67869,3410878.0
67870,2097022.0
67871,2344689.0
67872,2344689.0
67873,2055379.0
67874,5525735.0
67875,2371202.0
67876,4705945.0
67877,6923131.0
67878,3939804.0
67879,6412623.0
67880,4807746.0
67881,2055379.0
67882,2792031.0
67883,4250553.0
67884,1882131.0
67885,2792031.0
67886,1270499.0
67887,4491607.0
67888,6923131.0
67889,2544857.0
67890,1619683.0
67891,6941173.0
67892,6313221.0
67893,1847826.0
67894,8630682.0
67895,5595267.0
67896,5525735.0
67897,3218918.0
67898,2021934.0
67899,3600467.0
67900,1847826.0
67901,7592272.0
67902,2021934.0
67903,5435276.0
67904,4219263.0
67905,4705945.0
67906,4952255.0
67907,1149870.0
67908,2058644.0
67909,3410878.0
67910,2058644.0
67911,1270499.0
67912,7217634.0
67913,6941173.0
67914,2083447.0
67915,2344689.0
67916,4467728.0
67917,4219263.0
67918,2993069.0
67919,3347767.0
67920,3939804.0
67921,3410878.0
67922,3745135.0
67923,5444227.0
67924,2018785.0
67925,1756069.0
67926,2551252.0
67927,1999097.0
67928,4250758.0
67929,3347767.0
67930,3248660.0
67931,4316715.0
67932,2390534.0
67933,4263629.0
67934,3982767.0
67935,3600467.0
67936,4250553.0
67937,3447890.0
67938,2058644.0
67939,5161370.0
67940,5286212.0
67941,5787594.0
67942,2344689.0
67943,6782425.0
67944,2525375.0
67945,1904842.0
67946,4491607.0
67947,4491607.0
67948,3745135.0
67949,2097022.0
67950,2021934.0
67951,4554237.0
67952,4052733.0
67953,3600467.0
67954,2738052.0
67955,2792031.0
67956,6923131.0
67957,1904842.0
67958,6923131.0
67959,4807746.0
67960,1847826.0
67961,8213524.0
67962,1999097.0
67963,2993069.0
67964,1847826.0
67965,5595267.0
67966,6836483.0
67967,3939804.0
67968,3273041.0
67969,3376145.0
67970,4554237.0
67971,3199619.0
67972,2267425.0
67973,6694797.0
67974,3347767.0
67975,2058644.0
67976,5337526.0
67977,4705945.0
67978,3347767.0
67979,4052733.0
67980,1999097.0
67981,4807746.0
67982,3273041.0
67983,4554237.0
67984,9262754.0
67985,6412623.0
67986,3347767.0
67987,6412623.0
67988,5435276.0
67989,4015749.0
67990,6363241.0
67991,3982767.0
67992,4067566.0
67993,3410878.0
67994,3410878.0
67995,2738052.0
67996,4888774.0
67997,3836721.0
67998,4250758.0
67999,1619683.0
68000,2083447.0
68001,2097022.0
68002,3982767.0
68003,4015749.0
68004,4350573.0
68005,4705945.0
68006,1149870.0
68007,4250553.0
68008,6363241.0
68009,4491607.0
68010,3727364.0
68011,2364478.0
68012,4590423.0
68013,4807746.0
68014,1999097.0
68015,4264176.0
68016,2156098.0
68017,2156098.0
68018,1756069.0
68019,2058644.0
68020,4882985.0
68021,4316715.0
68022,2390534.0
68023,5595267.0
68024,3347767.0
68025,4705945.0
68026,2371202.0
68027,1847826.0
68028,4467728.0
68029,1619683.0
68030,1756069.0
68031,3447890.0
68032,1847826.0
68033,5787594.0
68034,3347767.0
68035,2732645.0
68036,3939804.0
68037,2021934.0
68038,1763231.0
68039,2999068.0
68040,3248660.0
68041,4952255.0
68042,2058644.0
68043,4155435.0
68044,4491607.0
68045,3778621.0
68046,3028267.0
68047,3982767.0
68048,2344689.0
68049,2097022.0
68050,1756069.0
68051,1882131.0
68052,5435276.0
68053,1619683.0
68054,3004429.0
68055,1999097.0
68056,2371202.0
68057,3745135.0
68058,3778621.0
68059,4052733.0
68060,2551252.0
68061,4067566.0
68062,1756069.0
68063,2344689.0
68064,1270499.0
68065,3982767.0
68066,1270499.0
68067,4758476.0
68068,4264176.0
68069,4888774.0
68070,5500818.0
68071,4952255.0
68072,3261924.0
68073,5906596.0
68074,4952255.0
68075,2675511.0
68076,3780019.0
68077,4429512.0
68078,1999097.0
68079,1904842.0
68080,3745135.0
68081,2156098.0
68082,3261924.0
68083,2525375.0
68084,5787594.0
68085,5525735.0
68086,2551252.0
68087,4952255.0
68088,3248660.0
68089,4015749.0
68090,4554237.0
68091,3351383.0
68092,3351383.0
68093,2525375.0
68094,3347767.0
68095,2018785.0
68096,2675511.0
68097,2993069.0
68098,1756069.0
68099,1270499.0
68100,4590423.0
68101,7201784.0
68102,3600467.0
68103,2055379.0
68104,2792031.0
68105,2551252.0
68106,2055379.0
68107,8213524.0
68108,3218918.0
68109,4067566.0
68110,3248660.0
68111,4015749.0
68112,1149870.0
68113,3258837.0
68114,3600467.0
68115,2097022.0
68116,1619683.0
68117,1999097.0
68118,2018785.0
68119,3004429.0
68120,2267425.0
68121,3600467.0
68122,6694797.0
68123,4316715.0
68124,2267425.0
68125,4067566.0
68126,2738052.0
68127,2675511.0
68128,7865428.0
68129,5461700.0
68130,3004429.0
68131,3410878.0
68132,1270499.0
68133,5444227.0
68134,3351383.0
68135,3447890.0
68136,2021934.0
68137,6412623.0
68138,6313221.0
68139,6412623.0
68140,2390534.0
68141,4067566.0
68142,3347767.0
68143,7865428.0
68144,4467728.0
68145,5595267.0
68146,3445076.0
68147,3982767.0
68148,2675511.0
68149,3745135.0
68150,4467728.0
68151,7201784.0
68152,3727364.0
68153,2732645.0
68154,2383840.0
68155,3780019.0
68156,2390534.0
68157,2390534.0
68158,5461700.0
68159,3753720.0
68160,1619683.0
68161,3447890.0
68162,1270499.0
68163,8904084.0
68164,3347767.0
68165,3982767.0
68166,2058644.0
68167,2740687.0
68168,1619683.0
68169,7865428.0
68170,5906596.0
68171,4250553.0
68172,3982767.0
68173,2738052.0
68174,4952255.0
68175,2383840.0
68176,1999097.0
68177,3410878.0
68178,2058644.0
68179,2344689.0
68180,3261924.0
68181,3004429.0
68182,3956086.0
68183,4491607.0
68184,4100886.0
68185,4467728.0
68186,3807496.0
68187,2344689.0
68188,2021934.0
68189,1847826.0
68190,3753720.0
68191,8213524.0
68192,1763231.0
68193,3248660.0
68194,7592272.0
68195,5337526.0
68196,1270499.0
68197,1270499.0
68198,8213524.0
68199,2055379.0
68200,1763231.0
68201,3351383.0
68202,3410878.0
68203,2344689.0
68204,4250553.0
68205,1999097.0
68206,6363241.0
68207,6923131.0
68208,2058644.0
68209,3351383.0
68210,2097022.0
68211,3426169.0
68212,4264176.0
68213,9652350.0
68214,7865428.0
68215,4888774.0
68216,7495092.0
68217,3745135.0
68218,2993069.0
68219,4705945.0
68220,4250758.0
68221,2344689.0
68222,3447890.0
68223,5337526.0
68224,2544857.0
68225,5595267.0
68226,6412623.0
68227,5500818.0
68228,4155435.0
68229,3426169.0
68230,3410878.0
68231,2525375.0
68232,7865428.0
68233,2738052.0
68234,6941173.0
68235,5906596.0
68236,1270499.0
68237,2993069.0
68238,4052733.0
68239,4250553.0
68240,1149870.0
68241,8213524.0
68242,7865428.0
68243,3426169.0
68244,4888774.0
68245,2097022.0
68246,3727364.0
68247,2344689.0
68248,3410878.0
68249,2544857.0
68250,1619683.0
68251,2675511.0
68252,1847826.0
68253,3218918.0
68254,5525735.0
68255,8213524.0
68256,4250553.0
68257,3727364.0
68258,1882131.0
68259,3752885.0
68260,4250758.0
68261,1149870.0
68262,3600467.0
68263,2097022.0
68264,1999097.0
68265,3351383.0
68266,3347767.0
68267,4705945.0
68268,3351383.0
68269,4491607.0
68270,3426169.0
68271,9652350.0
68272,2390534.0
68273,7865428.0
68274,6836483.0
68275,4052733.0
68276,7495092.0
68277,6363241.0
68278,3028267.0
68279,3939804.0
68280,8213524.0
68281,3778621.0
68282,4155435.0
68283,1270499.0
68284,4067566.0
68285,3982767.0
68286,2021934.0
68287,1999097.0
68288,8213524.0
68289,7217634.0
68290,4888774.0
68291,1619683.0
68292,3903884.0
68293,1149870.0
68294,3778621.0
68295,2021934.0
68296,1999097.0
68297,4491607.0
68298,3347767.0
68299,3745135.0
68300,1999097.0
68301,4250553.0
68302,6923131.0
68303,2732645.0
68304,1999097.0
68305,3956086.0
68306,7592272.0
68307,4554237.0
68308,3939804.0
68309,2993069.0
68310,4052733.0
68311,1882131.0
68312,4052733.0
68313,2083447.0
68314,2390534.0
68315,4467728.0
68316,2792031.0
68317,4286645.0
68318,1270499.0
68319,2021934.0
68320,4651866.0
68321,8213524.0
68322,2675511.0
68323,1999097.0
68324,4264176.0
68325,2371202.0
68326,9652350.0
68327,2021934.0
68328,3028267.0
68329,2055379.0
68330,4952255.0
68331,1270499.0
68332,3258837.0
68333,9262754.0
68334,4100886.0
68335,1999097.0
68336,1270499.0
68337,4780607.0
68338,8213524.0
68339,2267425.0
68340,3347767.0
68341,2097022.0
68342,2018785.0
68343,3600467.0
68344,2018785.0
68345,2954086.0
68346,4067566.0
68347,4467728.0
68348,4467728.0
68349,6941173.0
68350,5017319.0
68351,2156098.0
68352,4316715.0
68353,5444227.0
68354,9652350.0
68355,6313221.0
68356,4491607.0
68357,5337526.0
68358,2021934.0
68359,4067566.0
68360,3347767.0
68361,3258837.0
68362,3199619.0
68363,3778621.0
68364,1756069.0
68365,4467728.0
68366,2097022.0
68367,3753720.0
68368,3745135.0
68369,3376145.0
68370,3410878.0
68371,2058644.0
68372,2267425.0
68373,4952255.0
68374,6923131.0
68375,4100886.0
68376,2732645.0
68377,2675511.0
68378,1734634.0
68379,3727364.0
68380,4155435.0
68381,3745135.0
68382,2344689.0
68383,7495092.0
68384,2021934.0
68385,4705945.0
68386,3745135.0
68387,2544857.0
68388,3445076.0
68389,2021934.0
68390,5435276.0
68391,4491607.0
68392,3745135.0
68393,2675511.0
68394,4705945.0
68395,3258837.0
68396,1763231.0
68397,4250553.0
68398,8213524.0
68399,2344689.0
68400,6941173.0
68401,3600467.0
68402,3347767.0
68403,1734634.0
68404,5525735.0
68405,5166635.0
68406,3447890.0
68407,2344689.0
68408,1847826.0
68409,5337526.0
68410,6694797.0
68411,3939804.0
68412,3248660.0
68413,5017319.0
68414,3199619.0
68415,2021934.0
68416,3426169.0
68417,16549064.0
68418,5500818.0
68419,3778621.0
68420,3903884.0
68421,2055379.0
68422,3600467.0
68423,9652350.0
68424,3956086.0
68425,2993069.0
68426,4219263.0
68427,5595267.0
68428,4952255.0
68429,3008199.0
68430,2390534.0
68431,6412623.0
68432,2021934.0
68433,2390534.0
68434,1270499.0
68435,2675511.0
68436,1847826.0
68437,6313221.0
68438,1904842.0
68439,6694797.0
68440,7592272.0
68441,3745135.0
68442,2083447.0
68443,2267425.0
68444,4015749.0
68445,1270499.0
68446,4882985.0
68447,1619683.0
68448,2390534.0
68449,2267425.0
68450,4250553.0
68451,3447890.0
68452,9652350.0
68453,3447890.0
68454,3004429.0
68455,2551252.0
68456,3410878.0
68457,1847826.0
68458,3004429.0
68459,4250553.0
68460,2058644.0
68461,4250553.0
68462,3982767.0
68463,1756069.0
68464,1270499.0
68465,3410878.0
68466,3028267.0
68467,3956086.0
68468,4952255.0
68469,3004429.0
68470,4467728.0
68471,6313221.0
68472,2993069.0
68473,4015749.0
68474,2544857.0
68475,1999097.0
68476,3836721.0
68477,3351383.0
68478,4015749.0
68479,2732645.0
68480,6313221.0
68481,1149870.0
68482,1270499.0
68483,4952255.0
68484,2525375.0
68485,3445076.0
68486,6836483.0
68487,2792031.0
68488,2792031.0
68489,2390534.0
68490,2390534.0
68491,5500818.0
68492,7495092.0
68493,4250553.0
68494,3004429.0
68495,4952255.0
68496,1847826.0
68497,6313221.0
68498,1149870.0
68499,3778621.0
68500,3248660.0
68501,6836483.0
68502,6941173.0
68503,4350573.0
68504,3028267.0
68505,4952255.0
68506,6694797.0
68507,3600467.0
68508,6782425.0
68509,2097022.0
68510,1270499.0
68511,1904842.0
68512,1904842.0
68513,2058644.0
68514,2344689.0
68515,4780607.0
68516,2525375.0
68517,2792031.0
68518,1904842.0
68519,1847826.0
68520,2018785.0
68521,4350573.0
68522,1734634.0
68523,5966193.0
68524,4066618.0
68525,6313221.0
68526,4250553.0
68527,3600467.0
68528,2993069.0
68529,2371202.0
68530,3218918.0
68531,4250553.0
68532,1999097.0
68533,6941173.0
68534,7217634.0
68535,2390534.0
68536,1734634.0
68537,2544857.0
68538,3982767.0
68539,3351383.0
68540,4491607.0
68541,2018785.0
68542,3410878.0
68543,3745135.0
68544,3780019.0
68545,6363241.0
68546,1763231.0
68547,4491607.0
68548,4219263.0
68549,3982767.0
68550,2675511.0
68551,2058644.0
68552,2344689.0
68553,2999068.0
68554,4491607.0
68555,6412623.0
68556,4264176.0
68557,5017319.0
68558,8213524.0
68559,1756069.0
68560,1619683.0
68561,2021934.0
68562,2993069.0
68563,3600467.0
68564,1270499.0
68565,4015749.0
68566,2021934.0
68567,2792031.0
68568,4590423.0
68569,3410878.0
68570,4467728.0
68571,2344689.0
68572,2097022.0
68573,8213524.0
68574,5500818.0
68575,2021934.0
68576,7201784.0
68577,3248660.0
68578,4052733.0
68579,7592272.0
68580,3258837.0
68581,2675511.0
68582,3410878.0
68583,4136425.0
68584,4250553.0
68585,2021934.0
68586,6782425.0
68587,2156098.0
68588,3004429.0
68589,7865428.0
68590,3836721.0
68591,2993069.0
68592,4952255.0
68593,1763231.0
68594,1619683.0
68595,4250553.0
68596,5595267.0
68597,3351383.0
68598,3447890.0
68599,1756069.0
68600,1734634.0
68601,3273041.0
68602,3004429.0
68603,7217634.0
68604,6923131.0
68605,2344689.0
68606,9262754.0
68607,2018785.0
68608,7217634.0
68609,6412623.0
68610,3982767.0
68611,3745135.0
68612,4067566.0
68613,3410878.0
68614,4705945.0
68615,1270499.0
68616,6694797.0
68617,1999097.0
68618,6412623.0
68619,3351383.0
68620,3447890.0
68621,4350573.0
68622,3600467.0
68623,6941173.0
68624,9262754.0
68625,1619683.0
68626,1270499.0
68627,7217634.0
68628,5595267.0
68629,2097022.0
68630,2097022.0
68631,8213524.0
68632,1149870.0
68633,6836483.0
68634,3939804.0
68635,4052733.0
68636,7592272.0
68637,4067566.0
68638,3780019.0
68639,4350573.0
68640,1756069.0
68641,2732645.0
68642,2018785.0
68643,1999097.0
68644,3004429.0
68645,4350573.0
68646,2544857.0
68647,2675511.0
68648,3248660.0
68649,4554237.0
68650,3410878.0
68651,2792031.0
68652,5500818.0
68653,2025297.0
68654,5017319.0
68655,7865428.0
68656,5337526.0
68657,3447890.0
68658,2344689.0
68659,3956086.0
68660,3836721.0
68661,2021934.0
68662,1619683.0
68663,2018785.0
68664,3939804.0
68665,2058644.0
68666,2267425.0
68667,3745135.0
68668,6836483.0
68669,3752885.0
68670,7592272.0
68671,4052733.0
68672,3351383.0
68673,3004429.0
68674,4491607.0
68675,3351383.0
68676,7865428.0
68677,8213524.0
68678,2390534.0
68679,7201784.0
68680,2097022.0
68681,1847826.0
68682,6313221.0
68683,3347767.0
68684,2021934.0
68685,2371202.0
68686,3347767.0
68687,6313221.0
68688,4316715.0
68689,3004429.0
68690,1999097.0
68691,3376145.0
68692,1756069.0
68693,4286645.0
68694,2675511.0
68695,2344689.0
68696,3261924.0
68697,3028267.0
68698,1619683.0
68699,2993069.0
68700,5525735.0
68701,3028267.0
68702,1756069.0
68703,2675511.0
68704,5435276.0
68705,3778621.0
68706,3347767.0
68707,2055379.0
68708,4052733.0
68709,3939804.0
68710,1619683.0
68711,3818055.0
68712,2738052.0
68713,3351383.0
68714,1734634.0
68715,2018785.0
68716,3410878.0
68717,1619683.0
68718,3004429.0
68719,2675511.0
68720,2954086.0
68721,4052733.0
68722,1270499.0
68723,5444227.0
68724,3410878.0
68725,1904842.0
68726,3347767.0
68727,6941173.0
68728,2097022.0
68729,1904842.0
68730,3982767.0
68731,9262754.0
68732,1734634.0
68733,4219263.0
68734,3218918.0
68735,3426169.0
68736,2021934.0
68737,4250758.0
68738,5595267.0
68739,3347767.0
68740,1149870.0
68741,2738052.0
68742,4155435.0
68743,3600467.0
68744,5595267.0
68745,5435276.0
68746,3351383.0
68747,3982767.0
68748,4888774.0
68749,1149870.0
68750,2525375.0
68751,2738052.0
68752,2383840.0
68753,2097022.0
68754,7592272.0
68755,2021934.0
68756,2058644.0
68757,2371202.0
68758,4705945.0
68759,2021934.0
68760,3004429.0
68761,4467728.0
68762,3351383.0
68763,3982767.0
68764,13575224.0
68765,4888774.0
68766,5435276.0
68767,3028267.0
68768,4491607.0
68769,6782425.0
68770,1756069.0
68771,3376145.0
68772,4219263.0
68773,4264176.0
68774,7201784.0
68775,2018785.0
68776,3410878.0
68777,2018785.0
68778,2675511.0
68779,2058644.0
68780,4491607.0
68781,3273041.0
68782,2097022.0
68783,1756069.0
68784,2544857.0
68785,1882131.0
68786,1763231.0
68787,4807746.0
68788,3351383.0
68789,3956086.0
68790,2993069.0
68791,1999097.0
68792,2018785.0
68793,2156098.0
68794,6412623.0
68795,7201784.0
68796,2018785.0
68797,4052733.0
68798,3028267.0
68799,2390534.0
68800,3347767.0
68801,2058644.0
68802,9262754.0
68803,3447890.0
68804,3807496.0
68805,3410878.0
68806,2738052.0
68807,2097022.0
68808,2792031.0
68809,2675511.0
68810,2018785.0
68811,2021934.0
68812,1999097.0
68813,7865428.0
68814,3778621.0
68815,7495092.0
68816,6412623.0
68817,3982767.0
68818,5595267.0
68819,1619683.0
68820,5525735.0
68821,2390534.0
68822,5595267.0
68823,2738052.0
68824,5787594.0
68825,1847826.0
68826,5161370.0
68827,3727364.0
68828,3347767.0
68829,3753720.0
68830,5461700.0
68831,4067566.0
68832,1270499.0
68833,1270499.0
68834,2156098.0
68835,3956086.0
68836,3410878.0
68837,6412623.0
68838,6941173.0
68839,6782425.0
68840,3004429.0
68841,3347767.0
68842,2675511.0
68843,4590423.0
68844,3351383.0
68845,3600467.0
68846,5444227.0
68847,2999068.0
68848,2156098.0
68849,6412623.0
68850,3727364.0
68851,1999097.0
68852,3410878.0
68853,2383840.0
68854,7592272.0
68855,3376145.0
68856,1882131.0
68857,5435276.0
68858,4052733.0
68859,1999097.0
68860,6694797.0
68861,2018785.0
68862,2371202.0
68863,4952255.0
68864,3745135.0
68865,3745135.0
68866,4590423.0
68867,7201784.0
68868,6313221.0
68869,5337526.0
68870,4952255.0
68871,6941173.0
68872,2058644.0
68873,4705945.0
68874,3982767.0
68875,7865428.0
68876,3939804.0
68877,3028267.0
68878,3351383.0
68879,3004429.0
68880,2018785.0
68881,2371202.0
68882,16549064.0
68883,4491607.0
68884,4491607.0
68885,2344689.0
68886,2021934.0
68887,5166635.0
68888,4015749.0
68889,2525375.0
68890,2954086.0
68891,2344689.0
68892,1149870.0
68893,3982767.0
68894,2021934.0
68895,2267425.0
68896,1904842.0
68897,8213524.0
68898,2058644.0
68899,2993069.0
68900,3903884.0
68901,2792031.0
68902,2097022.0
68903,4067566.0
68904,3410878.0
68905,2021934.0
68906,3753720.0
68907,5525735.0
68908,5595267.0
68909,3347767.0
68910,4807746.0
68911,1619683.0
68912,1904842.0
68913,2551252.0
68914,2018785.0
68915,7592272.0
68916,3218918.0
68917,3004429.0
68918,8904084.0
68919,2732645.0
68920,2058644.0
68921,1756069.0
68922,3028267.0
68923,1270499.0
68924,2097022.0
68925,3447890.0
68926,1847826.0
68927,1999097.0
68928,2083447.0
68929,1619683.0
68930,1904842.0
68931,2018785.0
68932,2544857.0
68933,1882131.0
68934,2732645.0
68935,8213524.0
68936,2083447.0
68937,2390534.0
68938,5525735.0
68939,5435276.0
68940,3426169.0
68941,1999097.0
68942,6412623.0
68943,2021934.0
68944,2267425.0
68945,5595267.0
68946,4067566.0
68947,2792031.0
68948,2083447.0
68949,2371202.0
68950,3836721.0
68951,2055379.0
68952,3780019.0
68953,6941173.0
68954,2058644.0
68955,4429512.0
68956,5435276.0
68957,1149870.0
68958,4888774.0
68959,3351383.0
68960,1270499.0
68961,3347767.0
68962,5435276.0
68963,4952255.0
68964,2025297.0
68965,3351383.0
68966,2097022.0
68967,3426169.0
68968,6941173.0
68969,3248660.0
68970,2390534.0
68971,3600467.0
68972,4067566.0
68973,1270499.0
68974,3410878.0
68975,3410878.0
68976,2344689.0
68977,2390534.0
68978,3004429.0
68979,3376145.0
68980,1999097.0
68981,1149870.0
68982,2097022.0
68983,4491607.0
68984,5525735.0
68985,3351383.0
68986,2021934.0
68987,4015749.0
68988,1270499.0
68989,4590423.0
68990,4882985.0
68991,1270499.0
68992,2344689.0
68993,4350573.0
68994,4286645.0
68995,2021934.0
68996,2344689.0
68997,2021934.0
68998,2993069.0
68999,8213524.0
69000,2025297.0
69001,3426169.0
69002,1270499.0
69003,6836483.0
69004,1619683.0
69005,3426169.0
69006,1619683.0
69007,2344689.0
69008,6412623.0
69009,3410878.0
69010,3351383.0
69011,1734634.0
69012,2993069.0
69013,2018785.0
69014,3956086.0
69015,1999097.0
69016,4316715.0
69017,1756069.0
69018,1847826.0
69019,4250553.0
69020,6941173.0
69021,3982767.0
69022,1999097.0
69023,4286645.0
69024,2097022.0
69025,1734634.0
69026,3258837.0
69027,4705945.0
69028,6412623.0
69029,5595267.0
69030,4316715.0
69031,2021934.0
69032,1999097.0
69033,2058644.0
69034,1999097.0
69035,3600467.0
69036,1270499.0
69037,3745135.0
69038,7592272.0
69039,2018785.0
69040,5435276.0
69041,3727364.0
69042,4807746.0
69043,3028267.0
69044,3780019.0
69045,4554237.0
69046,3752885.0
69047,3410878.0
69048,3410878.0
69049,1270499.0
69050,1999097.0
69051,2732645.0
69052,3956086.0
69053,4052733.0
69054,4015749.0
69055,4264176.0
69056,4067566.0
69057,4250553.0
69058,4467728.0
69059,3261924.0
69060,2344689.0
69061,3452382.0
69062,3447890.0
69063,2999068.0
69064,8904084.0
69065,4219263.0
69066,1619683.0
69067,4015749.0
69068,2344689.0
69069,7592272.0
69070,2544857.0
69071,5595267.0
69072,7217634.0
69073,5595267.0
69074,3347767.0
69075,5461700.0
69076,4286645.0
69077,3410878.0
69078,3347767.0
69079,4952255.0
69080,4491607.0
69081,3004429.0
69082,5525735.0
69083,4015749.0
69084,3410878.0
69085,2792031.0
69086,1270499.0
69087,2390534.0
69088,9652350.0
69089,4155435.0
69090,4015749.0
69091,1756069.0
69092,2675511.0
69093,4491607.0
69094,8213524.0
69095,9262754.0
69096,2097022.0
69097,2021934.0
69098,5435276.0
69099,2021934.0
69100,2055379.0
69101,2371202.0
69102,2383840.0
69103,5017319.0
69104,3752885.0
69105,7495092.0
69106,2097022.0
69107,2525375.0
69108,2021934.0
69109,4015749.0
69110,3199619.0
69111,1999097.0
69112,4015749.0
69113,7592272.0
69114,1619683.0
69115,7217634.0
69116,4888774.0
69117,1619683.0
69118,1763231.0
69119,2058644.0
69120,1734634.0
69121,1734634.0
69122,7201784.0
69123,6694797.0
69124,5017319.0
69125,1619683.0
69126,5966193.0
69127,2021934.0
69128,2025297.0
69129,1882131.0
69130,3376145.0
69131,5595267.0
69132,3004429.0
69133,1149870.0
69134,3410878.0
69135,2738052.0
69136,4467728.0
69137,4705945.0
69138,1619683.0
69139,3745135.0
69140,2390534.0
69141,2267425.0
69142,3600467.0
69143,2097022.0
69144,6941173.0
69145,5595267.0
69146,7865428.0
69147,4467728.0
69148,1756069.0
69149,6412623.0
69150,2390534.0
69151,2390534.0
69152,6412623.0
69153,2364478.0
69154,2675511.0
69155,2021934.0
69156,2675511.0
69157,1882131.0
69158,6412623.0
69159,1763231.0
69160,1734634.0
69161,3004429.0
69162,2525375.0
69163,3004429.0
69164,7592272.0
69165,3199619.0
69166,4467728.0
69167,7217634.0
69168,3347767.0
69169,3351383.0
69170,3347767.0
69171,2344689.0
69172,6941173.0
69173,3727364.0
69174,3600467.0
69175,2055379.0
69176,3347767.0
69177,3410878.0
69178,8213524.0
69179,3818055.0
69180,3351383.0
69181,4052733.0
69182,3351383.0
69183,3903884.0
69184,9262754.0
69185,2097022.0
69186,2018785.0
69187,4100886.0
69188,5787594.0
69189,5595267.0
69190,3982767.0
69191,5525735.0
69192,1270499.0
69193,2021934.0
69194,2055379.0
69195,3410878.0
69196,7865428.0
69197,6923131.0
69198,7592272.0
69199,1756069.0
69200,3258837.0
69201,2021934.0
69202,4491607.0
69203,2021934.0
69204,3351383.0
69205,3836721.0
69206,1904842.0
69207,3982767.0
69208,3004429.0
69209,2544857.0
69210,4015749.0
69211,7592272.0
69212,1904842.0
69213,3939804.0
69214,3351383.0
69215,2344689.0
69216,6694797.0
69217,2058644.0
69218,9262754.0
69219,4882985.0
69220,1734634.0
69221,4286645.0
69222,4052733.0
69223,2792031.0
69224,3752885.0
69225,7495092.0
69226,2055379.0
69227,2999068.0
69228,3004429.0
69229,1756069.0
69230,2675511.0
69231,1270499.0
69232,6923131.0
69233,2018785.0
69234,2021934.0
69235,4882985.0
69236,3445076.0
69237,1882131.0
69238,1734634.0
69239,3347767.0
69240,6313221.0
69241,2018785.0
69242,2055379.0
69243,3351383.0
69244,6836483.0
69245,3903884.0
69246,1756069.0
69247,4350573.0
69248,2792031.0
69249,1847826.0
69250,1756069.0
69251,5461700.0
69252,4250758.0
69253,1882131.0
69254,1619683.0
69255,3600467.0
69256,1763231.0
69257,2156098.0
69258,8213524.0
69259,4350573.0
69260,8904084.0
69261,3956086.0
69262,3426169.0
69263,1149870.0
69264,3248660.0
69265,4015749.0
69266,7495092.0
69267,3600467.0
69268,4888774.0
69269,2675511.0
69270,3752885.0
69271,4067566.0
69272,7217634.0
69273,2993069.0
69274,4429512.0
69275,7592272.0
69276,1756069.0
69277,2344689.0
69278,2055379.0
69279,3347767.0
69280,4780607.0
69281,2055379.0
69282,2021934.0
69283,3752885.0
69284,4491607.0
69285,2525375.0
69286,6694797.0
69287,1904842.0
69288,3939804.0
69289,1999097.0
69290,2344689.0
69291,3780019.0
69292,7592272.0
69293,5017319.0
69294,3752885.0
69295,2018785.0
69296,2344689.0
69297,3004429.0
69298,7201784.0
69299,3351383.0
69300,3939804.0
69301,3004429.0
69302,3982767.0
69303,2021934.0
69304,5435276.0
69305,2544857.0
69306,4250758.0
69307,3351383.0
69308,3939804.0
69309,1999097.0
69310,6412623.0
69311,3784230.0
69312,1999097.0
69313,2344689.0
69314,3004429.0
69315,1847826.0
69316,2344689.0
69317,4067566.0
69318,6363241.0
69319,2544857.0
69320,1149870.0
69321,3261924.0
69322,3248660.0
69323,3376145.0
69324,2792031.0
69325,3004429.0
69326,3004429.0
69327,4467728.0
69328,5435276.0
69329,3807496.0
69330,7201784.0
69331,3447890.0
69332,1270499.0
69333,2371202.0
69334,1149870.0
69335,4554237.0
69336,1999097.0
69337,2058644.0
69338,3752885.0
69339,2097022.0
69340,2344689.0
69341,1847826.0
69342,2732645.0
69343,5525735.0
69344,3982767.0
69345,6412623.0
69346,4590423.0
69347,8213524.0
69348,3248660.0
69349,3426169.0
69350,2055379.0
69351,5337526.0
69352,1847826.0
69353,5787594.0
69354,1734634.0
69355,3347767.0
69356,4136425.0
69357,2544857.0
69358,2390534.0
69359,2021934.0
69360,2344689.0
69361,3004429.0
69362,3836721.0
69363,1149870.0
69364,4705945.0
69365,2792031.0
69366,1756069.0
69367,1149870.0
69368,1999097.0
69369,5017319.0
69370,2058644.0
69371,7201784.0
69372,3939804.0
69373,4952255.0
69374,4219263.0
69375,2025297.0
69376,2018785.0
69377,1763231.0
69378,3351383.0
69379,3982767.0
69380,2055379.0
69381,2344689.0
69382,8213524.0
69383,1763231.0
69384,1619683.0
69385,4100886.0
69386,3261924.0
69387,3248660.0
69388,9262754.0
69389,4286645.0
69390,1756069.0
69391,8904084.0
69392,1756069.0
69393,2390534.0
69394,1149870.0
69395,2999068.0
69396,2267425.0
69397,2058644.0
69398,4705945.0
69399,2993069.0
69400,2792031.0
69401,4491607.0
69402,2954086.0
69403,6313221.0
69404,3004429.0
69405,2018785.0
69406,3780019.0
69407,2021934.0
69408,2018785.0
69409,4467728.0
69410,6923131.0
69411,3004429.0
69412,1999097.0
69413,2954086.0
69414,7201784.0
69415,5461700.0
69416,3347767.0
69417,8213524.0
69418,3261924.0
69419,1270499.0
69420,2525375.0
69421,3600467.0
69422,2738052.0
69423,2732645.0
69424,6941173.0
69425,3218918.0
69426,2058644.0
69427,2083447.0
69428,9262754.0
69429,4015749.0
69430,3351383.0
69431,5166635.0
69432,3376145.0
69433,3956086.0
69434,3410878.0
69435,7592272.0
69436,8213524.0
69437,3028267.0
69438,7592272.0
69439,3248660.0
69440,4467728.0
69441,4052733.0
69442,1999097.0
69443,3447890.0
69444,3426169.0
69445,7201784.0
69446,5286212.0
69447,4780607.0
69448,3258837.0
69449,1270499.0
69450,2021934.0
69451,7592272.0
69452,6694797.0
69453,4264176.0
69454,3600467.0
69455,2544857.0
69456,3351383.0
69457,8904084.0
69458,3939804.0
69459,1270499.0
69460,3903884.0
69461,3447890.0
69462,2993069.0
69463,2058644.0
69464,1904842.0
69465,1882131.0
69466,2156098.0
69467,2021934.0
69468,2097022.0
69469,1149870.0
69470,4015749.0
69471,4554237.0
69472,2097022.0
69473,1149870.0
69474,4136425.0
69475,6694797.0
69476,4316715.0
69477,2792031.0
69478,2018785.0
69479,6694797.0
69480,3426169.0
69481,2021934.0
69482,4067566.0
69483,3780019.0
69484,3258837.0
69485,3004429.0
69486,1756069.0
69487,3780019.0
69488,2544857.0
69489,3248660.0
69490,2344689.0
69491,1847826.0
69492,3982767.0
69493,6313221.0
69494,5595267.0
69495,3445076.0
69496,2675511.0
69497,1882131.0
69498,2993069.0
69499,2156098.0
69500,6694797.0
69501,2999068.0
69502,4067566.0
69503,1999097.0
69504,1999097.0
69505,3028267.0
69506,4264176.0
69507,3410878.0
69508,3727364.0
69509,1999097.0
69510,3376145.0
69511,8213524.0
69512,4015749.0
69513,2544857.0
69514,2999068.0
69515,2993069.0
69516,4316715.0
69517,1734634.0
69518,3982767.0
69519,1619683.0
69520,2344689.0
69521,1619683.0
69522,3347767.0
69523,4554237.0
69524,4052733.0
69525,3248660.0
69526,3258837.0
69527,1149870.0
69528,2371202.0
69529,3248660.0
69530,1756069.0
69531,3004429.0
69532,2525375.0
69533,6363241.0
69534,3745135.0
69535,4052733.0
69536,3447890.0
69537,4491607.0
69538,3982767.0
69539,3426169.0
69540,1999097.0
69541,2097022.0
69542,2021934.0
69543,5595267.0
69544,6313221.0
69545,4067566.0
69546,7865428.0
69547,3347767.0
69548,2156098.0
69549,2021934.0
69550,7495092.0
69551,3447890.0
69552,3028267.0
69553,1149870.0
69554,3347767.0
69555,3347767.0
69556,6313221.0
69557,1847826.0
69558,8904084.0
69559,1882131.0
69560,3008199.0
69561,3982767.0
69562,4052733.0
69563,2058644.0
69564,3727364.0
69565,3004429.0
69566,4705945.0
69567,1270499.0
69568,3982767.0
69569,5595267.0
69570,2544857.0
69571,2021934.0
69572,4052733.0
69573,4067566.0
69574,3426169.0
69575,5595267.0
69576,8213524.0
69577,2097022.0
69578,3347767.0
69579,1763231.0
69580,6836483.0
69581,1619683.0
69582,2156098.0
69583,4067566.0
69584,1756069.0
69585,2544857.0
69586,3347767.0
69587,4554237.0
69588,3351383.0
69589,2390534.0
69590,4052733.0
69591,5337526.0
69592,5906596.0
69593,3780019.0
69594,3939804.0
69595,4015749.0
69596,2792031.0
69597,4491607.0
69598,3447890.0
69599,3836721.0
69600,2267425.0
69601,6412623.0
69602,2058644.0
69603,2344689.0
69604,2058644.0
69605,1149870.0
69606,6313221.0
69607,6412623.0
69608,4067566.0
69609,4705945.0
69610,8213524.0
69611,2021934.0
69612,5595267.0
69613,1763231.0
69614,3351383.0
69615,9652350.0
69616,4015749.0
69617,1999097.0
69618,8213524.0
69619,4316715.0
69620,4952255.0
69621,4250758.0
69622,3807496.0
69623,5017319.0
69624,5166635.0
69625,2738052.0
69626,9652350.0
69627,3752885.0
69628,2344689.0
69629,4250758.0
69630,2525375.0
69631,4888774.0
69632,2021934.0
69633,6313221.0
69634,3600467.0
69635,3452382.0
69636,2267425.0
69637,1619683.0
69638,2551252.0
69639,1882131.0
69640,2097022.0
69641,3778621.0
69642,1756069.0
69643,6836483.0
69644,3745135.0
69645,3410878.0
69646,2018785.0
69647,6941173.0
69648,1734634.0
69649,2544857.0
69650,2551252.0
69651,1882131.0
69652,2058644.0
69653,3600467.0
69654,6412623.0
69655,3780019.0
69656,4467728.0
69657,2371202.0
69658,3028267.0
69659,2675511.0
69660,4590423.0
69661,3982767.0
69662,1756069.0
69663,3600467.0
69664,4491607.0
69665,3727364.0
69666,3347767.0
69667,2058644.0
69668,4780607.0
69669,3351383.0
69670,7592272.0
69671,6694797.0
69672,3745135.0
69673,3376145.0
69674,2021934.0
69675,2544857.0
69676,2344689.0
69677,2344689.0
69678,3600467.0
69679,3410878.0
69680,2732645.0
69681,4015749.0
69682,3028267.0
69683,3218918.0
69684,2025297.0
69685,1619683.0
69686,1999097.0
69687,3780019.0
69688,3004429.0
69689,5461700.0
69690,2058644.0
69691,1734634.0
69692,2675511.0
69693,2156098.0
69694,2344689.0
69695,3982767.0
69696,3347767.0
69697,4250553.0
69698,1149870.0
69699,2344689.0
69700,3347767.0
69701,4888774.0
69702,3258837.0
69703,2058644.0
69704,8213524.0
69705,2097022.0
69706,2732645.0
69707,2675511.0
69708,1847826.0
69709,4705945.0
69710,3752885.0
69711,1756069.0
69712,3376145.0
69713,4015749.0
69714,3347767.0
69715,6941173.0
69716,2390534.0
69717,3410878.0
69718,3780019.0
69719,3347767.0
69720,5595267.0
69721,2732645.0
69722,4067566.0
69723,1619683.0
69724,4705945.0
69725,4015749.0
69726,3836721.0
69727,2018785.0
69728,3199619.0
69729,6694797.0
69730,3780019.0
69731,4590423.0
69732,7865428.0
69733,6313221.0
69734,3600467.0
69735,6941173.0
69736,3261924.0
69737,5525735.0
69738,1756069.0
69739,1847826.0
69740,2097022.0
69741,7495092.0
69742,8213524.0
69743,2267425.0
69744,4952255.0
69745,6941173.0
69746,8904084.0
69747,3836721.0
69748,1999097.0
69749,2058644.0
69750,3600467.0
69751,3780019.0
69752,4219263.0
69753,3248660.0
69754,1763231.0
69755,1270499.0
69756,5500818.0
69757,3780019.0
69758,3600467.0
69759,6363241.0
69760,8213524.0
69761,3778621.0
69762,3982767.0
69763,3410878.0
69764,3248660.0
69765,2551252.0
69766,2021934.0
69767,2544857.0
69768,2055379.0
69769,4590423.0
69770,3004429.0
69771,3600467.0
69772,3273041.0
69773,3248660.0
69774,4807746.0
69775,2058644.0
69776,3410878.0
69777,5966193.0
69778,5595267.0
69779,1847826.0
69780,8213524.0
69781,3939804.0
69782,2371202.0
69783,4888774.0
69784,2021934.0
69785,2544857.0
69786,1999097.0
69787,1999097.0
69788,3939804.0
69789,2058644.0
69790,4316715.0
69791,1619683.0
69792,3807496.0
69793,1882131.0
69794,1904842.0
69795,1756069.0
69796,4250553.0
69797,3745135.0
69798,2738052.0
69799,1999097.0
69800,4316715.0
69801,7592272.0
69802,3939804.0
69803,4467728.0
69804,4250758.0
69805,3199619.0
69806,2675511.0
69807,3939804.0
69808,1756069.0
69809,3004429.0
69810,2383840.0
69811,6412623.0
69812,2344689.0
69813,1619683.0
69814,5595267.0
69815,2999068.0
69816,7495092.0
69817,1270499.0
69818,8213524.0
69819,2738052.0
69820,2525375.0
69821,1847826.0
69822,8213524.0
69823,7592272.0
69824,4250758.0
69825,2058644.0
69826,3410878.0
69827,2344689.0
69828,2344689.0
69829,2738052.0
69830,3004429.0
69831,2058644.0
69832,2156098.0
69833,1904842.0
69834,1882131.0
69835,3351383.0
69836,3004429.0
69837,2018785.0
69838,3753720.0
69839,2021934.0
69840,6313221.0
69841,3447890.0
69842,1270499.0
69843,4100886.0
69844,3956086.0
69845,2344689.0
69846,7495092.0
69847,2371202.0
69848,3004429.0
69849,3903884.0
69850,3410878.0
69851,4067566.0
69852,2156098.0
69853,1270499.0
69854,4264176.0
69855,1270499.0
69856,4100886.0
69857,3778621.0
69858,4952255.0
69859,3410878.0
69860,4067566.0
69861,2021934.0
69862,3982767.0
69863,2267425.0
69864,1999097.0
69865,4100886.0
69866,5595267.0
69867,2371202.0
69868,7495092.0
69869,1999097.0
69870,2344689.0
69871,5595267.0
69872,2551252.0
69873,4263629.0
69874,4590423.0
69875,4316715.0
69876,13575224.0
69877,2525375.0
69878,8213524.0
69879,2097022.0
69880,3004429.0
69881,7865428.0
69882,4052733.0
69883,4015749.0
69884,2738052.0
69885,3982767.0
69886,2055379.0
69887,3982767.0
69888,4467728.0
69889,1270499.0
69890,1763231.0
69891,3004429.0
69892,9652350.0
69893,2055379.0
69894,9262754.0
69895,8904084.0
69896,4316715.0
69897,3248660.0
69898,3410878.0
69899,2993069.0
69900,4467728.0
69901,2675511.0
69902,3347767.0
69903,4250553.0
69904,6941173.0
69905,4554237.0
69906,4467728.0
69907,2544857.0
69908,2371202.0
69909,2738052.0
69910,4015749.0
69911,4554237.0
69912,2390534.0
69913,3347767.0
69914,4155435.0
69915,6694797.0
69916,2097022.0
69917,4264176.0
69918,3028267.0
69919,2021934.0
69920,6836483.0
69921,2097022.0
69922,1999097.0
69923,6836483.0
69924,2018785.0
69925,3004429.0
69926,2675511.0
69927,2018785.0
69928,3745135.0
69929,3410878.0
69930,7592272.0
69931,2544857.0
69932,3410878.0
69933,4705945.0
69934,6923131.0
69935,3426169.0
69936,5161370.0
69937,1847826.0
69938,4155435.0
69939,3727364.0
69940,3199619.0
69941,1904842.0
69942,2390534.0
69943,1999097.0
69944,5017319.0
69945,5461700.0
69946,3752885.0
69947,3258837.0
69948,1999097.0
69949,3780019.0
69950,4888774.0
69951,2344689.0
69952,7592272.0
69953,3956086.0
69954,5166635.0
69955,5525735.0
69956,6694797.0
69957,3745135.0
69958,6313221.0
69959,3426169.0
69960,2371202.0
69961,3410878.0
69962,4155435.0
69963,5017319.0
69964,5435276.0
69965,5595267.0
69966,2344689.0
69967,3347767.0
69968,2544857.0
69969,3570392.0
69970,3410878.0
69971,4100886.0
69972,1999097.0
69973,3028267.0
69974,1619683.0
69975,2364478.0
69976,2344689.0
69977,7865428.0
69978,2344689.0
69979,2344689.0
69980,7592272.0
69981,1619683.0
69982,1149870.0
69983,1882131.0
69984,2058644.0
69985,3426169.0
69986,2055379.0
69987,1756069.0
69988,3199619.0
69989,8213524.0
69990,3982767.0
69991,7217634.0
69992,1756069.0
69993,2675511.0
69994,5653753.0
69995,8904084.0
69996,6836483.0
69997,4250553.0
69998,4705945.0
69999,2954086.0
70000,3426169.0
70001,1999097.0
70002,2371202.0
70003,2344689.0
70004,3258837.0
70005,2058644.0
70006,2267425.0
70007,4052733.0
70008,5525735.0
70009,3351383.0
70010,1270499.0
70011,4136425.0
70012,1270499.0
70013,3004429.0
70014,4100886.0
70015,1149870.0
70016,4491607.0
70017,4888774.0
70018,1999097.0
70019,3982767.0
70020,3004429.0
70021,7201784.0
70022,3452382.0
70023,7592272.0
70024,1270499.0
70025,3028267.0
70026,2156098.0
70027,4264176.0
70028,4952255.0
70029,3351383.0
70030,3982767.0
70031,7865428.0
70032,2267425.0
70033,3351383.0
70034,3248660.0
70035,2021934.0
70036,3199619.0
70037,3410878.0
70038,3939804.0
70039,8213524.0
70040,4250758.0
70041,3956086.0
70042,2097022.0
70043,3347767.0
70044,3982767.0
70045,5595267.0
70046,4100886.0
70047,3410878.0
70048,1149870.0
70049,2058644.0
70050,1149870.0
70051,3199619.0
70052,2344689.0
70053,3376145.0
70054,6941173.0
70055,2390534.0
70056,3347767.0
70057,3376145.0
70058,1847826.0
70059,2738052.0
70060,5525735.0
70061,5653753.0
70062,3745135.0
70063,4100886.0
70064,3939804.0
70065,2097022.0
70066,3347767.0
70067,4264176.0
70068,4491607.0
70069,3410878.0
70070,2732645.0
70071,4015749.0
70072,7217634.0
70073,2344689.0
70074,4952255.0
70075,8213524.0
70076,2344689.0
70077,1619683.0
70078,2267425.0
70079,6836483.0
70080,1999097.0
70081,2018785.0
70082,2018785.0
70083,3004429.0
70084,3727364.0
70085,3347767.0
70086,3351383.0
70087,2738052.0
70088,2993069.0
70089,2993069.0
70090,7217634.0
70091,7495092.0
70092,1847826.0
70093,3347767.0
70094,4286645.0
70095,4067566.0
70096,2738052.0
70097,1619683.0
70098,2025297.0
70099,2390534.0
70100,3452382.0
70101,2371202.0
70102,3351383.0
70103,4350573.0
70104,2738052.0
70105,2018785.0
70106,8213524.0
70107,2018785.0
70108,3956086.0
70109,2344689.0
70110,2390534.0
70111,3410878.0
70112,4491607.0
70113,4705945.0
70114,4882985.0
70115,2371202.0
70116,3351383.0
70117,2993069.0
70118,1149870.0
70119,4316715.0
70120,1149870.0
70121,9262754.0
70122,4888774.0
70123,2738052.0
70124,1999097.0
70125,6941173.0
70126,2058644.0
70127,3273041.0
70128,1999097.0
70129,2383840.0
70130,7592272.0
70131,6836483.0
70132,6836483.0
70133,3028267.0
70134,3004429.0
70135,1756069.0
70136,2525375.0
70137,13575224.0
70138,1904842.0
70139,5525735.0
70140,6836483.0
70141,6923131.0
70142,2021934.0
70143,1270499.0
70144,2525375.0
70145,4316715.0
70146,5595267.0
70147,6836483.0
70148,3447890.0
70149,6923131.0
70150,2544857.0
70151,3956086.0
70152,2792031.0
70153,3780019.0
70154,3028267.0
70155,2344689.0
70156,4052733.0
70157,3939804.0
70158,4052733.0
70159,3752885.0
70160,1734634.0
70161,2390534.0
70162,2021934.0
70163,2058644.0
70164,3351383.0
70165,3199619.0
70166,3939804.0
70167,7592272.0
70168,3600467.0
70169,2058644.0
70170,3752885.0
70171,2675511.0
70172,1756069.0
70173,3347767.0
70174,3004429.0
70175,3939804.0
70176,4052733.0
70177,2344689.0
70178,1270499.0
70179,2999068.0
70180,2267425.0
70181,3780019.0
70182,2344689.0
70183,3410878.0
70184,4264176.0
70185,2544857.0
70186,1270499.0
70187,3410878.0
70188,4263629.0
70189,7201784.0
70190,1756069.0
70191,3347767.0
70192,4316715.0
70193,6363241.0
70194,3836721.0
70195,2058644.0
70196,7592272.0
70197,2954086.0
70198,1882131.0
70199,3347767.0
70200,2156098.0
70201,1619683.0
70202,1756069.0
70203,6363241.0
70204,1999097.0
70205,6313221.0
70206,2371202.0
70207,1882131.0
70208,3376145.0
70209,2267425.0
70210,1149870.0
70211,7865428.0
70212,1756069.0
70213,3351383.0
70214,1756069.0
70215,5595267.0
70216,1763231.0
70217,2551252.0
70218,3807496.0
70219,3778621.0
70220,5525735.0
70221,9262754.0
70222,8213524.0
70223,3745135.0
70224,3807496.0
70225,3376145.0
70226,4491607.0
70227,4015749.0
70228,7201784.0
70229,2525375.0
70230,6941173.0
70231,2675511.0
70232,3004429.0
70233,2055379.0
70234,3745135.0
70235,7495092.0
70236,6412623.0
70237,1999097.0
70238,2390534.0
70239,5017319.0
70240,3778621.0
70241,5595267.0
70242,3351383.0
70243,2344689.0
70244,2097022.0
70245,1149870.0
70246,2021934.0
70247,4554237.0
70248,4316715.0
70249,2344689.0
70250,4952255.0
70251,4491607.0
70252,3780019.0
70253,2058644.0
70254,4264176.0
70255,2018785.0
70256,2993069.0
70257,3426169.0
70258,4705945.0
70259,4952255.0
70260,3445076.0
70261,3004429.0
70262,2267425.0
70263,3600467.0
70264,5166635.0
70265,4052733.0
70266,1270499.0
70267,3778621.0
70268,3351383.0
70269,1149870.0
70270,4067566.0
70271,2156098.0
70272,3410878.0
70273,5337526.0
70274,8904084.0
70275,4316715.0
70276,3218918.0
70277,2525375.0
70278,6363241.0
70279,5787594.0
70280,3600467.0
70281,4491607.0
70282,2344689.0
70283,4316715.0
70284,3982767.0
70285,2097022.0
70286,1847826.0
70287,3426169.0
70288,1999097.0
70289,3347767.0
70290,4052733.0
70291,5595267.0
70292,2021934.0
70293,3752885.0
70294,3939804.0
70295,2344689.0
70296,5017319.0
70297,3447890.0
70298,2021934.0
70299,5595267.0
70300,1847826.0
70301,2021934.0
70302,3410878.0
70303,4264176.0
70304,1904842.0
70305,2055379.0
70306,4052733.0
70307,7592272.0
70308,6836483.0
70309,1847826.0
70310,3982767.0
70311,3778621.0
70312,1149870.0
70313,1149870.0
70314,2525375.0
70315,1270499.0
70316,4219263.0
70317,4250553.0
70318,4807746.0
70319,6694797.0
70320,2058644.0
70321,3600467.0
70322,5906596.0
70323,2390534.0
70324,1904842.0
70325,4491607.0
70326,2954086.0
70327,3778621.0
70328,2097022.0
70329,2675511.0
70330,1756069.0
70331,2344689.0
70332,1619683.0
70333,4052733.0
70334,2738052.0
70335,3028267.0
70336,3982767.0
70337,6694797.0
70338,3351383.0
70339,3008199.0
70340,2364478.0
70341,1904842.0
70342,3258837.0
70343,4100886.0
70344,6782425.0
70345,3218918.0
70346,3600467.0
70347,2993069.0
70348,2675511.0
70349,1999097.0
70350,2021934.0
70351,6782425.0
70352,5435276.0
70353,4554237.0
70354,4066618.0
70355,3982767.0
70356,4554237.0
70357,4705945.0
70358,3347767.0
70359,2097022.0
70360,1734634.0
70361,5461700.0
70362,2021934.0
70363,4952255.0
70364,2344689.0
70365,1847826.0
70366,3745135.0
70367,2097022.0
70368,3780019.0
70369,2058644.0
70370,3008199.0
70371,6313221.0
70372,3004429.0
70373,4952255.0
70374,3199619.0
70375,1999097.0
70376,3004429.0
70377,4067566.0
70378,1999097.0
70379,4264176.0
70380,1270499.0
70381,2371202.0
70382,5653753.0
70383,1734634.0
70384,2390534.0
70385,4467728.0
70386,4467728.0
70387,3004429.0
70388,2021934.0
70389,4807746.0
70390,3376145.0
70391,3752885.0
70392,7865428.0
70393,6923131.0
70394,6836483.0
70395,1904842.0
70396,4590423.0
70397,3727364.0
70398,2018785.0
70399,1756069.0
70400,4052733.0
70401,5500818.0
70402,6313221.0
70403,3939804.0
70404,7217634.0
70405,8213524.0
70406,3248660.0
70407,3028267.0
70408,1847826.0
70409,3248660.0
70410,2344689.0
70411,4219263.0
70412,2525375.0
70413,4316715.0
70414,2097022.0
70415,2021934.0
70416,2097022.0
70417,4067566.0
70418,1149870.0
70419,7201784.0
70420,5787594.0
70421,6363241.0
70422,3028267.0
70423,1756069.0
70424,8904084.0
70425,3426169.0
70426,3028267.0
70427,1999097.0
70428,7592272.0
70429,3410878.0
70430,1734634.0
70431,3982767.0
70432,2544857.0
70433,3028267.0
70434,2390534.0
70435,2525375.0
70436,2993069.0
70437,4100886.0
70438,4888774.0
70439,2344689.0
70440,2344689.0
70441,3273041.0
70442,2097022.0
70443,3778621.0
70444,3410878.0
70445,4316715.0
70446,2675511.0
70447,2156098.0
70448,3903884.0
70449,4052733.0
70450,2544857.0
70451,2344689.0
70452,2993069.0
70453,3004429.0
70454,1763231.0
70455,1763231.0
70456,3778621.0
70457,5653753.0
70458,3745135.0
70459,5595267.0
70460,6313221.0
70461,3218918.0
70462,9262754.0
70463,5525735.0
70464,4350573.0
70465,1999097.0
70466,2675511.0
70467,3778621.0
70468,4491607.0
70469,3347767.0
70470,6923131.0
70471,1619683.0
70472,2058644.0
70473,2675511.0
70474,4052733.0
70475,3410878.0
70476,2018785.0
70477,4807746.0
70478,2097022.0
70479,7865428.0
70480,4888774.0
70481,5787594.0
70482,2058644.0
70483,1999097.0
70484,4491607.0
70485,4067566.0
70486,6694797.0
70487,4264176.0
70488,1904842.0
70489,3780019.0
70490,4067566.0
70491,6923131.0
70492,4067566.0
70493,2018785.0
70494,4316715.0
70495,4067566.0
70496,3028267.0
70497,1619683.0
70498,3426169.0
70499,4250553.0
70500,6836483.0
70501,3410878.0
70502,4219263.0
70503,4429512.0
70504,4554237.0
70505,1619683.0
70506,2344689.0
70507,1149870.0
70508,3753720.0
70509,1270499.0
70510,3600467.0
70511,2344689.0
70512,3410878.0
70513,3347767.0
70514,5595267.0
70515,2097022.0
70516,3028267.0
70517,2097022.0
70518,3982767.0
70519,3982767.0
70520,2021934.0
70521,4705945.0
70522,6313221.0
70523,4100886.0
70524,3351383.0
70525,3218918.0
70526,3004429.0
70527,2383840.0
70528,3410878.0
70529,2390534.0
70530,4136425.0
70531,2156098.0
70532,3939804.0
70533,2390534.0
70534,2792031.0
70535,2018785.0
70536,6313221.0
70537,3939804.0
70538,2021934.0
70539,2058644.0
70540,4888774.0
70541,4052733.0
70542,1756069.0
70543,2344689.0
70544,3982767.0
70545,2267425.0
70546,3004429.0
70547,2544857.0
70548,3199619.0
70549,1619683.0
70550,3447890.0
70551,6313221.0
70552,1999097.0
70553,1763231.0
70554,5595267.0
70555,3410878.0
70556,2097022.0
70557,3727364.0
70558,1904842.0
70559,4350573.0
70560,4705945.0
70561,4952255.0
70562,6694797.0
70563,9652350.0
70564,2018785.0
70565,3410878.0
70566,2954086.0
70567,6363241.0
70568,3347767.0
70569,2738052.0
70570,2021934.0
70571,2738052.0
70572,2738052.0
70573,2544857.0
70574,2344689.0
70575,6363241.0
70576,4952255.0
70577,4888774.0
70578,3218918.0
70579,6923131.0
70580,1270499.0
70581,4467728.0
70582,3410878.0
70583,4952255.0
70584,3745135.0
70585,2792031.0
70586,3752885.0
70587,4250553.0
70588,4052733.0
70589,2371202.0
70590,5017319.0
70591,3752885.0
70592,4491607.0
70593,7201784.0
70594,5500818.0
70595,2344689.0
70596,4952255.0
70597,2055379.0
70598,7592272.0
70599,7495092.0
70600,6941173.0
70601,4350573.0
70602,2267425.0
70603,2344689.0
70604,1270499.0
70605,5595267.0
70606,5525735.0
70607,2544857.0
70608,5595267.0
70609,7217634.0
70610,5595267.0
70611,4651866.0
70612,3447890.0
70613,2544857.0
70614,6313221.0
70615,2344689.0
70616,4491607.0
70617,2018785.0
70618,9262754.0
70619,4429512.0
70620,4491607.0
70621,1756069.0
70622,2792031.0
70623,3600467.0
70624,1149870.0
70625,4264176.0
70626,4250758.0
70627,3351383.0
70628,1999097.0
70629,3727364.0
70630,2364478.0
70631,2993069.0
70632,2390534.0
70633,3410878.0
70634,1619683.0
70635,4052733.0
70636,4100886.0
70637,7201784.0
70638,5595267.0
70639,3426169.0
70640,1149870.0
70641,4780607.0
70642,3570392.0
70643,3004429.0
70644,4467728.0
70645,6836483.0
70646,6782425.0
70647,2993069.0
70648,1763231.0
70649,9262754.0
70650,5525735.0
70651,1619683.0
70652,3903884.0
70653,3004429.0
70654,2058644.0
70655,4250553.0
70656,5286212.0
70657,2371202.0
70658,1847826.0
70659,2344689.0
70660,3956086.0
70661,3982767.0
70662,5595267.0
70663,7201784.0
70664,2055379.0
70665,2018785.0
70666,3347767.0
70667,7495092.0
70668,1619683.0
70669,2551252.0
70670,3258837.0
70671,4952255.0
70672,4491607.0
70673,5500818.0
70674,3982767.0
70675,2267425.0
70676,2738052.0
70677,2993069.0
70678,4952255.0
70679,2732645.0
70680,3727364.0
70681,1999097.0
70682,4491607.0
70683,2954086.0
70684,7592272.0
70685,2344689.0
70686,2018785.0
70687,1999097.0
70688,3351383.0
70689,2025297.0
70690,4491607.0
70691,3410878.0
70692,4491607.0
70693,4264176.0
70694,4052733.0
70695,2018785.0
70696,1270499.0
70697,6694797.0
70698,4219263.0
70699,1999097.0
70700,6313221.0
70701,3028267.0
70702,8904084.0
70703,2267425.0
70704,2993069.0
70705,1847826.0
70706,4067566.0
70707,2058644.0
70708,3939804.0
70709,2021934.0
70710,3426169.0
70711,1619683.0
70712,3780019.0
70713,2732645.0
70714,3004429.0
70715,8213524.0
70716,2993069.0
70717,2954086.0
70718,2732645.0
70719,2738052.0
70720,2544857.0
70721,5017319.0
70722,9262754.0
70723,4350573.0
70724,3956086.0
70725,2058644.0
70726,3410878.0
70727,4219263.0
70728,6363241.0
70729,4780607.0
70730,2018785.0
70731,2344689.0
70732,3600467.0
70733,3982767.0
70734,2058644.0
70735,1763231.0
70736,6941173.0
70737,3753720.0
70738,3347767.0
70739,4888774.0
70740,3347767.0
70741,4250553.0
70742,1882131.0
70743,2371202.0
70744,4705945.0
70745,1756069.0
70746,3780019.0
70747,6941173.0
70748,4316715.0
70749,1999097.0
70750,4554237.0
70751,4067566.0
70752,1619683.0
70753,2058644.0
70754,3982767.0
70755,2055379.0
70756,6694797.0
70757,4780607.0
70758,3447890.0
70759,2097022.0
70760,3982767.0
70761,2792031.0
70762,2058644.0
70763,2058644.0
70764,2993069.0
70765,1882131.0
70766,2371202.0
70767,2018785.0
70768,5595267.0
70769,2156098.0
70770,4590423.0
70771,2097022.0
70772,4705945.0
70773,6941173.0
70774,5595267.0
70775,5906596.0
70776,3347767.0
70777,4554237.0
70778,1882131.0
70779,3447890.0
70780,1270499.0
70781,1270499.0
70782,2058644.0
70783,1756069.0
70784,2021934.0
70785,1882131.0
70786,3956086.0
70787,4250553.0
70788,6412623.0
70789,4264176.0
70790,6923131.0
70791,2344689.0
70792,2675511.0
70793,8213524.0
70794,3807496.0
70795,5461700.0
70796,5017319.0
70797,3982767.0
70798,2390534.0
70799,2018785.0
70800,3258837.0
70801,3727364.0
70802,1619683.0
70803,7495092.0
70804,3600467.0
70805,6694797.0
70806,7217634.0
70807,6694797.0
70808,1882131.0
70809,1847826.0
70810,4015749.0
70811,3347767.0
70812,1149870.0
70813,3939804.0
70814,1904842.0
70815,3982767.0
70816,4467728.0
70817,3982767.0
70818,3780019.0
70819,2383840.0
70820,2055379.0
70821,4554237.0
70822,1999097.0
70823,4807746.0
70824,2525375.0
70825,2097022.0
70826,1999097.0
70827,3347767.0
70828,3445076.0
70829,16549064.0
70830,3956086.0
70831,2390534.0
70832,3745135.0
70833,3004429.0
70834,2344689.0
70835,1756069.0
70836,3600467.0
70837,4052733.0
70838,6694797.0
70839,2344689.0
70840,7495092.0
70841,4705945.0
70842,6363241.0
70843,6694797.0
70844,4554237.0
70845,2267425.0
70846,5595267.0
70847,2097022.0
70848,7592272.0
70849,6313221.0
70850,3410878.0
70851,5500818.0
70852,3351383.0
70853,2675511.0
70854,1999097.0
70855,9262754.0
70856,3258837.0
70857,2344689.0
70858,2344689.0
70859,13575224.0
70860,3939804.0
70861,4350573.0
70862,2383840.0
70863,3410878.0
70864,3004429.0
70865,2732645.0
70866,2954086.0
70867,3426169.0
70868,4882985.0
70869,6313221.0
70870,1756069.0
70871,2344689.0
70872,2021934.0
70873,3347767.0
70874,1763231.0
70875,3600467.0
70876,2993069.0
70877,13575224.0
70878,3273041.0
70879,6941173.0
70880,2544857.0
70881,2058644.0
70882,6313221.0
70883,6694797.0
70884,2058644.0
70885,2021934.0
70886,6412623.0
70887,3351383.0
70888,3447890.0
70889,4705945.0
70890,4491607.0
70891,7495092.0
70892,3956086.0
70893,4067566.0
70894,4491607.0
70895,2018785.0
70896,6694797.0
70897,5461700.0
70898,2018785.0
70899,4250553.0
70900,2156098.0
70901,3028267.0
70902,3426169.0
70903,5595267.0
70904,6694797.0
70905,6363241.0
70906,2954086.0
70907,5166635.0
70908,3261924.0
70909,3028267.0
70910,4136425.0
70911,6363241.0
70912,2021934.0
70913,1999097.0
70914,1882131.0
70915,3939804.0
70916,4350573.0
70917,2021934.0
70918,3347767.0
70919,6836483.0
70920,1756069.0
70921,3426169.0
70922,4491607.0
70923,3351383.0
70924,4554237.0
70925,2344689.0
70926,1149870.0
70927,3426169.0
70928,7217634.0
70929,2058644.0
70930,2390534.0
70931,2675511.0
70932,1756069.0
70933,5906596.0
70934,2156098.0
70935,4052733.0
70936,2675511.0
70937,2021934.0
70938,6412623.0
70939,2058644.0
70940,3028267.0
70941,4491607.0
70942,3780019.0
70943,3347767.0
70944,4067566.0
70945,3004429.0
70946,4015749.0
70947,3410878.0
70948,3347767.0
70949,1999097.0
70950,4882985.0
70951,3745135.0
70952,3570392.0
70953,2018785.0
70954,2371202.0
70955,3261924.0
70956,2525375.0
70957,1619683.0
70958,4264176.0
70959,1270499.0
70960,3600467.0
70961,4250553.0
70962,3727364.0
70963,6941173.0
70964,5286212.0
70965,9652350.0
70966,1734634.0
70967,3600467.0
70968,2083447.0
70969,8213524.0
70970,3753720.0
70971,2344689.0
70972,3939804.0
70973,6836483.0
70974,1999097.0
70975,1999097.0
70976,1847826.0
70977,8213524.0
70978,1734634.0
70979,7865428.0
70980,2738052.0
70981,3745135.0
70982,1999097.0
70983,2544857.0
70984,4316715.0
70985,3445076.0
70986,7217634.0
70987,3745135.0
70988,4250553.0
70989,1270499.0
70990,1270499.0
70991,9262754.0
70992,2018785.0
70993,2055379.0
70994,2021934.0
70995,7201784.0
70996,3982767.0
70997,1756069.0
70998,3261924.0
70999,5435276.0
71000,2156098.0
71001,4250553.0
71002,1904842.0
71003,3218918.0
71004,2156098.0
71005,1270499.0
71006,2525375.0
71007,3752885.0
71008,2390534.0
71009,2058644.0
71010,4350573.0
71011,3261924.0
71012,1619683.0
71013,2344689.0
71014,3982767.0
71015,4491607.0
71016,1619683.0
71017,1999097.0
71018,3351383.0
71019,4491607.0
71020,1149870.0
71021,3426169.0
71022,1756069.0
71023,3347767.0
71024,3410878.0
71025,7865428.0
71026,1619683.0
71027,4467728.0
71028,5461700.0
71029,1763231.0
71030,2993069.0
71031,3410878.0
71032,3273041.0
71033,3347767.0
71034,2738052.0
71035,5461700.0
71036,3836721.0
71037,2732645.0
71038,7865428.0
71039,6782425.0
71040,2371202.0
71041,7201784.0
71042,4554237.0
71043,7592272.0
71044,2055379.0
71045,1270499.0
71046,1149870.0
71047,3199619.0
71048,3982767.0
71049,1882131.0
71050,4015749.0
71051,2021934.0
71052,1149870.0
71053,5906596.0
71054,1847826.0
71055,3376145.0
71056,6782425.0
71057,1847826.0
71058,2383840.0
71059,4705945.0
71060,1999097.0
71061,8904084.0
71062,2058644.0
71063,4554237.0
71064,3351383.0
71065,1999097.0
71066,2390534.0
71067,2371202.0
71068,4250758.0
71069,3780019.0
71070,2344689.0
71071,6923131.0
71072,3447890.0
71073,2156098.0
71074,3939804.0
71075,2021934.0
71076,5444227.0
71077,2097022.0
71078,6412623.0
71079,1847826.0
71080,3410878.0
71081,5595267.0
71082,3351383.0
71083,1270499.0
71084,1763231.0
71085,3727364.0
71086,2156098.0
71087,1270499.0
71088,2021934.0
71089,1149870.0
71090,6313221.0
71091,2993069.0
71092,1999097.0
71093,4882985.0
71094,2097022.0
71095,2344689.0
71096,4350573.0
71097,1999097.0
71098,3956086.0
71099,1882131.0
71100,2525375.0
71101,4491607.0
71102,8904084.0
71103,4067566.0
71104,4554237.0
71105,2525375.0
71106,13575224.0
71107,2544857.0
71108,1882131.0
71109,3347767.0
71110,3004429.0
71111,5017319.0
71112,3410878.0
71113,4590423.0
71114,3004429.0
71115,4052733.0
71116,2058644.0
71117,2525375.0
71118,3028267.0
71119,1882131.0
71120,7865428.0
71121,4491607.0
71122,4491607.0
71123,9262754.0
71124,6412623.0
71125,1270499.0
71126,2097022.0
71127,3164972.0
71128,3600467.0
71129,6412623.0
71130,3347767.0
71131,3780019.0
71132,3982767.0
71133,3248660.0
71134,2371202.0
71135,2021934.0
71136,2371202.0
71137,3939804.0
71138,5595267.0
71139,2021934.0
71140,3778621.0
71141,2390534.0
71142,2344689.0
71143,4350573.0
71144,2344689.0
71145,1149870.0
71146,2021934.0
71147,3780019.0
71148,1882131.0
71149,3745135.0
71150,3745135.0
71151,4067566.0
71152,6412623.0
71153,4491607.0
71154,3752885.0
71155,3780019.0
71156,5595267.0
71157,4067566.0
71158,2551252.0
71159,2954086.0
71160,3351383.0
71161,2267425.0
71162,6923131.0
71163,3410878.0
71164,9262754.0
71165,6694797.0
71166,3982767.0
71167,4888774.0
71168,2732645.0
71169,4705945.0
71170,2390534.0
71171,7495092.0
71172,3004429.0
71173,4554237.0
71174,5906596.0
71175,1619683.0
71176,4807746.0
71177,6941173.0
71178,3347767.0
71179,2792031.0
71180,4052733.0
71181,6694797.0
71182,1882131.0
71183,5017319.0
71184,2792031.0
71185,2021934.0
71186,3600467.0
71187,3273041.0
71188,2021934.0
71189,4015749.0
71190,2544857.0
71191,3982767.0
71192,7592272.0
71193,3351383.0
71194,3727364.0
71195,4350573.0
71196,4882985.0
71197,3600467.0
71198,1882131.0
71199,3447890.0
71200,5017319.0
71201,5017319.0
71202,1756069.0
71203,3745135.0
71204,3351383.0
71205,2551252.0
71206,1847826.0
71207,2097022.0
71208,3351383.0
71209,4780607.0
71210,2058644.0
71211,2675511.0
71212,3752885.0
71213,1847826.0
71214,1149870.0
71215,1847826.0
71216,2525375.0
71217,2083447.0
71218,3982767.0
71219,2732645.0
71220,6923131.0
71221,5017319.0
71222,3004429.0
71223,7201784.0
71224,3982767.0
71225,3982767.0
71226,3778621.0
71227,3376145.0
71228,3600467.0
71229,1999097.0
71230,1270499.0
71231,5595267.0
71232,4705945.0
71233,2097022.0
71234,3780019.0
71235,2021934.0
71236,9262754.0
71237,3903884.0
71238,1619683.0
71239,1999097.0
71240,6412623.0
71241,3871344.0
71242,4780607.0
71243,3600467.0
71244,1999097.0
71245,4067566.0
71246,5444227.0
71247,2018785.0
71248,4705945.0
71249,1904842.0
71250,5595267.0
71251,3199619.0
71252,3780019.0
71253,9262754.0
71254,2021934.0
71255,3410878.0
71256,4067566.0
71257,2525375.0
71258,4491607.0
71259,3752885.0
71260,4888774.0
71261,3447890.0
71262,3199619.0
71263,1149870.0
71264,3004429.0
71265,6313221.0
71266,1763231.0
71267,9652350.0
71268,1847826.0
71269,3426169.0
71270,1847826.0
71271,3410878.0
71272,4807746.0
71273,7217634.0
71274,5595267.0
71275,3248660.0
71276,3745135.0
71277,5787594.0
71278,3426169.0
71279,2058644.0
71280,3351383.0
71281,4350573.0
71282,3410878.0
71283,2021934.0
71284,1270499.0
71285,4705945.0
71286,3410878.0
71287,2993069.0
71288,1882131.0
71289,4705945.0
71290,8213524.0
71291,2021934.0
71292,2097022.0
71293,1270499.0
71294,4052733.0
71295,3004429.0
71296,4286645.0
71297,4705945.0
71298,2390534.0
71299,5500818.0
71300,3727364.0
71301,3956086.0
71302,3008199.0
71303,2055379.0
71304,3836721.0
71305,5595267.0
71306,3410878.0
71307,3447890.0
71308,1270499.0
71309,4705945.0
71310,4882985.0
71311,4705945.0
71312,3600467.0
71313,2021934.0
71314,3745135.0
71315,1999097.0
71316,1149870.0
71317,1999097.0
71318,4052733.0
71319,1270499.0
71320,2021934.0
71321,2055379.0
71322,1756069.0
71323,6313221.0
71324,4250553.0
71325,7217634.0
71326,5017319.0
71327,2055379.0
71328,1763231.0
71329,8213524.0
71330,2058644.0
71331,3956086.0
71332,3600467.0
71333,2544857.0
71334,4554237.0
71335,6941173.0
71336,1847826.0
71337,1619683.0
71338,7495092.0
71339,2954086.0
71340,2390534.0
71341,4590423.0
71342,3199619.0
71343,3273041.0
71344,1999097.0
71345,4554237.0
71346,3784230.0
71347,3376145.0
71348,4491607.0
71349,4066618.0
71350,1882131.0
71351,2525375.0
71352,2551252.0
71353,1904842.0
71354,7201784.0
71355,6694797.0
71356,6363241.0
71357,2344689.0
71358,3004429.0
71359,3956086.0
71360,5525735.0
71361,8213524.0
71362,1619683.0
71363,4467728.0
71364,4250553.0
71365,6412623.0
71366,9652350.0
71367,5787594.0
71368,3836721.0
71369,2344689.0
71370,1270499.0
71371,5444227.0
71372,2344689.0
71373,1847826.0
71374,4807746.0
71375,2390534.0
71376,2058644.0
71377,3836721.0
71378,1882131.0
71379,3376145.0
71380,7201784.0
71381,6363241.0
71382,2993069.0
71383,2156098.0
71384,2267425.0
71385,2551252.0
71386,5595267.0
71387,3376145.0
71388,4286645.0
71389,3351383.0
71390,1619683.0
71391,1270499.0
71392,6313221.0
71393,3248660.0
71394,3939804.0
71395,1999097.0
71396,4052733.0
71397,6941173.0
71398,3218918.0
71399,2021934.0
71400,3939804.0
71401,1999097.0
71402,5595267.0
71403,1999097.0
71404,4554237.0
71405,2371202.0
71406,3956086.0
71407,2954086.0
71408,2999068.0
71409,3248660.0
71410,2738052.0
71411,3426169.0
71412,4491607.0
71413,2675511.0
71414,4952255.0
71415,4066618.0
71416,2551252.0
71417,2390534.0
71418,3939804.0
71419,3004429.0
71420,2732645.0
71421,5017319.0
71422,2344689.0
71423,3600467.0
71424,9652350.0
71425,3004429.0
71426,2954086.0
71427,2390534.0
71428,1904842.0
71429,6412623.0
71430,6941173.0
71431,2371202.0
71432,2371202.0
71433,4015749.0
71434,3956086.0
71435,2156098.0
71436,2018785.0
71437,4250553.0
71438,7592272.0
71439,1619683.0
71440,4052733.0
71441,4705945.0
71442,3903884.0
71443,7865428.0
71444,1999097.0
71445,2344689.0
71446,4952255.0
71447,2390534.0
71448,3982767.0
71449,1270499.0
71450,3004429.0
71451,1734634.0
71452,1999097.0
71453,2058644.0
71454,2018785.0
71455,1149870.0
71456,6363241.0
71457,6941173.0
71458,2344689.0
71459,1763231.0
71460,4952255.0
71461,4316715.0
71462,3752885.0
71463,4015749.0
71464,4316715.0
71465,5500818.0
71466,5161370.0
71467,3836721.0
71468,2018785.0
71469,3248660.0
71470,1756069.0
71471,6412623.0
71472,3982767.0
71473,7201784.0
71474,5166635.0
71475,3600467.0
71476,6313221.0
71477,5017319.0
71478,3727364.0
71479,2021934.0
71480,3248660.0
71481,2018785.0
71482,2390534.0
71483,1999097.0
71484,4491607.0
71485,2018785.0
71486,5166635.0
71487,6941173.0
71488,2551252.0
71489,5906596.0
71490,3836721.0
71491,1149870.0
71492,7592272.0
71493,3347767.0
71494,3004429.0
71495,9652350.0
71496,4429512.0
71497,4554237.0
71498,2097022.0
71499,6782425.0
71500,5595267.0
71501,2097022.0
71502,3982767.0
71503,2525375.0
71504,3600467.0
71505,2675511.0
71506,6412623.0
71507,2390534.0
71508,4052733.0
71509,9262754.0
71510,1270499.0
71511,2156098.0
71512,3258837.0
71513,3745135.0
71514,1149870.0
71515,4066618.0
71516,1619683.0
71517,1847826.0
71518,4250553.0
71519,2371202.0
71520,3600467.0
71521,8213524.0
71522,1619683.0
71523,1270499.0
71524,3028267.0
71525,3199619.0
71526,3939804.0
71527,2058644.0
71528,4952497.0
71529,5787594.0
71530,3447890.0
71531,2018785.0
71532,3248660.0
71533,5653753.0
71534,1149870.0
71535,8213524.0
71536,3939804.0
71537,2058644.0
71538,2097022.0
71539,5017319.0
71540,4590423.0
71541,3258837.0
71542,5787594.0
71543,1270499.0
71544,3982767.0
71545,2525375.0
71546,9262754.0
71547,2018785.0
71548,2344689.0
71549,4807746.0
71550,6923131.0
71551,6412623.0
71552,2025297.0
71553,3351383.0
71554,4219263.0
71555,1882131.0
71556,3939804.0
71557,4263629.0
71558,5525735.0
71559,1756069.0
71560,2525375.0
71561,2018785.0
71562,8213524.0
71563,3004429.0
71564,3347767.0
71565,2058644.0
71566,5525735.0
71567,3273041.0
71568,2267425.0
71569,2018785.0
71570,4952255.0
71571,3807496.0
71572,5500818.0
71573,3426169.0
71574,3807496.0
71575,1270499.0
71576,1763231.0
71577,6941173.0
71578,3028267.0
71579,4316715.0
71580,5337526.0
71581,4491607.0
71582,3351383.0
71583,4807746.0
71584,2021934.0
71585,2156098.0
71586,2344689.0
71587,8630682.0
71588,2675511.0
71589,5500818.0
71590,2993069.0
71591,7201784.0
71592,4491607.0
71593,3939804.0
71594,2993069.0
71595,3753720.0
71596,6363241.0
71597,1149870.0
71598,1882131.0
71599,1999097.0
71600,3410878.0
71601,3410878.0
71602,2993069.0
71603,2344689.0
71604,2344689.0
71605,3347767.0
71606,4100886.0
71607,1999097.0
71608,3982767.0
71609,4467728.0
71610,3982767.0
71611,3004429.0
71612,3410878.0
71613,1270499.0
71614,1734634.0
71615,2344689.0
71616,2390534.0
71617,2018785.0
71618,2544857.0
71619,2390534.0
71620,3351383.0
71621,2371202.0
71622,3752885.0
71623,4491607.0
71624,3347767.0
71625,1270499.0
71626,3248660.0
71627,5166635.0
71628,6923131.0
71629,3004429.0
71630,3452382.0
71631,2344689.0
71632,1763231.0
71633,1999097.0
71634,1847826.0
71635,3600467.0
71636,1882131.0
71637,2156098.0
71638,1999097.0
71639,2018785.0
71640,3600467.0
71641,3376145.0
71642,1999097.0
71643,2025297.0
71644,4263629.0
71645,3004429.0
71646,3600467.0
71647,2390534.0
71648,2371202.0
71649,4467728.0
71650,3780019.0
71651,3982767.0
71652,8904084.0
71653,2344689.0
71654,7495092.0
71655,3376145.0
71656,3410878.0
71657,3752885.0
71658,6923131.0
71659,3778621.0
71660,2267425.0
71661,2267425.0
71662,3903884.0
71663,1270499.0
71664,5017319.0
71665,7201784.0
71666,4350573.0
71667,1882131.0
71668,3745135.0
71669,3982767.0
71670,2738052.0
71671,3347767.0
71672,3871344.0
71673,3410878.0
71674,4554237.0
71675,2021934.0
71676,2058644.0
71677,7592272.0
71678,7592272.0
71679,7592272.0
71680,1999097.0
71681,2993069.0
71682,1270499.0
71683,2390534.0
71684,4155435.0
71685,2055379.0
71686,3982767.0
71687,3752885.0
71688,8213524.0
71689,1756069.0
71690,3248660.0
71691,2267425.0
71692,4350573.0
71693,3939804.0
71694,4263629.0
71695,2025297.0
71696,4015749.0
71697,6694797.0
71698,1847826.0
71699,2371202.0
71700,1149870.0
71701,3028267.0
71702,3447890.0
71703,4888774.0
71704,8213524.0
71705,5595267.0
71706,3939804.0
71707,7865428.0
71708,3410878.0
71709,2993069.0
71710,2344689.0
71711,8213524.0
71712,6412623.0
71713,5595267.0
71714,5595267.0
71715,2018785.0
71716,1756069.0
71717,3004429.0
71718,2267425.0
71719,7592272.0
71720,3836721.0
71721,2525375.0
71722,2344689.0
71723,3836721.0
71724,1882131.0
71725,3248660.0
71726,8904084.0
71727,3447890.0
71728,7592272.0
71729,2551252.0
71730,4807746.0
71731,1619683.0
71732,5166635.0
71733,3600467.0
71734,3258837.0
71735,2021934.0
71736,2018785.0
71737,4952255.0
71738,4316715.0
71739,3410878.0
71740,2344689.0
71741,3376145.0
71742,2999068.0
71743,2021934.0
71744,2371202.0
71745,2371202.0
71746,2097022.0
71747,2097022.0
71748,2390534.0
71749,1756069.0
71750,1999097.0
71751,4100886.0
71752,2025297.0
71753,3745135.0
71754,1149870.0
71755,3447890.0
71756,3410878.0
71757,2055379.0
71758,7865428.0
71759,2390534.0
71760,2058644.0
71761,4491607.0
71762,4807746.0
71763,3452382.0
71764,4250553.0
71765,4554237.0
71766,3347767.0
71767,6694797.0
71768,4015749.0
71769,3745135.0
71770,7217634.0
71771,3903884.0
71772,3199619.0
71773,2021934.0
71774,6941173.0
71775,4015749.0
71776,4807746.0
71777,6694797.0
71778,4952255.0
71779,2021934.0
71780,4554237.0
71781,4491607.0
71782,2390534.0
71783,3028267.0
71784,5595267.0
71785,2055379.0
71786,2018785.0
71787,7201784.0
71788,3752885.0
71789,1882131.0
71790,3410878.0
71791,3410878.0
71792,6836483.0
71793,5461700.0
71794,2954086.0
71795,1847826.0
71796,2021934.0
71797,3836721.0
71798,2267425.0
71799,2390534.0
71800,3982767.0
71801,1999097.0
71802,4350573.0
71803,2018785.0
71804,3004429.0
71805,5435276.0
71806,2993069.0
71807,4067566.0
71808,4066618.0
71809,3004429.0
71810,3752885.0
71811,3004429.0
71812,4067566.0
71813,3261924.0
71814,1619683.0
71815,1847826.0
71816,2018785.0
71817,4952255.0
71818,3727364.0
71819,2021934.0
71820,3410878.0
71821,7495092.0
71822,4491607.0
71823,2344689.0
71824,5444227.0
71825,3752885.0
71826,6923131.0
71827,4136425.0
71828,3347767.0
71829,7495092.0
71830,2390534.0
71831,3004429.0
71832,5653753.0
71833,4590423.0
71834,5337526.0
71835,1756069.0
71836,1270499.0
71837,1756069.0
71838,3752885.0
71839,6412623.0
71840,1999097.0
71841,4705945.0
71842,3410878.0
71843,4263629.0
71844,6363241.0
71845,3347767.0
71846,1734634.0
71847,2371202.0
71848,3600467.0
71849,6694797.0
71850,1270499.0
71851,1619683.0
71852,9262754.0
71853,2390534.0
71854,3351383.0
71855,1270499.0
71856,1619683.0
71857,1756069.0
71858,8213524.0
71859,2021934.0
71860,2058644.0
71861,6941173.0
71862,4286645.0
71863,4015749.0
71864,4316715.0
71865,3347767.0
71866,1149870.0
71867,6836483.0
71868,3778621.0
71869,5595267.0
71870,2738052.0
71871,3745135.0
71872,4052733.0
71873,3982767.0
71874,4264176.0
71875,2371202.0
71876,2344689.0
71877,3273041.0
71878,2993069.0
71879,2544857.0
71880,7217634.0
71881,3745135.0
71882,1270499.0
71883,1619683.0
71884,2097022.0
71885,3410878.0
71886,3780019.0
71887,3982767.0
71888,6782425.0
71889,3410878.0
71890,2675511.0
71891,2551252.0
71892,7217634.0
71893,2267425.0
71894,7865428.0
71895,3351383.0
71896,5525735.0
71897,2097022.0
71898,3410878.0
71899,2344689.0
71900,5525735.0
71901,4952255.0
71902,6363241.0
71903,4219263.0
71904,5525735.0
71905,6923131.0
71906,5017319.0
71907,8213524.0
71908,3600467.0
71909,2551252.0
71910,1734634.0
71911,3956086.0
71912,4015749.0
71913,2792031.0
71914,8213524.0
71915,4780607.0
71916,9262754.0
71917,2097022.0
71918,2058644.0
71919,4467728.0
71920,4952255.0
71921,3752885.0
71922,3410878.0
71923,1999097.0
71924,1149870.0
71925,3199619.0
71926,4491607.0
71927,2675511.0
71928,4015749.0
71929,4952497.0
71930,4263629.0
71931,2058644.0
71932,2344689.0
71933,1619683.0
71934,2344689.0
71935,6363241.0
71936,2025297.0
71937,1619683.0
71938,2954086.0
71939,4952255.0
71940,3939804.0
71941,7495092.0
71942,4219263.0
71943,2551252.0
71944,1619683.0
71945,2993069.0
71946,9262754.0
71947,3426169.0
71948,2390534.0
71949,2021934.0
71950,2156098.0
71951,2055379.0
71952,3347767.0
71953,1149870.0
71954,2364478.0
71955,4316715.0
71956,1149870.0
71957,3426169.0
71958,3199619.0
71959,2083447.0
71960,4491607.0
71961,3871344.0
71962,2021934.0
71963,4250553.0
71964,3004429.0
71965,2732645.0
71966,3600467.0
71967,1149870.0
71968,3218918.0
71969,3780019.0
71970,3410878.0
71971,2525375.0
71972,2058644.0
71973,3939804.0
71974,2021934.0
71975,4888774.0
71976,2025297.0
71977,2999068.0
71978,2344689.0
71979,6923131.0
71980,2544857.0
71981,1904842.0
71982,2544857.0
71983,1270499.0
71984,2021934.0
71985,2021934.0
71986,3347767.0
71987,2344689.0
71988,1882131.0
71989,6694797.0
71990,6694797.0
71991,2018785.0
71992,2097022.0
71993,7495092.0
71994,2097022.0
71995,5966193.0
71996,2675511.0
71997,1763231.0
71998,4067566.0
71999,2018785.0
72000,3248660.0
72001,1149870.0
72002,5653753.0
72003,3261924.0
72004,3939804.0
72005,2097022.0
72006,5435276.0
72007,2675511.0
72008,4052733.0
72009,3004429.0
72010,3248660.0
72011,2544857.0
72012,2055379.0
72013,3351383.0
72014,3347767.0
72015,5166635.0
72016,2344689.0
72017,1999097.0
72018,7495092.0
72019,3410878.0
72020,2058644.0
72021,2675511.0
72022,3727364.0
72023,1904842.0
72024,4554237.0
72025,5595267.0
72026,3600467.0
72027,1149870.0
72028,2390534.0
72029,2732645.0
72030,6836483.0
72031,4067566.0
72032,4250758.0
72033,4491607.0
72034,1756069.0
72035,2021934.0
72036,5653753.0
72037,2097022.0
72038,3982767.0
72039,6923131.0
72040,4491607.0
72041,2021934.0
72042,1756069.0
72043,2544857.0
72044,3939804.0
72045,2018785.0
72046,5525735.0
72047,1149870.0
72048,2993069.0
72049,3004429.0
72050,7201784.0
72051,2097022.0
72052,3600467.0
72053,3351383.0
72054,4100886.0
72055,1882131.0
72056,2544857.0
72057,3426169.0
72058,2021934.0
72059,3939804.0
72060,6313221.0
72061,3903884.0
72062,1756069.0
72063,9262754.0
72064,4705945.0
72065,1999097.0
72066,1619683.0
72067,5500818.0
72068,6923131.0
72069,9652350.0
72070,1999097.0
72071,3164972.0
72072,3752885.0
72073,2021934.0
72074,2025297.0
72075,2344689.0
72076,3410878.0
72077,3347767.0
72078,1904842.0
72079,3218918.0
72080,2021934.0
72081,5595267.0
72082,3745135.0
72083,3351383.0
72084,3778621.0
72085,1270499.0
72086,2551252.0
72087,9652350.0
72088,7592272.0
72089,1270499.0
72090,5461700.0
72091,8904084.0
72092,3600467.0
72093,3351383.0
72094,1149870.0
72095,3347767.0
72096,9262754.0
72097,4219263.0
72098,3956086.0
72099,2551252.0
72100,3982767.0
72101,3982767.0
72102,7495092.0
72103,3410878.0
72104,1149870.0
72105,2675511.0
72106,2018785.0
72107,2383840.0
72108,2390534.0
72109,4155435.0
72110,2390534.0
72111,6313221.0
72112,3982767.0
72113,6941173.0
72114,3261924.0
72115,5595267.0
72116,3982767.0
72117,3347767.0
72118,4467728.0
72119,3351383.0
72120,7201784.0
72121,5337526.0
72122,2344689.0
72123,2364478.0
72124,1270499.0
72125,6313221.0
72126,2390534.0
72127,1882131.0
72128,4316715.0
72129,3745135.0
72130,3807496.0
72131,4052733.0
72132,9262754.0
72133,2058644.0
72134,2525375.0
72135,4100886.0
72136,4015749.0
72137,1756069.0
72138,4219263.0
72139,4491607.0
72140,3410878.0
72141,5461700.0
72142,1619683.0
72143,4219263.0
72144,3745135.0
72145,2021934.0
72146,2097022.0
72147,1882131.0
72148,3273041.0
72149,1149870.0
72150,3410878.0
72151,8213524.0
72152,1756069.0
72153,4100886.0
72154,5017319.0
72155,2544857.0
72156,4015749.0
72157,4100886.0
72158,4015749.0
72159,2525375.0
72160,1763231.0
72161,6694797.0
72162,4467728.0
72163,2021934.0
72164,5435276.0
72165,2058644.0
72166,3939804.0
72167,9262754.0
72168,1763231.0
72169,3004429.0
72170,4219263.0
72171,2390534.0
72172,8213524.0
72173,4264176.0
72174,2055379.0
72175,3004429.0
72176,4491607.0
72177,3600467.0
72178,1756069.0
72179,1270499.0
72180,9262754.0
72181,3727364.0
72182,1904842.0
72183,1270499.0
72184,2792031.0
72185,7495092.0
72186,5906596.0
72187,1149870.0
72188,5166635.0
72189,3347767.0
72190,6363241.0
72191,7495092.0
72192,8904084.0
72193,2267425.0
72194,2097022.0
72195,2058644.0
72196,2021934.0
72197,2993069.0
72198,4491607.0
72199,2999068.0
72200,1999097.0
72201,3982767.0
72202,4350573.0
72203,2675511.0
72204,3752885.0
72205,3008199.0
72206,3807496.0
72207,3248660.0
72208,3248660.0
72209,2021934.0
72210,1619683.0
72211,2018785.0
72212,3351383.0
72213,4286645.0
72214,2344689.0
72215,1847826.0
72216,7495092.0
72217,3410878.0
72218,1999097.0
72219,6412623.0
72220,3956086.0
72221,1270499.0
72222,3199619.0
72223,4491607.0
72224,1999097.0
72225,4467728.0
72226,2544857.0
72227,3600467.0
72228,2267425.0
72229,7592272.0
72230,3410878.0
72231,3351383.0
72232,6412623.0
72233,2364478.0
72234,4052733.0
72235,5161370.0
72236,3410878.0
72237,3261924.0
72238,7201784.0
72239,3600467.0
72240,2058644.0
72241,2371202.0
72242,3600467.0
72243,3347767.0
72244,1619683.0
72245,5595267.0
72246,2058644.0
72247,5500818.0
72248,5595267.0
72249,1756069.0
72250,5787594.0
72251,1756069.0
72252,2344689.0
72253,2344689.0
72254,4590423.0
72255,3347767.0
72256,6941173.0
72257,1847826.0
72258,1999097.0
72259,6923131.0
72260,3982767.0
72261,2993069.0
72262,6941173.0
72263,5525735.0
72264,1619683.0
72265,2732645.0
72266,5906596.0
72267,3752885.0
72268,2025297.0
72269,1619683.0
72270,1882131.0
72271,2021934.0
72272,3600467.0
72273,2732645.0
72274,2021934.0
72275,3982767.0
72276,2792031.0
72277,2018785.0
72278,1756069.0
72279,3347767.0
72280,8213524.0
72281,1763231.0
72282,1149870.0
72283,5444227.0
72284,6782425.0
72285,2390534.0
72286,6836483.0
72287,6313221.0
72288,6836483.0
72289,3818055.0
72290,4350573.0
72291,1999097.0
72292,1149870.0
72293,3600467.0
72294,3199619.0
72295,6363241.0
72296,2055379.0
72297,4015749.0
72298,2021934.0
72299,2055379.0
72300,1847826.0
72301,2156098.0
72302,3410878.0
72303,4780607.0
72304,1999097.0
72305,4316715.0
72306,7592272.0
72307,1619683.0
72308,3273041.0
72309,8213524.0
72310,2954086.0
72311,4067566.0
72312,1270499.0
72313,1882131.0
72314,7201784.0
72315,1270499.0
72316,2993069.0
72317,4264176.0
72318,3447890.0
72319,7217634.0
72320,4264176.0
72321,1882131.0
72322,1619683.0
72323,8213524.0
72324,2344689.0
72325,4491607.0
72326,2344689.0
72327,1149870.0
72328,3410878.0
72329,1756069.0
72330,6363241.0
72331,1756069.0
72332,6412623.0
72333,5166635.0
72334,4250758.0
72335,7217634.0
72336,1756069.0
72337,2097022.0
72338,2058644.0
72339,3004429.0
72340,6313221.0
72341,2058644.0
72342,3347767.0
72343,2058644.0
72344,8894598.0
72345,2544857.0
72346,1882131.0
72347,2390534.0
72348,5500818.0
72349,4350573.0
72350,2021934.0
72351,1619683.0
72352,2993069.0
72353,3347767.0
72354,1270499.0
72355,3347767.0
72356,2525375.0
72357,3248660.0
72358,4155435.0
72359,2544857.0
72360,5166635.0
72361,1756069.0
72362,2525375.0
72363,5500818.0
72364,1270499.0
72365,2021934.0
72366,4015749.0
72367,5595267.0
72368,3351383.0
72369,1763231.0
72370,3410878.0
72371,3982767.0
72372,3248660.0
72373,2267425.0
72374,8213524.0
72375,6923131.0
72376,2344689.0
72377,3727364.0
72378,2021934.0
72379,3410878.0
72380,4052733.0
72381,3903884.0
72382,5966193.0
72383,3956086.0
72384,1756069.0
72385,2544857.0
72386,4491607.0
72387,4067566.0
72388,5525735.0
72389,2675511.0
72390,3351383.0
72391,2267425.0
72392,4250553.0
72393,2021934.0
72394,2544857.0
72395,4888774.0
72396,4100886.0
72397,4316715.0
72398,4264176.0
72399,2021934.0
72400,7592272.0
72401,4264176.0
72402,4316715.0
72403,3903884.0
72404,1847826.0
72405,4705945.0
72406,2058644.0
72407,2156098.0
72408,2021934.0
72409,2156098.0
72410,2993069.0
72411,3956086.0
72412,3004429.0
72413,2383840.0
72414,4067566.0
72415,5435276.0
72416,4888774.0
72417,1763231.0
72418,2344689.0
72419,1847826.0
72420,2097022.0
72421,4015749.0
72422,3261924.0
72423,4705945.0
72424,2371202.0
72425,3351383.0
72426,4888774.0
72427,3727364.0
72428,6923131.0
72429,2371202.0
72430,3745135.0
72431,4066618.0
72432,3780019.0
72433,4100886.0
72434,2156098.0
72435,1847826.0
72436,3426169.0
72437,3836721.0
72438,4467728.0
72439,4067566.0
72440,3752885.0
72441,3199619.0
72442,4067566.0
72443,4015749.0
72444,4316715.0
72445,2344689.0
72446,3351383.0
72447,2058644.0
72448,3982767.0
72449,2364478.0
72450,2371202.0
72451,1847826.0
72452,2954086.0
72453,1904842.0
72454,2058644.0
72455,5017319.0
72456,3600467.0
72457,2390534.0
72458,3351383.0
72459,3447890.0
72460,6923131.0
72461,1734634.0
72462,1847826.0
72463,2390534.0
72464,1882131.0
72465,2025297.0
72466,3004429.0
72467,3752885.0
72468,4554237.0
72469,8213524.0
72470,3426169.0
72471,6694797.0
72472,3028267.0
72473,3600467.0
72474,2097022.0
72475,2058644.0
72476,4491607.0
72477,7592272.0
72478,3248660.0
72479,4350573.0
72480,4250553.0
72481,4651866.0
72482,4491607.0
72483,2344689.0
72484,3982767.0
72485,1270499.0
72486,2018785.0
72487,1756069.0
72488,3004429.0
72489,1756069.0
72490,3004429.0
72491,2025297.0
72492,3410878.0
72493,4250553.0
72494,3273041.0
72495,3351383.0
72496,2055379.0
72497,3004429.0
72498,3351383.0
72499,3939804.0
72500,2544857.0
72501,3004429.0
72502,1847826.0
72503,3600467.0
72504,4067566.0
72505,2954086.0
72506,2097022.0
72507,4250553.0
72508,2544857.0
72509,6941173.0
72510,3982767.0
72511,2675511.0
72512,3347767.0
72513,3939804.0
72514,3218918.0
72515,2390534.0
72516,4350573.0
72517,2156098.0
72518,2525375.0
72519,3780019.0
72520,1756069.0
72521,4491607.0
72522,1756069.0
72523,9262754.0
72524,2525375.0
72525,5017319.0
72526,3753720.0
72527,7592272.0
72528,1270499.0
72529,1619683.0
72530,1999097.0
72531,6941173.0
72532,4705945.0
72533,1270499.0
72534,4429512.0
72535,2267425.0
72536,3600467.0
72537,3778621.0
72538,4491607.0
72539,2058644.0
72540,3028267.0
72541,3218918.0
72542,1999097.0
72543,3903884.0
72544,3410878.0
72545,3982767.0
72546,4316715.0
72547,4491607.0
72548,2675511.0
72549,5595267.0
72550,3410878.0
72551,4491607.0
72552,3410878.0
72553,2025297.0
72554,2055379.0
72555,3347767.0
72556,7217634.0
72557,8213524.0
72558,2058644.0
72559,3836721.0
72560,3939804.0
72561,6694797.0
72562,4263629.0
72563,5906596.0
72564,5444227.0
72565,3273041.0
72566,4888774.0
72567,2525375.0
72568,4780607.0
72569,3903884.0
72570,3752885.0
72571,4316715.0
72572,2097022.0
72573,3982767.0
72574,1847826.0
72575,1149870.0
72576,2551252.0
72577,2344689.0
72578,3956086.0
72579,4491607.0
72580,4052733.0
72581,4491607.0
72582,2097022.0
72583,5595267.0
72584,1999097.0
72585,3410878.0
72586,2364478.0
72587,3447890.0
72588,4052733.0
72589,2390534.0
72590,6836483.0
72591,4467728.0
72592,3778621.0
72593,2371202.0
72594,2993069.0
72595,1847826.0
72596,2390534.0
72597,1904842.0
72598,3939804.0
72599,1882131.0
72600,3807496.0
72601,2055379.0
72602,1999097.0
72603,2021934.0
72604,2058644.0
72605,4250553.0
72606,1149870.0
72607,2390534.0
72608,4467728.0
72609,5017319.0
72610,7592272.0
72611,2097022.0
72612,3447890.0
72613,9652350.0
72614,4467728.0
72615,1756069.0
72616,3903884.0
72617,1847826.0
72618,1270499.0
72619,1999097.0
72620,3426169.0
72621,3818055.0
72622,7865428.0
72623,2993069.0
72624,8894598.0
72625,3778621.0
72626,3410878.0
72627,4350573.0
72628,7217634.0
72629,4316715.0
72630,2344689.0
72631,1270499.0
72632,2058644.0
72633,4705945.0
72634,2364478.0
72635,4491607.0
72636,6923131.0
72637,3447890.0
72638,6412623.0
72639,4052733.0
72640,3347767.0
72641,2021934.0
72642,4350573.0
72643,2344689.0
72644,2344689.0
72645,2156098.0
72646,1756069.0
72647,1149870.0
72648,3004429.0
72649,3727364.0
72650,3727364.0
72651,2344689.0
72652,2383840.0
72653,3778621.0
72654,8904084.0
72655,3410878.0
72656,3410878.0
72657,7217634.0
72658,3939804.0
72659,1270499.0
72660,1763231.0
72661,7217634.0
72662,1882131.0
72663,5906596.0
72664,1619683.0
72665,4264176.0
72666,2021934.0
72667,2058644.0
72668,2058644.0
72669,3778621.0
72670,1904842.0
72671,3199619.0
72672,1734634.0
72673,6694797.0
72674,3258837.0
72675,3004429.0
72676,2156098.0
72677,4219263.0
72678,3351383.0
72679,3447890.0
72680,4590423.0
72681,7592272.0
72682,1270499.0
72683,2083447.0
72684,1999097.0
72685,4067566.0
72686,7592272.0
72687,4491607.0
72688,2097022.0
72689,3600467.0
72690,3836721.0
72691,4250758.0
72692,2738052.0
72693,3351383.0
72694,3447890.0
72695,3745135.0
72696,2267425.0
72697,2544857.0
72698,6313221.0
72699,7217634.0
72700,2344689.0
72701,3004429.0
72702,3410878.0
72703,2156098.0
72704,4250553.0
72705,3028267.0
72706,3351383.0
72707,2551252.0
72708,3028267.0
72709,1999097.0
72710,2097022.0
72711,1904842.0
72712,8213524.0
72713,2732645.0
72714,6363241.0
72715,2344689.0
72716,2156098.0
72717,2525375.0
72718,1882131.0
72719,2018785.0
72720,2097022.0
72721,3347767.0
72722,4888774.0
72723,3347767.0
72724,2544857.0
72725,1619683.0
72726,3218918.0
72727,5525735.0
72728,2058644.0
72729,2732645.0
72730,4067566.0
72731,1756069.0
72732,4705945.0
72733,5461700.0
72734,2792031.0
72735,4705945.0
72736,3982767.0
72737,4316715.0
72738,1149870.0
72739,5595267.0
72740,3347767.0
72741,8213524.0
72742,3351383.0
72743,2267425.0
72744,2675511.0
72745,2525375.0
72746,1734634.0
72747,3199619.0
72748,6313221.0
72749,3273041.0
72750,4316715.0
72751,2097022.0
72752,1999097.0
72753,6782425.0
72754,5337526.0
72755,4590423.0
72756,2021934.0
72757,4264176.0
72758,3199619.0
72759,3727364.0
72760,2058644.0
72761,3347767.0
72762,1149870.0
72763,2344689.0
72764,2544857.0
72765,1882131.0
72766,8213524.0
72767,8213524.0
72768,7201784.0
72769,2021934.0
72770,3004429.0
72771,3351383.0
72772,2058644.0
72773,1847826.0
72774,2675511.0
72775,1999097.0
72776,1756069.0
72777,5595267.0
72778,7217634.0
72779,4705945.0
72780,1149870.0
72781,1904842.0
72782,1270499.0
72783,4015749.0
72784,3351383.0
72785,3004429.0
72786,2792031.0
72787,3982767.0
72788,2018785.0
72789,3199619.0
72790,3600467.0
72791,9652350.0
72792,1904842.0
72793,2097022.0
72794,4286645.0
72795,1999097.0
72796,3199619.0
72797,3807496.0
72798,2792031.0
72799,1847826.0
72800,2021934.0
72801,8213524.0
72802,4467728.0
72803,2390534.0
72804,1270499.0
72805,2544857.0
72806,1619683.0
72807,2055379.0
72808,4467728.0
72809,3347767.0
72810,6782425.0
72811,3376145.0
72812,7592272.0
72813,3956086.0
72814,2058644.0
72815,7592272.0
72816,3004429.0
72817,7201784.0
72818,4052733.0
72819,6941173.0
72820,3753720.0
72821,7495092.0
72822,3956086.0
72823,2732645.0
72824,3248660.0
72825,4250758.0
72826,2344689.0
72827,4250553.0
72828,1270499.0
72829,4015749.0
72830,2740687.0
72831,3752885.0
72832,5595267.0
72833,2344689.0
72834,2097022.0
72835,3753720.0
72836,2097022.0
72837,4250553.0
72838,2021934.0
72839,5435276.0
72840,2344689.0
72841,2267425.0
72842,3426169.0
72843,3426169.0
72844,3939804.0
72845,3600467.0
72846,4052733.0
72847,1756069.0
72848,4052733.0
72849,2390534.0
72850,1149870.0
72851,6923131.0
72852,3836721.0
72853,1149870.0
72854,5787594.0
72855,5500818.0
72856,7217634.0
72857,3028267.0
72858,2525375.0
72859,4015749.0
72860,1882131.0
72861,3410878.0
72862,8904084.0
72863,3248660.0
72864,6836483.0
72865,5461700.0
72866,2058644.0
72867,4491607.0
72868,3982767.0
72869,2390534.0
72870,2097022.0
72871,4467728.0
72872,2058644.0
72873,1763231.0
72874,4705945.0
72875,2021934.0
72876,4316715.0
72877,5595267.0
72878,4052733.0
72879,4067566.0
72880,3447890.0
72881,6412623.0
72882,3600467.0
72883,6923131.0
72884,7495092.0
72885,3410878.0
72886,6412623.0
72887,2344689.0
72888,1270499.0
72889,3004429.0
72890,7592272.0
72891,4429512.0
72892,2058644.0
72893,1882131.0
72894,8213524.0
72895,5595267.0
72896,4219263.0
72897,1756069.0
72898,3273041.0
72899,3600467.0
72900,2993069.0
72901,1756069.0
72902,5461700.0
72903,8213524.0
72904,1904842.0
72905,2097022.0
72906,8904084.0
72907,5595267.0
72908,2097022.0
72909,6313221.0
72910,2097022.0
72911,2058644.0
72912,1270499.0
72913,2021934.0
72914,4350573.0
72915,4250553.0
72916,4888774.0
72917,4952255.0
72918,2058644.0
72919,1763231.0
72920,3028267.0
72921,4264176.0
72922,2738052.0
72923,2156098.0
72924,6363241.0
72925,2675511.0
72926,3410878.0
72927,3347767.0
72928,1756069.0
72929,1149870.0
72930,1763231.0
72931,2344689.0
72932,7495092.0
72933,1847826.0
72934,5444227.0
72935,2018785.0
72936,2055379.0
72937,4250553.0
72938,2525375.0
72939,2058644.0
72940,1756069.0
72941,4015749.0
72942,7495092.0
72943,8213524.0
72944,4705945.0
72945,5017319.0
72946,1999097.0
72947,2097022.0
72948,5435276.0
72949,3445076.0
72950,3939804.0
72951,1734634.0
72952,6363241.0
72953,2344689.0
72954,4952255.0
72955,5653753.0
72956,5525735.0
72957,3347767.0
72958,7592272.0
72959,1756069.0
72960,4250758.0
72961,3004429.0
72962,3351383.0
72963,3426169.0
72964,3347767.0
72965,3347767.0
72966,3347767.0
72967,1756069.0
72968,1149870.0
72969,2055379.0
72970,2675511.0
72971,2097022.0
72972,3600467.0
72973,9262754.0
72974,3004429.0
72975,3347767.0
72976,3376145.0
72977,7201784.0
72978,3807496.0
72979,2344689.0
72980,3004429.0
72981,2993069.0
72982,2551252.0
72983,3004429.0
72984,3028267.0
72985,3347767.0
72986,5286212.0
72987,3410878.0
72988,3778621.0
72989,1882131.0
72990,2097022.0
72991,1999097.0
72992,4554237.0
72993,2738052.0
72994,3600467.0
72995,1756069.0
72996,2551252.0
72997,1847826.0
72998,5166635.0
72999,2344689.0
73000,5435276.0
73001,2344689.0
73002,3600467.0
73003,2097022.0
73004,2025297.0
73005,1882131.0
73006,4052733.0
73007,4100886.0
73008,2021934.0
73009,2792031.0
73010,3445076.0
73011,2025297.0
73012,1149870.0
73013,2544857.0
73014,4491607.0
73015,4066618.0
73016,3600467.0
73017,3410878.0
73018,5595267.0
73019,4263629.0
73020,3004429.0
73021,3351383.0
73022,4264176.0
73023,5337526.0
73024,3982767.0
73025,3982767.0
73026,5166635.0
73027,1847826.0
73028,3939804.0
73029,4250553.0
73030,3426169.0
73031,3410878.0
73032,1756069.0
73033,3410878.0
73034,3982767.0
73035,1270499.0
73036,6782425.0
73037,4100886.0
73038,3376145.0
73039,5337526.0
73040,3982767.0
73041,4888774.0
73042,5653753.0
73043,4705945.0
73044,2018785.0
73045,2344689.0
73046,2675511.0
73047,3004429.0
73048,8904084.0
73049,6836483.0
73050,5595267.0
73051,6363241.0
73052,4705945.0
73053,6412623.0
73054,4015749.0
73055,2097022.0
73056,2055379.0
73057,6836483.0
73058,8213524.0
73059,3028267.0
73060,1999097.0
73061,2344689.0
73062,1149870.0
73063,7592272.0
73064,6941173.0
73065,6836483.0
73066,6363241.0
73067,4263629.0
73068,4491607.0
73069,2383840.0
73070,5337526.0
73071,3351383.0
73072,2999068.0
73073,3753720.0
73074,3956086.0
73075,3982767.0
73076,5787594.0
73077,2021934.0
73078,3351383.0
73079,2390534.0
73080,3410878.0
73081,4491607.0
73082,3218918.0
73083,2267425.0
73084,1756069.0
73085,3347767.0
73086,5500818.0
73087,4888774.0
73088,3028267.0
73089,3778621.0
73090,3447890.0
73091,2544857.0
73092,2390534.0
73093,7217634.0
73094,6923131.0
73095,2390534.0
73096,4250553.0
73097,4052733.0
73098,6313221.0
73099,3818055.0
73100,3004429.0
73101,3164972.0
73102,4015749.0
73103,3351383.0
73104,2544857.0
73105,1756069.0
73106,1847826.0
73107,2344689.0
73108,4015749.0
73109,2344689.0
73110,4219263.0
73111,4882985.0
73112,3745135.0
73113,2021934.0
73114,1756069.0
73115,2525375.0
73116,1904842.0
73117,3347767.0
73118,1149870.0
73119,2993069.0
73120,6412623.0
73121,5444227.0
73122,1882131.0
73123,1999097.0
73124,1904842.0
73125,1270499.0
73126,4888774.0
73127,2544857.0
73128,1756069.0
73129,3351383.0
73130,1847826.0
73131,4780607.0
73132,6923131.0
73133,3004429.0
73134,1270499.0
73135,5595267.0
73136,1999097.0
73137,5595267.0
73138,2025297.0
73139,3261924.0
73140,5444227.0
73141,2021934.0
73142,4807746.0
73143,6412623.0
73144,3600467.0
73145,1270499.0
73146,4780607.0
73147,3982767.0
73148,3982767.0
73149,3600467.0
73150,7217634.0
73151,3982767.0
73152,3982767.0
73153,1882131.0
73154,4100886.0
73155,1999097.0
73156,1756069.0
73157,2675511.0
73158,2025297.0
73159,4554237.0
73160,2097022.0
73161,3347767.0
73162,3956086.0
73163,8213524.0
73164,1149870.0
73165,3410878.0
73166,3727364.0
73167,2551252.0
73168,3600467.0
73169,5435276.0
73170,3939804.0
73171,1149870.0
73172,3028267.0
73173,2371202.0
73174,3600467.0
73175,3600467.0
73176,3956086.0
73177,1149870.0
73178,1756069.0
73179,5337526.0
73180,4052733.0
73181,3248660.0
73182,1904842.0
73183,3410878.0
73184,1847826.0
73185,6836483.0
73186,3871344.0
73187,3351383.0
73188,1904842.0
73189,4491607.0
73190,1999097.0
73191,9652350.0
73192,3351383.0
73193,1619683.0
73194,9262754.0
73195,2525375.0
73196,4491607.0
73197,1149870.0
73198,2058644.0
73199,2993069.0
73200,3347767.0
73201,3351383.0
73202,3410878.0
73203,3347767.0
73204,2083447.0
73205,4807746.0
73206,3745135.0
73207,1270499.0
73208,4067566.0
73209,5595267.0
73210,2792031.0
73211,4350573.0
73212,3218918.0
73213,2544857.0
73214,3351383.0
73215,3410878.0
73216,2097022.0
73217,4052733.0
73218,1763231.0
73219,6923131.0
73220,3376145.0
73221,2383840.0
73222,2792031.0
73223,7592272.0
73224,2390534.0
73225,3248660.0
73226,2390534.0
73227,2055379.0
73228,5166635.0
73229,1999097.0
73230,3447890.0
73231,8213524.0
73232,3780019.0
73233,2344689.0
73234,3347767.0
73235,1619683.0
73236,4590423.0
73237,2097022.0
73238,6313221.0
73239,3982767.0
73240,2058644.0
73241,3426169.0
73242,3426169.0
73243,1270499.0
73244,8213524.0
73245,2021934.0
73246,7592272.0
73247,3753720.0
73248,3447890.0
73249,1149870.0
73250,1619683.0
73251,1149870.0
73252,3727364.0
73253,4015749.0
73254,4651866.0
73255,1270499.0
73256,4705945.0
73257,2018785.0
73258,2390534.0
73259,4316715.0
73260,4286645.0
73261,9262754.0
73262,5595267.0
73263,4467728.0
73264,3004429.0
73265,1756069.0
73266,3164972.0
73267,6782425.0
73268,2344689.0
73269,4888774.0
73270,2344689.0
73271,1619683.0
73272,3028267.0
73273,4467728.0
73274,1149870.0
73275,3778621.0
73276,2371202.0
73277,1763231.0
73278,1149870.0
73279,7217634.0
73280,2058644.0
73281,4219263.0
73282,2383840.0
73283,3752885.0
73284,2371202.0
73285,4780607.0
73286,2018785.0
73287,1999097.0
73288,3570392.0
73289,2344689.0
73290,3939804.0
73291,3778621.0
73292,3351383.0
73293,1734634.0
73294,4250758.0
73295,2156098.0
73296,6412623.0
73297,1270499.0
73298,5286212.0
73299,1734634.0
73300,3376145.0
73301,6412623.0
73302,3447890.0
73303,2675511.0
73304,1149870.0
73305,2344689.0
73306,4705945.0
73307,3410878.0
73308,2390534.0
73309,3004429.0
73310,6941173.0
73311,4467728.0
73312,5595267.0
73313,2055379.0
73314,3347767.0
73315,5286212.0
73316,3727364.0
73317,3727364.0
73318,1756069.0
73319,1999097.0
73320,3199619.0
73321,3745135.0
73322,3600467.0
73323,1763231.0
73324,4219263.0
73325,2732645.0
73326,2097022.0
73327,3600467.0
73328,8213524.0
73329,1882131.0
73330,5166635.0
73331,2156098.0
73332,2344689.0
73333,2792031.0
73334,1847826.0
73335,3745135.0
73336,3273041.0
73337,4015749.0
73338,5525735.0
73339,5500818.0
73340,3982767.0
73341,2993069.0
73342,3004429.0
73343,2732645.0
73344,2732645.0
73345,1619683.0
73346,4100886.0
73347,2021934.0
73348,3028267.0
73349,6412623.0
73350,3410878.0
73351,3982767.0
73352,2738052.0
73353,4264176.0
73354,1999097.0
73355,1756069.0
73356,5017319.0
73357,3004429.0
73358,2021934.0
73359,1756069.0
73360,3347767.0
73361,1619683.0
73362,2344689.0
73363,2083447.0
73364,8213524.0
73365,1999097.0
73366,1882131.0
73367,4651866.0
73368,2097022.0
73369,8213524.0
73370,4705945.0
73371,6836483.0
73372,4250553.0
73373,2058644.0
73374,4491607.0
73375,2551252.0
73376,6694797.0
73377,5166635.0
73378,3410878.0
73379,1999097.0
73380,5286212.0
73381,1999097.0
73382,3939804.0
73383,1847826.0
73384,2551252.0
73385,3351383.0
73386,1149870.0
73387,1904842.0
73388,1734634.0
73389,2018785.0
73390,2344689.0
73391,4219263.0
73392,3426169.0
73393,2344689.0
73394,1999097.0
73395,3752885.0
73396,3218918.0
73397,1904842.0
73398,1149870.0
73399,2675511.0
73400,2021934.0
73401,3982767.0
73402,2993069.0
73403,4250553.0
73404,1734634.0
73405,6694797.0
73406,4350573.0
73407,4015749.0
73408,3410878.0
73409,3600467.0
73410,3410878.0
73411,3752885.0
73412,3903884.0
73413,1756069.0
73414,4491607.0
73415,4052733.0
73416,2055379.0
73417,3347767.0
73418,2021934.0
73419,1619683.0
73420,6836483.0
73421,3939804.0
73422,3248660.0
73423,5595267.0
73424,4888774.0
73425,5595267.0
73426,3347767.0
73427,1619683.0
73428,2954086.0
73429,2390534.0
73430,1847826.0
73431,1149870.0
73432,9652350.0
73433,1270499.0
73434,5906596.0
73435,3248660.0
73436,2675511.0
73437,2344689.0
73438,2055379.0
73439,4067566.0
73440,2544857.0
73441,5525735.0
73442,2018785.0
73443,3351383.0
73444,7495092.0
73445,1619683.0
73446,1756069.0
73447,3347767.0
73448,1270499.0
73449,5653753.0
73450,6412623.0
73451,7201784.0
73452,3199619.0
73453,1999097.0
73454,4780607.0
73455,8213524.0
73456,3347767.0
73457,1756069.0
73458,2675511.0
73459,2267425.0
73460,2344689.0
73461,5595267.0
73462,5595267.0
73463,2344689.0
73464,5166635.0
73465,1619683.0
73466,3445076.0
73467,3273041.0
73468,3426169.0
73469,2055379.0
73470,1619683.0
73471,6941173.0
73472,2525375.0
73473,2544857.0
73474,1270499.0
73475,4705945.0
73476,2344689.0
73477,2018785.0
73478,1270499.0
73479,2525375.0
73480,3426169.0
73481,6923131.0
73482,2021934.0
73483,2675511.0
73484,4067566.0
73485,2740687.0
73486,2383840.0
73487,3745135.0
73488,6313221.0
73489,2018785.0
73490,5595267.0
73491,2021934.0
73492,5525735.0
73493,1847826.0
73494,4264176.0
73495,8213524.0
73496,7592272.0
73497,3410878.0
73498,1619683.0
73499,1734634.0
73500,3004429.0
73501,1270499.0
73502,5595267.0
73503,1270499.0
73504,1904842.0
73505,2058644.0
73506,1882131.0
73507,4136425.0
73508,2525375.0
73509,1734634.0
73510,1756069.0
73511,6923131.0
73512,1619683.0
73513,1999097.0
73514,2993069.0
73515,6313221.0
73516,5595267.0
73517,13575224.0
73518,3939804.0
73519,3248660.0
73520,3807496.0
73521,2021934.0
73522,5595267.0
73523,8213524.0
73524,4286645.0
73525,8904084.0
73526,2097022.0
73527,3410878.0
73528,6363241.0
73529,5461700.0
73530,6941173.0
73531,2018785.0
73532,2058644.0
73533,9262754.0
73534,4286645.0
73535,2993069.0
73536,2344689.0
73537,1149870.0
73538,2390534.0
73539,2055379.0
73540,4590423.0
73541,1149870.0
73542,3410878.0
73543,2021934.0
73544,4219263.0
73545,4219263.0
73546,3727364.0
73547,3447890.0
73548,2021934.0
73549,3445076.0
73550,3982767.0
73551,4219263.0
73552,9652350.0
73553,1882131.0
73554,1999097.0
73555,4491607.0
73556,5461700.0
73557,7495092.0
73558,1734634.0
73559,2018785.0
73560,2156098.0
73561,5595267.0
73562,3745135.0
73563,2021934.0
73564,3447890.0
73565,4066618.0
73566,2058644.0
73567,2018785.0
73568,6694797.0
73569,7217634.0
73570,2383840.0
73571,2021934.0
73572,2993069.0
73573,6313221.0
73574,6694797.0
73575,2525375.0
73576,2792031.0
73577,4888774.0
73578,4219263.0
73579,3836721.0
73580,4067566.0
73581,2018785.0
73582,4705945.0
73583,5595267.0
73584,7201784.0
73585,1270499.0
73586,6412623.0
73587,3376145.0
73588,2083447.0
73589,9262754.0
73590,1904842.0
73591,7592272.0
73592,6923131.0
73593,3778621.0
73594,5595267.0
73595,1756069.0
73596,4590423.0
73597,2954086.0
73598,4250553.0
73599,3004429.0
73600,2156098.0
73601,5461700.0
73602,4066618.0
73603,2083447.0
73604,16549064.0
73605,3780019.0
73606,2993069.0
73607,3004429.0
73608,3784230.0
73609,4052733.0
73610,2097022.0
73611,3410878.0
73612,1999097.0
73613,4067566.0
73614,2021934.0
73615,2371202.0
73616,1270499.0
73617,2344689.0
73618,1882131.0
73619,2525375.0
73620,3351383.0
73621,6941173.0
73622,5337526.0
73623,3600467.0
73624,1149870.0
73625,4250553.0
73626,1999097.0
73627,2551252.0
73628,4350573.0
73629,2156098.0
73630,7592272.0
73631,2097022.0
73632,6363241.0
73633,2055379.0
73634,3248660.0
73635,3939804.0
73636,4015749.0
73637,3982767.0
73638,4780607.0
73639,3818055.0
73640,7592272.0
73641,3410878.0
73642,1763231.0
73643,4705945.0
73644,3347767.0
73645,2097022.0
73646,1904842.0
73647,2097022.0
73648,2055379.0
73649,4264176.0
73650,2544857.0
73651,4780607.0
73652,6836483.0
73653,4888774.0
73654,3410878.0
73655,1999097.0
73656,1847826.0
73657,4250758.0
73658,1756069.0
73659,9262754.0
73660,6836483.0
73661,2675511.0
73662,3258837.0
73663,3939804.0
73664,3347767.0
73665,2021934.0
73666,6412623.0
73667,6313221.0
73668,5444227.0
73669,2371202.0
73670,5525735.0
73671,2058644.0
73672,2018785.0
73673,3351383.0
73674,6412623.0
73675,2999068.0
73676,3258837.0
73677,3982767.0
73678,6313221.0
73679,4066618.0
73680,3600467.0
73681,3903884.0
73682,2021934.0
73683,4136425.0
73684,4467728.0
73685,5166635.0
73686,1619683.0
73687,1149870.0
73688,4015749.0
73689,1270499.0
73690,8213524.0
73691,3752885.0
73692,1270499.0
73693,2097022.0
73694,7495092.0
73695,3410878.0
73696,1999097.0
73697,2097022.0
73698,3410878.0
73699,3836721.0
73700,7592272.0
73701,6941173.0
73702,7217634.0
73703,3248660.0
73704,6313221.0
73705,3351383.0
73706,3199619.0
73707,3600467.0
73708,3410878.0
73709,3347767.0
73710,1756069.0
73711,5595267.0
73712,3903884.0
73713,4052733.0
73714,2018785.0
73715,2097022.0
73716,1756069.0
73717,2544857.0
73718,3347767.0
73719,2675511.0
73720,6836483.0
73721,5461700.0
73722,4052733.0
73723,2525375.0
73724,4491607.0
73725,8213524.0
73726,1999097.0
73727,1763231.0
73728,4066618.0
73729,2675511.0
73730,1882131.0
73731,2344689.0
73732,1756069.0
73733,7865428.0
73734,2083447.0
73735,2954086.0
73736,2383840.0
73737,2267425.0
73738,3426169.0
73739,5161370.0
73740,3452382.0
73741,3347767.0
73742,2732645.0
73743,4807746.0
73744,2018785.0
73745,2344689.0
73746,3447890.0
73747,9652350.0
73748,2156098.0
73749,4350573.0
73750,1270499.0
73751,1882131.0
73752,2544857.0
73753,3351383.0
73754,8904084.0
73755,3351383.0
73756,6363241.0
73757,3410878.0
73758,1882131.0
73759,2018785.0
73760,5595267.0
73761,2999068.0
73762,2344689.0
73763,1882131.0
73764,2021934.0
73765,2344689.0
73766,3258837.0
73767,3939804.0
73768,2025297.0
73769,4705945.0
73770,4286645.0
73771,7592272.0
73772,2390534.0
73773,3871344.0
73774,3982767.0
73775,3351383.0
73776,4015749.0
73777,3218918.0
73778,3248660.0
73779,8213524.0
73780,3028267.0
73781,2018785.0
73782,4066618.0
73783,4067566.0
73784,4807746.0
73785,1270499.0
73786,2018785.0
73787,6836483.0
73788,2097022.0
73789,1882131.0
73790,4015749.0
73791,7495092.0
73792,7201784.0
73793,2344689.0
73794,3426169.0
73795,1756069.0
73796,3261924.0
73797,7592272.0
73798,2058644.0
73799,1619683.0
73800,3004429.0
73801,3745135.0
73802,4155435.0
73803,2021934.0
73804,4882985.0
73805,2021934.0
73806,3351383.0
73807,6363241.0
73808,7217634.0
73809,4316715.0
73810,3447890.0
73811,1756069.0
73812,8904084.0
73813,6363241.0
73814,2738052.0
73815,4807746.0
73816,1149870.0
73817,2021934.0
73818,5595267.0
73819,2544857.0
73820,4491607.0
73821,1619683.0
73822,3727364.0
73823,3347767.0
73824,3982767.0
73825,4136425.0
73826,2021934.0
73827,3956086.0
73828,3570392.0
73829,8213524.0
73830,5017319.0
73831,3028267.0
73832,1734634.0
73833,2344689.0
73834,2156098.0
73835,1149870.0
73836,4952255.0
73837,2055379.0
73838,2083447.0
73839,1270499.0
73840,8213524.0
73841,3410878.0
73842,1149870.0
73843,2740687.0
73844,2018785.0
73845,1847826.0
73846,6694797.0
73847,3351383.0
73848,6923131.0
73849,3447890.0
73850,5595267.0
73851,2390534.0
73852,4052733.0
73853,3410878.0
73854,3351383.0
73855,1999097.0
73856,2021934.0
73857,7592272.0
73858,2058644.0
73859,4491607.0
73860,3752885.0
73861,8904084.0
73862,2390534.0
73863,2156098.0
73864,6782425.0
73865,3004429.0
73866,1270499.0
73867,4263629.0
73868,5653753.0
73869,3745135.0
73870,3248660.0
73871,3982767.0
73872,5595267.0
73873,2344689.0
73874,4952255.0
73875,1756069.0
73876,2732645.0
73877,2344689.0
73878,4888774.0
73879,5286212.0
73880,3347767.0
73881,4350573.0
73882,2993069.0
73883,2390534.0
73884,1756069.0
73885,3410878.0
73886,4590423.0
73887,6782425.0
73888,3447890.0
73889,4219263.0
73890,1270499.0
73891,2018785.0
73892,2097022.0
73893,1270499.0
73894,4250553.0
73895,1270499.0
73896,2021934.0
73897,2021934.0
73898,4705945.0
73899,4952255.0
73900,1734634.0
73901,5461700.0
73902,2058644.0
73903,1847826.0
73904,1756069.0
73905,1847826.0
73906,1270499.0
73907,3780019.0
73908,3351383.0
73909,3447890.0
73910,4554237.0
73911,3752885.0
73912,2058644.0
73913,2018785.0
73914,6363241.0
73915,2999068.0
73916,3347767.0
73917,3351383.0
73918,1756069.0
73919,2732645.0
73920,5525735.0
73921,6313221.0
73922,1882131.0
73923,1999097.0
73924,3600467.0
73925,2156098.0
73926,1270499.0
73927,3727364.0
73928,3410878.0
73929,2156098.0
73930,3727364.0
73931,3199619.0
73932,4705945.0
73933,4491607.0
73934,2058644.0
73935,4250553.0
73936,2954086.0
73937,1619683.0
73938,3982767.0
73939,6941173.0
73940,6412623.0
73941,2344689.0
73942,3347767.0
73943,4467728.0
73944,4263629.0
73945,5500818.0
73946,7592272.0
73947,3982767.0
73948,3351383.0
73949,2390534.0
73950,3956086.0
73951,3351383.0
73952,3258837.0
73953,3939804.0
73954,1734634.0
73955,3351383.0
73956,2156098.0
73957,3347767.0
73958,3727364.0
73959,3351383.0
73960,3004429.0
73961,5595267.0
73962,2021934.0
73963,5595267.0
73964,1619683.0
73965,3752885.0
73966,1619683.0
73967,6313221.0
73968,3727364.0
73969,1270499.0
73970,2344689.0
73971,3447890.0
73972,3600467.0
73973,4491607.0
73974,2021934.0
73975,5787594.0
73976,3982767.0
73977,4780607.0
73978,2344689.0
73979,3780019.0
73980,2018785.0
73981,3778621.0
73982,4316715.0
73983,2344689.0
73984,4590423.0
73985,2021934.0
73986,2544857.0
73987,3347767.0
73988,7865428.0
73989,3351383.0
73990,3351383.0
73991,3347767.0
73992,5161370.0
73993,2344689.0
73994,4705945.0
73995,3261924.0
73996,2058644.0
73997,6923131.0
73998,3004429.0
73999,3426169.0
74000,2344689.0
74001,3199619.0
74002,2021934.0
74003,3752885.0
74004,1756069.0
74005,6923131.0
74006,2993069.0
74007,3778621.0
74008,8904084.0
74009,6923131.0
74010,5017319.0
74011,7217634.0
74012,3410878.0
74013,2383840.0
74014,7201784.0
74015,4155435.0
74016,4052733.0
74017,4429512.0
74018,6836483.0
74019,6313221.0
74020,5017319.0
74021,5595267.0
74022,8213524.0
74023,3939804.0
74024,2344689.0
74025,4952255.0
74026,4250553.0
74027,4888774.0
74028,2675511.0
74029,1619683.0
74030,8904084.0
74031,2021934.0
74032,1999097.0
74033,1999097.0
74034,1756069.0
74035,5435276.0
74036,3376145.0
74037,2344689.0
74038,2364478.0
74039,2058644.0
74040,2675511.0
74041,6694797.0
74042,3028267.0
74043,1847826.0
74044,4554237.0
74045,2097022.0
74046,1270499.0
74047,3939804.0
74048,3218918.0
74049,2344689.0
74050,3982767.0
74051,1999097.0
74052,3903884.0
74053,4888774.0
74054,3410878.0
74055,3939804.0
74056,2344689.0
74057,2267425.0
74058,2097022.0
74059,8213524.0
74060,3745135.0
74061,4952255.0
74062,4554237.0
74063,6313221.0
74064,2055379.0
74065,2993069.0
74066,3218918.0
74067,3351383.0
74068,1999097.0
74069,1756069.0
74070,3939804.0
74071,1763231.0
74072,4467728.0
74073,1999097.0
74074,1734634.0
74075,5595267.0
74076,2732645.0
74077,4052733.0
74078,3273041.0
74079,5525735.0
74080,3347767.0
74081,5906596.0
74082,3600467.0
74083,3982767.0
74084,6836483.0
74085,7865428.0
74086,3600467.0
74087,6923131.0
74088,4052733.0
74089,3600467.0
74090,3004429.0
74091,3452382.0
74092,2058644.0
74093,3745135.0
74094,2021934.0
74095,3351383.0
74096,3347767.0
74097,2675511.0
74098,4491607.0
74099,2344689.0
74100,4350573.0
74101,2738052.0
74102,2544857.0
74103,3351383.0
74104,5286212.0
74105,3347767.0
74106,5017319.0
74107,4250553.0
74108,2083447.0
74109,2021934.0
74110,1904842.0
74111,4705945.0
74112,2097022.0
74113,2792031.0
74114,2267425.0
74115,2544857.0
74116,6412623.0
74117,3982767.0
74118,2021934.0
74119,1270499.0
74120,5017319.0
74121,3939804.0
74122,1756069.0
74123,3347767.0
74124,3351383.0
74125,2021934.0
74126,6941173.0
74127,8904084.0
74128,3745135.0
74129,1149870.0
74130,2675511.0
74131,1756069.0
74132,6941173.0
74133,3752885.0
74134,3199619.0
74135,4350573.0
74136,4888774.0
74137,2058644.0
74138,1734634.0
74139,1999097.0
74140,1619683.0
74141,5461700.0
74142,6923131.0
74143,3982767.0
74144,1619683.0
74145,1149870.0
74146,3410878.0
74147,5525735.0
74148,2544857.0
74149,1756069.0
74150,1756069.0
74151,4491607.0
74152,3778621.0
74153,2344689.0
74154,6694797.0
74155,2058644.0
74156,2344689.0
74157,4554237.0
74158,2267425.0
74159,3780019.0
74160,4067566.0
74161,7495092.0
74162,1763231.0
74163,4052733.0
74164,3258837.0
74165,4066618.0
74166,1619683.0
74167,1734634.0
74168,1882131.0
74169,3778621.0
74170,3351383.0
74171,3445076.0
74172,1882131.0
74173,6412623.0
74174,5595267.0
74175,3347767.0
74176,2383840.0
74177,2551252.0
74178,3410878.0
74179,1619683.0
74180,2344689.0
74181,1270499.0
74182,1847826.0
74183,1756069.0
74184,5500818.0
74185,1619683.0
74186,2267425.0
74187,2025297.0
74188,4350573.0
74189,5017319.0
74190,2383840.0
74191,5337526.0
74192,5444227.0
74193,4067566.0
74194,2551252.0
74195,1756069.0
74196,6412623.0
74197,8904084.0
74198,1904842.0
74199,4554237.0
74200,5444227.0
74201,1904842.0
74202,4491607.0
74203,2018785.0
74204,2383840.0
74205,1999097.0
74206,2267425.0
74207,3452382.0
74208,2018785.0
74209,6923131.0
74210,2954086.0
74211,2525375.0
74212,2390534.0
74213,2792031.0
74214,7495092.0
74215,3426169.0
74216,4491607.0
74217,3410878.0
74218,4952255.0
74219,3956086.0
74220,4250553.0
74221,1882131.0
74222,2344689.0
74223,2097022.0
74224,3273041.0
74225,4554237.0
74226,3258837.0
74227,3351383.0
74228,3778621.0
74229,1756069.0
74230,5906596.0
74231,3982767.0
74232,4952255.0
74233,2097022.0
74234,2267425.0
74235,4491607.0
74236,2018785.0
74237,2371202.0
74238,3347767.0
74239,2525375.0
74240,4467728.0
74241,5166635.0
74242,2344689.0
74243,1270499.0
74244,4467728.0
74245,3445076.0
74246,2993069.0
74247,3248660.0
74248,3410878.0
74249,2018785.0
74250,3780019.0
74251,3982767.0
74252,2344689.0
74253,2021934.0
74254,3410878.0
74255,3351383.0
74256,4052733.0
74257,3939804.0
74258,3004429.0
74259,3351383.0
74260,2544857.0
74261,3982767.0
74262,1149870.0
74263,3004429.0
74264,2097022.0
74265,4052733.0
74266,1847826.0
74267,4264176.0
74268,3004429.0
74269,4250553.0
74270,1847826.0
74271,2021934.0
74272,2738052.0
74273,3600467.0
74274,3004429.0
74275,5017319.0
74276,2344689.0
74277,3199619.0
74278,3351383.0
74279,3727364.0
74280,2021934.0
74281,6923131.0
74282,4250553.0
74283,5525735.0
74284,3351383.0
74285,4952255.0
74286,3939804.0
74287,3871344.0
74288,2390534.0
74289,3807496.0
74290,3410878.0
74291,4316715.0
74292,5595267.0
74293,6923131.0
74294,3836721.0
74295,2390534.0
74296,2993069.0
74297,2058644.0
74298,2097022.0
74299,1847826.0
74300,3347767.0
74301,3273041.0
74302,5966193.0
74303,3778621.0
74304,3956086.0
74305,3753720.0
74306,3410878.0
74307,5461700.0
74308,8213524.0
74309,3248660.0
74310,4067566.0
74311,9262754.0
74312,9262754.0
74313,1999097.0
74314,6363241.0
74315,8904084.0
74316,3410878.0
74317,1999097.0
74318,4250758.0
74319,2021934.0
74320,4491607.0
74321,3982767.0
74322,2097022.0
74323,2371202.0
74324,4316715.0
74325,6412623.0
74326,2371202.0
74327,3351383.0
74328,1619683.0
74329,2544857.0
74330,1270499.0
74331,4155435.0
74332,3351383.0
74333,4888774.0
74334,6941173.0
74335,4491607.0
74336,6694797.0
74337,1904842.0
74338,4015749.0
74339,2267425.0
74340,1882131.0
74341,2544857.0
74342,5166635.0
74343,7217634.0
74344,1999097.0
74345,3347767.0
74346,1270499.0
74347,4264176.0
74348,4350573.0
74349,4052733.0
74350,1847826.0
74351,2021934.0
74352,3164972.0
74353,2018785.0
74354,9652350.0
74355,2993069.0
74356,3939804.0
74357,3258837.0
74358,2525375.0
74359,2390534.0
74360,2551252.0
74361,3410878.0
74362,2021934.0
74363,6412623.0
74364,7201784.0
74365,1999097.0
74366,4350573.0
74367,2364478.0
74368,2058644.0
74369,6923131.0
74370,3752885.0
74371,4705945.0
74372,1756069.0
74373,2267425.0
74374,2390534.0
74375,9652350.0
74376,4052733.0
74377,3956086.0
74378,2954086.0
74379,4015749.0
74380,5595267.0
74381,3982767.0
74382,2267425.0
74383,2525375.0
74384,4888774.0
74385,2792031.0
74386,3218918.0
74387,6412623.0
74388,8213524.0
74389,5500818.0
74390,2097022.0
74391,4467728.0
74392,1847826.0
74393,3982767.0
74394,2371202.0
74395,1149870.0
74396,2371202.0
74397,4316715.0
74398,2055379.0
74399,2097022.0
74400,1619683.0
74401,1999097.0
74402,1847826.0
74403,2738052.0
74404,3199619.0
74405,1270499.0
74406,4066618.0
74407,4286645.0
74408,2371202.0
74409,2021934.0
74410,5595267.0
74411,4250758.0
74412,5595267.0
74413,2544857.0
74414,2021934.0
74415,5595267.0
74416,1756069.0
74417,3028267.0
74418,5017319.0
74419,6313221.0
74420,4316715.0
74421,3956086.0
74422,3410878.0
74423,3004429.0
74424,3028267.0
74425,4491607.0
74426,1149870.0
74427,4780607.0
74428,4052733.0
74429,4136425.0
74430,6923131.0
74431,2021934.0
74432,3347767.0
74433,3600467.0
74434,1619683.0
74435,1270499.0
74436,2544857.0
74437,1619683.0
74438,3351383.0
74439,5161370.0
74440,2025297.0
74441,3028267.0
74442,4136425.0
74443,6363241.0
74444,7592272.0
74445,1882131.0
74446,2058644.0
74447,2025297.0
74448,5525735.0
74449,3939804.0
74450,6694797.0
74451,6313221.0
74452,3261924.0
74453,1756069.0
74454,4250553.0
74455,4066618.0
74456,4807746.0
74457,2097022.0
74458,2544857.0
74459,6412623.0
74460,3261924.0
74461,3426169.0
74462,4067566.0
74463,7592272.0
74464,7865428.0
74465,3939804.0
74466,4015749.0
74467,5525735.0
74468,4888774.0
74469,3447890.0
74470,2156098.0
74471,3836721.0
74472,2156098.0
74473,2018785.0
74474,4590423.0
74475,6941173.0
74476,3273041.0
74477,2551252.0
74478,4882985.0
74479,9652350.0
74480,2390534.0
74481,1149870.0
74482,1847826.0
74483,3347767.0
74484,4888774.0
74485,3004429.0
74486,1756069.0
74487,3261924.0
74488,2344689.0
74489,2156098.0
74490,2267425.0
74491,1149870.0
74492,4316715.0
74493,1149870.0
74494,2525375.0
74495,4067566.0
74496,6836483.0
74497,2675511.0
74498,1734634.0
74499,1619683.0
74500,7201784.0
74501,2097022.0
74502,6313221.0
74503,2058644.0
74504,3347767.0
74505,4882985.0
74506,2390534.0
74507,2732645.0
74508,2018785.0
74509,1756069.0
74510,3273041.0
74511,3218918.0
74512,7592272.0
74513,1756069.0
74514,3939804.0
74515,6412623.0
74516,2993069.0
74517,3426169.0
74518,3004429.0
74519,1882131.0
74520,5500818.0
74521,2055379.0
74522,3028267.0
74523,4491607.0
74524,7495092.0
74525,8213524.0
74526,1904842.0
74527,7201784.0
74528,1882131.0
74529,2371202.0
74530,2058644.0
74531,3445076.0
74532,6923131.0
74533,2018785.0
74534,2344689.0
74535,3410878.0
74536,3956086.0
74537,3347767.0
74538,3939804.0
74539,4705945.0
74540,3347767.0
74541,4067566.0
74542,5595267.0
74543,2058644.0
74544,3410878.0
74545,1149870.0
74546,3836721.0
74547,2371202.0
74548,4250553.0
74549,2097022.0
74550,3600467.0
74551,3939804.0
74552,4705945.0
74553,4250758.0
74554,2018785.0
74555,2344689.0
74556,4554237.0
74557,1847826.0
74558,1904842.0
74559,4590423.0
74560,2732645.0
74561,2390534.0
74562,2390534.0
74563,3447890.0
74564,4705945.0
74565,5461700.0
74566,4219263.0
74567,1904842.0
74568,3199619.0
74569,3347767.0
74570,1999097.0
74571,3752885.0
74572,2018785.0
74573,2058644.0
74574,7217634.0
74575,9652350.0
74576,4807746.0
74577,3347767.0
74578,2097022.0
74579,2058644.0
74580,1734634.0
74581,3600467.0
74582,3836721.0
74583,2390534.0
74584,2058644.0
74585,2525375.0
74586,2364478.0
74587,3600467.0
74588,2738052.0
74589,9262754.0
74590,3261924.0
74591,3727364.0
74592,9262754.0
74593,8213524.0
74594,7217634.0
74595,2544857.0
74596,4705945.0
74597,2018785.0
74598,2390534.0
74599,4952255.0
74600,3836721.0
74601,2021934.0
74602,3426169.0
74603,3600467.0
74604,3752885.0
74605,2544857.0
74606,4350573.0
74607,4250553.0
74608,3376145.0
74609,2018785.0
74610,3004429.0
74611,5906596.0
74612,1149870.0
74613,1149870.0
74614,2055379.0
74615,6923131.0
74616,1882131.0
74617,3752885.0
74618,8213524.0
74619,3452382.0
74620,1999097.0
74621,3753720.0
74622,1756069.0
74623,2371202.0
74624,4067566.0
74625,5017319.0
74626,1756069.0
74627,3028267.0
74628,2344689.0
74629,3745135.0
74630,1619683.0
74631,3778621.0
74632,1270499.0
74633,1847826.0
74634,4067566.0
74635,1149870.0
74636,3261924.0
74637,2551252.0
74638,4888774.0
74639,2344689.0
74640,3273041.0
74641,8213524.0
74642,2344689.0
74643,3939804.0
74644,4350573.0
74645,2371202.0
74646,1619683.0
74647,3727364.0
74648,3778621.0
74649,7592272.0
74650,2058644.0
74651,1734634.0
74652,3028267.0
74653,6313221.0
74654,4807746.0
74655,4467728.0
74656,2344689.0
74657,4136425.0
74658,2390534.0
74659,4350573.0
74660,3982767.0
74661,7201784.0
74662,3004429.0
74663,5500818.0
74664,3939804.0
74665,3600467.0
74666,4052733.0
74667,3410878.0
74668,3351383.0
74669,3939804.0
74670,3004429.0
74671,3956086.0
74672,4888774.0
74673,7495092.0
74674,5595267.0
74675,4491607.0
74676,2344689.0
74677,1270499.0
74678,4888774.0
74679,7217634.0
74680,3248660.0
74681,4590423.0
74682,3273041.0
74683,4491607.0
74684,1270499.0
74685,2058644.0
74686,5337526.0
74687,5787594.0
74688,3982767.0
74689,2390534.0
74690,2018785.0
74691,3410878.0
74692,2267425.0
74693,1270499.0
74694,2097022.0
74695,3410878.0
74696,4491607.0
74697,5595267.0
74698,1270499.0
74699,1763231.0
74700,3347767.0
74701,3004429.0
74702,4491607.0
74703,1999097.0
74704,2018785.0
74705,1999097.0
74706,2097022.0
74707,1149870.0
74708,2954086.0
74709,4263629.0
74710,5787594.0
74711,5166635.0
74712,3410878.0
74713,8213524.0
74714,2371202.0
74715,9652350.0
74716,2551252.0
74717,3004429.0
74718,4888774.0
74719,2390534.0
74720,2383840.0
74721,1999097.0
74722,5444227.0
74723,2675511.0
74724,1763231.0
74725,3004429.0
74726,7865428.0
74727,7495092.0
74728,3347767.0
74729,4467728.0
74730,1756069.0
74731,2021934.0
74732,3410878.0
74733,3351383.0
74734,2383840.0
74735,3447890.0
74736,2954086.0
74737,2993069.0
74738,6363241.0
74739,7592272.0
74740,3004429.0
74741,7495092.0
74742,3347767.0
74743,2344689.0
74744,2097022.0
74745,4705945.0
74746,3818055.0
74747,2097022.0
74748,6412623.0
74749,2058644.0
74750,3752885.0
74751,4491607.0
74752,4067566.0
74753,2792031.0
74754,3248660.0
74755,4780607.0
74756,2021934.0
74757,6836483.0
74758,3351383.0
74759,3447890.0
74760,2055379.0
74761,3410878.0
74762,5017319.0
74763,6923131.0
74764,3351383.0
74765,2097022.0
74766,3004429.0
74767,3780019.0
74768,7592272.0
74769,3347767.0
74770,3600467.0
74771,2525375.0
74772,3939804.0
74773,7592272.0
74774,3004429.0
74775,2344689.0
74776,1999097.0
74777,2792031.0
74778,2675511.0
74779,2371202.0
74780,2371202.0
74781,2058644.0
74782,2021934.0
74783,9262754.0
74784,4882985.0
74785,4491607.0
74786,1999097.0
74787,2097022.0
74788,4952255.0
74789,1999097.0
74790,3939804.0
74791,2344689.0
74792,3004429.0
74793,2021934.0
74794,3745135.0
74795,4316715.0
74796,3410878.0
74797,5017319.0
74798,9652350.0
74799,3752885.0
74800,1999097.0
74801,3447890.0
74802,1999097.0
74803,2058644.0
74804,2344689.0
74805,6782425.0
74806,2058644.0
74807,8213524.0
74808,2097022.0
74809,3600467.0
74810,4491607.0
74811,6313221.0
74812,4052733.0
74813,3447890.0
74814,2058644.0
74815,3745135.0
74816,1904842.0
74817,7592272.0
74818,2544857.0
74819,7495092.0
74820,3871344.0
74821,4554237.0
74822,9262754.0
74823,4250758.0
74824,3956086.0
74825,3600467.0
74826,2021934.0
74827,4554237.0
74828,1756069.0
74829,6694797.0
74830,3199619.0
74831,1756069.0
74832,1756069.0
74833,3780019.0
74834,2738052.0
74835,4491607.0
74836,2344689.0
74837,3426169.0
74838,7592272.0
74839,3347767.0
74840,3410878.0
74841,7865428.0
74842,4467728.0
74843,4067566.0
74844,2018785.0
74845,3347767.0
74846,6941173.0
74847,2993069.0
74848,1270499.0
74849,2058644.0
74850,1763231.0
74851,1756069.0
74852,2792031.0
74853,7201784.0
74854,4263629.0
74855,6313221.0
74856,4491607.0
74857,2021934.0
74858,5525735.0
74859,3600467.0
74860,8213524.0
74861,3410878.0
74862,4250553.0
74863,3903884.0
74864,3745135.0
74865,2267425.0
74866,3261924.0
74867,1619683.0
74868,3410878.0
74869,4491607.0
74870,6923131.0
74871,4286645.0
74872,3351383.0
74873,5017319.0
74874,3447890.0
74875,2058644.0
74876,6412623.0
74877,7865428.0
74878,3410878.0
74879,3004429.0
74880,4590423.0
74881,6412623.0
74882,4316715.0
74883,3410878.0
74884,1619683.0
74885,2021934.0
74886,3199619.0
74887,3351383.0
74888,4067566.0
74889,2083447.0
74890,2675511.0
74891,2792031.0
74892,3982767.0
74893,6694797.0
74894,2675511.0
74895,4590423.0
74896,3752885.0
74897,9652350.0
74898,7217634.0
74899,2058644.0
74900,3351383.0
74901,3004429.0
74902,1882131.0
74903,3752885.0
74904,3982767.0
74905,1619683.0
74906,4066618.0
74907,6313221.0
74908,2675511.0
74909,3410878.0
74910,4219263.0
74911,3982767.0
74912,2097022.0
74913,4250553.0
74914,2267425.0
74915,2390534.0
74916,2371202.0
74917,2025297.0
74918,3004429.0
74919,8213524.0
74920,3956086.0
74921,6694797.0
74922,3600467.0
74923,3028267.0
74924,3780019.0
74925,6313221.0
74926,2344689.0
74927,7592272.0
74928,3600467.0
74929,2097022.0
74930,3347767.0
74931,4250553.0
74932,2344689.0
74933,8904084.0
74934,3939804.0
74935,7592272.0
74936,7592272.0
74937,4316715.0
74938,3261924.0
74939,3347767.0
74940,7865428.0
74941,5525735.0
74942,3426169.0
74943,4066618.0
74944,7495092.0
74945,2097022.0
74946,2025297.0
74947,6836483.0
74948,4350573.0
74949,2544857.0
74950,5435276.0
74951,1734634.0
74952,2344689.0
74953,3600467.0
74954,1270499.0
74955,3347767.0
74956,3347767.0
74957,2097022.0
74958,4316715.0
74959,4015749.0
74960,2058644.0
74961,1847826.0
74962,3347767.0
74963,5525735.0
74964,5500818.0
74965,2055379.0
74966,5525735.0
74967,3600467.0
74968,3004429.0
74969,6313221.0
74970,2551252.0
74971,16549064.0
74972,3351383.0
74973,1756069.0
74974,3778621.0
74975,4467728.0
74976,7592272.0
74977,8213524.0
74978,8213524.0
74979,2344689.0
74980,2344689.0
74981,2267425.0
74982,1999097.0
74983,3780019.0
74984,6363241.0
74985,3347767.0
74986,3600467.0
74987,2097022.0
74988,3752885.0
74989,2371202.0
74990,4067566.0
74991,3347767.0
74992,5595267.0
74993,4250553.0
74994,1270499.0
74995,3351383.0
74996,3956086.0
74997,13575224.0
74998,2021934.0
74999,3004429.0
75000,2551252.0
75001,7495092.0
75002,3261924.0
75003,2058644.0
75004,4952255.0
75005,6694797.0
75006,1999097.0
75007,3745135.0
75008,6923131.0
75009,3347767.0
75010,2544857.0
75011,2344689.0
75012,1904842.0
75013,7592272.0
75014,3745135.0
75015,4807746.0
75016,2058644.0
75017,4807746.0
75018,6363241.0
75019,2675511.0
75020,3376145.0
75021,4952255.0
75022,1270499.0
75023,6941173.0
75024,2344689.0
75025,3347767.0
75026,2018785.0
75027,7201784.0
75028,4066618.0
75029,6363241.0
75030,1999097.0
75031,2021934.0
75032,4250553.0
75033,4705945.0
75034,3028267.0
75035,1847826.0
75036,3600467.0
75037,7592272.0
75038,3199619.0
75039,2021934.0
75040,2025297.0
75041,4491607.0
75042,2371202.0
75043,4590423.0
75044,2344689.0
75045,3600467.0
75046,3600467.0
75047,2018785.0
75048,3199619.0
75049,4066618.0
75050,3008199.0
75051,3600467.0
75052,1882131.0
75053,8213524.0
75054,3426169.0
75055,2018785.0
75056,9652350.0
75057,4219263.0
75058,3956086.0
75059,2675511.0
75060,1149870.0
75061,3600467.0
75062,3745135.0
75063,3351383.0
75064,6694797.0
75065,3410878.0
75066,3248660.0
75067,2021934.0
75068,3004429.0
75069,4888774.0
75070,8904084.0
75071,1270499.0
75072,3410878.0
75073,3445076.0
75074,3447890.0
75075,1756069.0
75076,2058644.0
75077,2058644.0
75078,2156098.0
75079,3780019.0
75080,5906596.0
75081,2390534.0
75082,6313221.0
75083,2525375.0
75084,4807746.0
75085,4066618.0
75086,4067566.0
75087,6694797.0
75088,4467728.0
75089,3956086.0
75090,3780019.0
75091,3028267.0
75092,7865428.0
75093,3600467.0
75094,1270499.0
75095,6363241.0
75096,3028267.0
75097,2058644.0
75098,2058644.0
75099,2344689.0
75100,4467728.0
75101,1619683.0
75102,1619683.0
75103,3982767.0
75104,3351383.0
75105,2058644.0
75106,2097022.0
75107,8213524.0
75108,3982767.0
75109,1619683.0
75110,3004429.0
75111,2993069.0
75112,2344689.0
75113,6782425.0
75114,9262754.0
75115,2740687.0
75116,5595267.0
75117,2544857.0
75118,4491607.0
75119,1756069.0
75120,1270499.0
75121,1999097.0
75122,1149870.0
75123,7217634.0
75124,1999097.0
75125,4067566.0
75126,4015749.0
75127,1999097.0
75128,1904842.0
75129,3028267.0
75130,3004429.0
75131,8213524.0
75132,2525375.0
75133,4100886.0
75134,6313221.0
75135,2097022.0
75136,4554237.0
75137,3351383.0
75138,2551252.0
75139,7495092.0
75140,1882131.0
75141,3600467.0
75142,7592272.0
75143,4705945.0
75144,2390534.0
75145,5595267.0
75146,2021934.0
75147,2993069.0
75148,3347767.0
75149,3810007.0
75150,6836483.0
75151,2371202.0
75152,4467728.0
75153,8904084.0
75154,4015749.0
75155,4350573.0
75156,6694797.0
75157,3028267.0
75158,1619683.0
75159,4015749.0
75160,2267425.0
75161,4491607.0
75162,2021934.0
75163,1847826.0
75164,3248660.0
75165,4888774.0
75166,3727364.0
75167,2021934.0
75168,3939804.0
75169,4952255.0
75170,3351383.0
75171,8904084.0
75172,3351383.0
75173,5017319.0
75174,3903884.0
75175,3982767.0
75176,1619683.0
75177,4467728.0
75178,2021934.0
75179,3028267.0
75180,1619683.0
75181,2371202.0
75182,4882985.0
75183,3939804.0
75184,7495092.0
75185,1270499.0
75186,2675511.0
75187,7495092.0
75188,2344689.0
75189,9652350.0
75190,6363241.0
75191,2544857.0
75192,8630682.0
75193,4780607.0
75194,1149870.0
75195,1847826.0
75196,5500818.0
75197,2018785.0
75198,2390534.0
75199,4651866.0
75200,4952255.0
75201,1756069.0
75202,2999068.0
75203,3600467.0
75204,3426169.0
75205,6836483.0
75206,4705945.0
75207,4952255.0
75208,4467728.0
75209,5787594.0
75210,1756069.0
75211,2018785.0
75212,1270499.0
75213,1847826.0
75214,2738052.0
75215,3351383.0
75216,6782425.0
75217,2018785.0
75218,3903884.0
75219,6941173.0
75220,3836721.0
75221,8213524.0
75222,2055379.0
75223,5435276.0
75224,3752885.0
75225,1763231.0
75226,3347767.0
75227,3752885.0
75228,2954086.0
75229,1756069.0
75230,6694797.0
75231,1999097.0
75232,6694797.0
75233,2954086.0
75234,3452382.0
75235,2058644.0
75236,1763231.0
75237,1270499.0
75238,3351383.0
75239,6313221.0
75240,3778621.0
75241,7217634.0
75242,4554237.0
75243,2097022.0
75244,7592272.0
75245,3028267.0
75246,2025297.0
75247,5595267.0
75248,9262754.0
75249,2738052.0
75250,4052733.0
75251,5435276.0
75252,4066618.0
75253,3008199.0
75254,7865428.0
75255,2390534.0
75256,3351383.0
75257,4491607.0
75258,6836483.0
75259,4219263.0
75260,2999068.0
75261,1756069.0
75262,3836721.0
75263,1270499.0
75264,4015749.0
75265,2738052.0
75266,3008199.0
75267,4100886.0
75268,4882985.0
75269,3410878.0
75270,5525735.0
75271,2018785.0
75272,3426169.0
75273,3004429.0
75274,1847826.0
75275,5525735.0
75276,2525375.0
75277,1882131.0
75278,7592272.0
75279,1904842.0
75280,1619683.0
75281,3248660.0
75282,2792031.0
75283,3004429.0
75284,2383840.0
75285,4467728.0
75286,3004429.0
75287,3376145.0
75288,3600467.0
75289,3410878.0
75290,1270499.0
75291,2390534.0
75292,3410878.0
75293,5500818.0
75294,2551252.0
75295,9262754.0
75296,3445076.0
75297,2792031.0
75298,5017319.0
75299,4052733.0
75300,5017319.0
75301,2058644.0
75302,9262754.0
75303,3447890.0
75304,3727364.0
75305,3261924.0
75306,7201784.0
75307,3426169.0
75308,3426169.0
75309,3982767.0
75310,2364478.0
75311,5525735.0
75312,3778621.0
75313,1619683.0
75314,1999097.0
75315,4250553.0
75316,2675511.0
75317,3745135.0
75318,4590423.0
75319,1882131.0
75320,6363241.0
75321,2390534.0
75322,3600467.0
75323,2055379.0
75324,1756069.0
75325,1270499.0
75326,3447890.0
75327,6694797.0
75328,3351383.0
75329,3351383.0
75330,16549064.0
75331,3376145.0
75332,2371202.0
75333,2021934.0
75334,3982767.0
75335,3745135.0
75336,5906596.0
75337,3218918.0
75338,4100886.0
75339,2058644.0
75340,3745135.0
75341,6412623.0
75342,2344689.0
75343,6941173.0
75344,1999097.0
75345,4264176.0
75346,3028267.0
75347,2344689.0
75348,4651866.0
75349,2097022.0
75350,5525735.0
75351,4316715.0
75352,1619683.0
75353,4286645.0
75354,4491607.0
75355,2055379.0
75356,7592272.0
75357,7495092.0
75358,4316715.0
75359,4780607.0
75360,3982767.0
75361,4888774.0
75362,3410878.0
75363,3939804.0
75364,2383840.0
75365,2055379.0
75366,3410878.0
75367,7592272.0
75368,2390534.0
75369,1270499.0
75370,2344689.0
75371,2097022.0
75372,7201784.0
75373,3004429.0
75374,5166635.0
75375,6836483.0
75376,2021934.0
75377,5017319.0
75378,4100886.0
75379,4286645.0
75380,8213524.0
75381,1999097.0
75382,1756069.0
75383,3347767.0
75384,3939804.0
75385,4250553.0
75386,1756069.0
75387,3452382.0
75388,3780019.0
75389,2021934.0
75390,3410878.0
75391,4100886.0
75392,2954086.0
75393,6923131.0
75394,3727364.0
75395,4350573.0
75396,4250553.0
75397,5595267.0
75398,3778621.0
75399,2792031.0
75400,5787594.0
75401,3745135.0
75402,1847826.0
75403,4219263.0
75404,3199619.0
75405,2993069.0
75406,6782425.0
75407,4888774.0
75408,2055379.0
75409,3410878.0
75410,3218918.0
75411,2344689.0
75412,3164972.0
75413,2954086.0
75414,1847826.0
75415,6412623.0
75416,4316715.0
75417,4250553.0
75418,5017319.0
75419,4250758.0
75420,3600467.0
75421,6836483.0
75422,3600467.0
75423,3982767.0
75424,6412623.0
75425,1756069.0
75426,2792031.0
75427,2344689.0
75428,6941173.0
75429,3807496.0
75430,1882131.0
75431,3939804.0
75432,1756069.0
75433,2018785.0
75434,4888774.0
75435,3956086.0
75436,3780019.0
75437,4554237.0
75438,5595267.0
75439,9262754.0
75440,2021934.0
75441,2383840.0
75442,4264176.0
75443,3778621.0
75444,1149870.0
75445,3600467.0
75446,3347767.0
75447,2058644.0
75448,1619683.0
75449,4015749.0
75450,4250758.0
75451,3351383.0
75452,2525375.0
75453,5337526.0
75454,6313221.0
75455,7201784.0
75456,4219263.0
75457,3351383.0
75458,2383840.0
75459,1882131.0
75460,3004429.0
75461,5166635.0
75462,1999097.0
75463,2021934.0
75464,3410878.0
75465,3004429.0
75466,3351383.0
75467,3956086.0
75468,1756069.0
75469,3939804.0
75470,4067566.0
75471,4015749.0
75472,3426169.0
75473,4264176.0
75474,2267425.0
75475,2390534.0
75476,3351383.0
75477,2344689.0
75478,3807496.0
75479,1149870.0
75480,3600467.0
75481,4952255.0
75482,3347767.0
75483,1756069.0
75484,2083447.0
75485,6923131.0
75486,2021934.0
75487,2021934.0
75488,4066618.0
75489,3807496.0
75490,3745135.0
75491,3028267.0
75492,3752885.0
75493,1756069.0
75494,2954086.0
75495,2675511.0
75496,5444227.0
75497,2021934.0
75498,4264176.0
75499,2083447.0
75500,3836721.0
75501,9262754.0
75502,3836721.0
75503,3273041.0
75504,4155435.0
75505,2993069.0
75506,7217634.0
75507,3347767.0
75508,6923131.0
75509,1619683.0
75510,2021934.0
75511,2544857.0
75512,4491607.0
75513,3727364.0
75514,4705945.0
75515,2390534.0
75516,4554237.0
75517,6694797.0
75518,3004429.0
75519,3752885.0
75520,5595267.0
75521,4952255.0
75522,7201784.0
75523,5017319.0
75524,6836483.0
75525,4052733.0
75526,3410878.0
75527,2018785.0
75528,2390534.0
75529,1734634.0
75530,2954086.0
75531,1149870.0
75532,2021934.0
75533,3600467.0
75534,3939804.0
75535,5525735.0
75536,4491607.0
75537,2525375.0
75538,5017319.0
75539,4491607.0
75540,2390534.0
75541,2018785.0
75542,4250553.0
75543,3939804.0
75544,2021934.0
75545,1756069.0
75546,2344689.0
75547,1847826.0
75548,4882985.0
75549,1734634.0
75550,1149870.0
75551,1270499.0
75552,2021934.0
75553,3410878.0
75554,4015749.0
75555,3600467.0
75556,1619683.0
75557,8894598.0
75558,4429512.0
75559,4952255.0
75560,3836721.0
75561,6923131.0
75562,3347767.0
75563,3939804.0
75564,4286645.0
75565,3836721.0
75566,2675511.0
75567,4952255.0
75568,2344689.0
75569,1999097.0
75570,3410878.0
75571,1847826.0
75572,3351383.0
75573,4780607.0
75574,5595267.0
75575,2344689.0
75576,1619683.0
75577,3410878.0
75578,4264176.0
75579,5525735.0
75580,1999097.0
75581,1756069.0
75582,2025297.0
75583,7217634.0
75584,7217634.0
75585,1904842.0
75586,3273041.0
75587,2993069.0
75588,2058644.0
75589,2058644.0
75590,1619683.0
75591,4590423.0
75592,7495092.0
75593,3351383.0
75594,3982767.0
75595,2738052.0
75596,2544857.0
75597,3445076.0
75598,1999097.0
75599,1619683.0
75600,3410878.0
75601,1619683.0
75602,2525375.0
75603,6412623.0
75604,4780607.0
75605,2390534.0
75606,2058644.0
75607,3982767.0
75608,6694797.0
75609,1999097.0
75610,4888774.0
75611,4780607.0
75612,3818055.0
75613,4491607.0
75614,3347767.0
75615,3004429.0
75616,2999068.0
75617,4590423.0
75618,6836483.0
75619,5787594.0
75620,4219263.0
75621,3600467.0
75622,1619683.0
75623,6923131.0
75624,3410878.0
75625,5595267.0
75626,4491607.0
75627,4491607.0
75628,2021934.0
75629,4155435.0
75630,3004429.0
75631,9262754.0
75632,6412623.0
75633,2390534.0
75634,2732645.0
75635,7201784.0
75636,1270499.0
75637,2097022.0
75638,3778621.0
75639,2738052.0
75640,4286645.0
75641,2018785.0
75642,3004429.0
75643,3351383.0
75644,6923131.0
75645,7865428.0
75646,7592272.0
75647,3727364.0
75648,1734634.0
75649,7217634.0
75650,2097022.0
75651,3745135.0
75652,1149870.0
75653,9262754.0
75654,4250553.0
75655,1756069.0
75656,3347767.0
75657,5525735.0
75658,2058644.0
75659,3836721.0
75660,2021934.0
75661,2344689.0
75662,3199619.0
75663,1882131.0
75664,2371202.0
75665,8213524.0
75666,4316715.0
75667,1999097.0
75668,2018785.0
75669,7201784.0
75670,2097022.0
75671,9262754.0
75672,6412623.0
75673,3008199.0
75674,3410878.0
75675,2390534.0
75676,1270499.0
75677,1999097.0
75678,1882131.0
75679,2097022.0
75680,1149870.0
75681,6836483.0
75682,2055379.0
75683,6313221.0
75684,2018785.0
75685,3939804.0
75686,2525375.0
75687,3273041.0
75688,7592272.0
75689,3410878.0
75690,3426169.0
75691,9262754.0
75692,2344689.0
75693,4554237.0
75694,3410878.0
75695,1999097.0
75696,4100886.0
75697,5435276.0
75698,2267425.0
75699,1734634.0
75700,1270499.0
75701,2371202.0
75702,3258837.0
75703,1904842.0
75704,5166635.0
75705,2732645.0
75706,1619683.0
75707,4491607.0
75708,1999097.0
75709,2525375.0
75710,1999097.0
75711,1619683.0
75712,2954086.0
75713,3600467.0
75714,3199619.0
75715,3447890.0
75716,3818055.0
75717,3426169.0
75718,3600467.0
75719,2097022.0
75720,3753720.0
75721,2371202.0
75722,4263629.0
75723,1619683.0
75724,1999097.0
75725,2675511.0
75726,3810007.0
75727,6923131.0
75728,3410878.0
75729,2390534.0
75730,5653753.0
75731,7592272.0
75732,3410878.0
75733,3426169.0
75734,8904084.0
75735,3008199.0
75736,3347767.0
75737,5500818.0
75738,3939804.0
75739,3939804.0
75740,3376145.0
75741,3351383.0
75742,2738052.0
75743,3836721.0
75744,3351383.0
75745,2993069.0
75746,4316715.0
75747,2055379.0
75748,5595267.0
75749,4952255.0
75750,5595267.0
75751,3982767.0
75752,3778621.0
75753,1149870.0
75754,1270499.0
75755,1904842.0
75756,1149870.0
75757,1999097.0
75758,6836483.0
75759,2732645.0
75760,3004429.0
75761,6412623.0
75762,2018785.0
75763,3199619.0
75764,4052733.0
75765,9262754.0
75766,5166635.0
75767,3273041.0
75768,3807496.0
75769,6313221.0
75770,3956086.0
75771,3351383.0
75772,16549064.0
75773,8213524.0
75774,2738052.0
75775,5906596.0
75776,4705945.0
75777,5525735.0
75778,4250758.0
75779,3410878.0
75780,3426169.0
75781,3261924.0
75782,1270499.0
75783,6941173.0
75784,3410878.0
75785,6363241.0
75786,7592272.0
75787,6313221.0
75788,4067566.0
75789,1882131.0
75790,2732645.0
75791,3351383.0
75792,2390534.0
75793,2732645.0
75794,2792031.0
75795,2021934.0
75796,2097022.0
75797,2371202.0
75798,2058644.0
75799,7495092.0
75800,3410878.0
75801,4264176.0
75802,1882131.0
75803,1763231.0
75804,2738052.0
75805,5787594.0
75806,4100886.0
75807,1882131.0
75808,2267425.0
75809,8213524.0
75810,5166635.0
75811,2525375.0
75812,4952255.0
75813,4250553.0
75814,1619683.0
75815,2525375.0
75816,2371202.0
75817,2021934.0
75818,3347767.0
75819,2732645.0
75820,7592272.0
75821,6363241.0
75822,8213524.0
75823,2055379.0
75824,3426169.0
75825,3982767.0
75826,1882131.0
75827,5161370.0
75828,3426169.0
75829,2954086.0
75830,3199619.0
75831,3778621.0
75832,3982767.0
75833,3199619.0
75834,2993069.0
75835,8213524.0
75836,2344689.0
75837,2021934.0
75838,3351383.0
75839,2371202.0
75840,3351383.0
75841,6694797.0
75842,8213524.0
75843,4705945.0
75844,4015749.0
75845,5595267.0
75846,2021934.0
75847,1756069.0
75848,5595267.0
75849,1882131.0
75850,2058644.0
75851,2097022.0
75852,2675511.0
75853,5525735.0
75854,1756069.0
75855,2097022.0
75856,1999097.0
75857,2371202.0
75858,2993069.0
75859,2018785.0
75860,5500818.0
75861,1763231.0
75862,1882131.0
75863,3008199.0
75864,8213524.0
75865,6836483.0
75866,1882131.0
75867,2390534.0
75868,3004429.0
75869,4264176.0
75870,3410878.0
75871,6923131.0
75872,4015749.0
75873,2058644.0
75874,3778621.0
75875,2364478.0
75876,4350573.0
75877,7592272.0
75878,4250553.0
75879,7592272.0
75880,3600467.0
75881,1149870.0
75882,3982767.0
75883,6782425.0
75884,5906596.0
75885,2097022.0
75886,3258837.0
75887,3351383.0
75888,1756069.0
75889,2021934.0
75890,4807746.0
75891,2551252.0
75892,6694797.0
75893,4705945.0
75894,3600467.0
75895,2344689.0
75896,2097022.0
75897,6694797.0
75898,4155435.0
75899,1904842.0
75900,4554237.0
75901,3410878.0
75902,1999097.0
75903,1763231.0
75904,9652350.0
75905,1763231.0
75906,5595267.0
75907,4705945.0
75908,3939804.0
75909,3447890.0
75910,7592272.0
75911,4651866.0
75912,4067566.0
75913,3745135.0
75914,7592272.0
75915,2097022.0
75916,4136425.0
75917,1999097.0
75918,5525735.0
75919,1763231.0
75920,7592272.0
75921,4888774.0
75922,2954086.0
75923,2371202.0
75924,3347767.0
75925,7495092.0
75926,3939804.0
75927,3410878.0
75928,6923131.0
75929,2525375.0
75930,3248660.0
75931,3273041.0
75932,6941173.0
75933,4067566.0
75934,3807496.0
75935,3347767.0
75936,3347767.0
75937,8213524.0
75938,4052733.0
75939,2525375.0
75940,4219263.0
75941,5906596.0
75942,5595267.0
75943,4264176.0
75944,5906596.0
75945,2097022.0
75946,3753720.0
75947,3600467.0
75948,7217634.0
75949,2021934.0
75950,1756069.0
75951,5595267.0
75952,1619683.0
75953,3939804.0
75954,3982767.0
75955,1149870.0
75956,3218918.0
75957,3376145.0
75958,8213524.0
75959,3248660.0
75960,2738052.0
75961,6923131.0
75962,3004429.0
75963,6313221.0
75964,3939804.0
75965,3004429.0
75966,3376145.0
75967,4888774.0
75968,1847826.0
75969,1847826.0
75970,2058644.0
75971,2954086.0
75972,2021934.0
75973,5595267.0
75974,1999097.0
75975,2058644.0
75976,1270499.0
75977,3347767.0
75978,5525735.0
75979,4467728.0
75980,2544857.0
75981,1904842.0
75982,3600467.0
75983,2058644.0
75984,2097022.0
75985,4250553.0
75986,2544857.0
75987,1882131.0
75988,3780019.0
75989,3258837.0
75990,2058644.0
75991,5595267.0
75992,1270499.0
75993,2390534.0
75994,3248660.0
75995,3727364.0
75996,2021934.0
75997,3248660.0
75998,2267425.0
75999,2058644.0
76000,3004429.0
76001,3347767.0
76002,4952255.0
76003,1882131.0
76004,1270499.0
76005,2954086.0
76006,3410878.0
76007,3836721.0
76008,1619683.0
76009,5500818.0
76010,2390534.0
76011,4554237.0
76012,5500818.0
76013,2097022.0
76014,3410878.0
76015,4554237.0
76016,7201784.0
76017,2025297.0
76018,8213524.0
76019,3351383.0
76020,3452382.0
76021,6313221.0
76022,5337526.0
76023,3447890.0
76024,2058644.0
76025,4651866.0
76026,3410878.0
76027,3778621.0
76028,4250758.0
76029,1756069.0
76030,4952255.0
76031,7201784.0
76032,2344689.0
76033,3600467.0
76034,3410878.0
76035,1882131.0
76036,5337526.0
76037,3600467.0
76038,3447890.0
76039,2525375.0
76040,6412623.0
76041,1847826.0
76042,1756069.0
76043,5500818.0
76044,2021934.0
76045,4554237.0
76046,4286645.0
76047,3004429.0
76048,1763231.0
76049,3939804.0
76050,2018785.0
76051,3939804.0
76052,4015749.0
76053,7201784.0
76054,4350573.0
76055,2792031.0
76056,3410878.0
76057,1756069.0
76058,4888774.0
76059,3347767.0
76060,1847826.0
76061,2544857.0
76062,3956086.0
76063,4888774.0
76064,3982767.0
76065,2021934.0
76066,1882131.0
76067,2021934.0
76068,3410878.0
76069,9262754.0
76070,3727364.0
76071,4780607.0
76072,9262754.0
76073,3956086.0
76074,4250553.0
76075,6313221.0
76076,6694797.0
76077,5337526.0
76078,4250553.0
76079,2267425.0
76080,3004429.0
76081,1734634.0
76082,1149870.0
76083,7217634.0
76084,5595267.0
76085,3956086.0
76086,1270499.0
76087,4705945.0
76088,7865428.0
76089,2525375.0
76090,4780607.0
76091,2364478.0
76092,2025297.0
76093,1882131.0
76094,2390534.0
76095,2021934.0
76096,3982767.0
76097,4350573.0
76098,2551252.0
76099,3347767.0
76100,7865428.0
76101,3939804.0
76102,2544857.0
76103,3218918.0
76104,1270499.0
76105,1882131.0
76106,2551252.0
76107,3410878.0
76108,1756069.0
76109,2021934.0
76110,1756069.0
76111,2999068.0
76112,2390534.0
76113,4250758.0
76114,6941173.0
76115,4491607.0
76116,3004429.0
76117,3982767.0
76118,4491607.0
76119,8904084.0
76120,3452382.0
76121,5435276.0
76122,3351383.0
76123,1882131.0
76124,7217634.0
76125,3376145.0
76126,1999097.0
76127,2025297.0
76128,2993069.0
76129,3447890.0
76130,4350573.0
76131,4264176.0
76132,6412623.0
76133,3410878.0
76134,2267425.0
76135,4286645.0
76136,4263629.0
76137,3004429.0
76138,2058644.0
76139,3273041.0
76140,7592272.0
76141,3956086.0
76142,2055379.0
76143,3258837.0
76144,3199619.0
76145,3752885.0
76146,2055379.0
76147,4100886.0
76148,4780607.0
76149,3376145.0
76150,8213524.0
76151,4250553.0
76152,1619683.0
76153,8213524.0
76154,4882985.0
76155,8213524.0
76156,3939804.0
76157,2344689.0
76158,2390534.0
76159,4263629.0
76160,2267425.0
76161,4067566.0
76162,2390534.0
76163,1847826.0
76164,5286212.0
76165,3939804.0
76166,6782425.0
76167,1619683.0
76168,3780019.0
76169,2021934.0
76170,6412623.0
76171,4429512.0
76172,3351383.0
76173,6923131.0
76174,3600467.0
76175,4100886.0
76176,2083447.0
76177,1149870.0
76178,2792031.0
76179,6313221.0
76180,1904842.0
76181,1619683.0
76182,3445076.0
76183,2097022.0
76184,2993069.0
76185,3410878.0
76186,3351383.0
76187,4250553.0
76188,1619683.0
76189,2097022.0
76190,3004429.0
76191,7217634.0
76192,1756069.0
76193,3447890.0
76194,3780019.0
76195,2344689.0
76196,3351383.0
76197,1619683.0
76198,1756069.0
76199,2055379.0
76200,3600467.0
76201,2021934.0
76202,2344689.0
76203,3807496.0
76204,1756069.0
76205,2021934.0
76206,8213524.0
76207,1619683.0
76208,3982767.0
76209,1756069.0
76210,3982767.0
76211,2390534.0
76212,4067566.0
76213,1999097.0
76214,2371202.0
76215,6836483.0
76216,6782425.0
76217,2018785.0
76218,5595267.0
76219,4067566.0
76220,7592272.0
76221,7592272.0
76222,3600467.0
76223,2156098.0
76224,1756069.0
76225,2267425.0
76226,4250553.0
76227,7592272.0
76228,4780607.0
76229,4155435.0
76230,2364478.0
76231,2732645.0
76232,2675511.0
76233,3410878.0
76234,3351383.0
76235,1149870.0
76236,1904842.0
76237,3600467.0
76238,6941173.0
76239,1270499.0
76240,3447890.0
76241,3347767.0
76242,3807496.0
76243,1999097.0
76244,3982767.0
76245,4100886.0
76246,2544857.0
76247,1756069.0
76248,5906596.0
76249,2738052.0
76250,7592272.0
76251,2371202.0
76252,2383840.0
76253,3982767.0
76254,2390534.0
76255,3351383.0
76256,2390534.0
76257,2058644.0
76258,3004429.0
76259,3982767.0
76260,2993069.0
76261,5595267.0
76262,5017319.0
76263,3347767.0
76264,1270499.0
76265,1756069.0
76266,2732645.0
76267,4491607.0
76268,5595267.0
76269,3982767.0
76270,7592272.0
76271,1847826.0
76272,2018785.0
76273,4250553.0
76274,3727364.0
76275,2018785.0
76276,3410878.0
76277,7217634.0
76278,1149870.0
76279,1149870.0
76280,5906596.0
76281,3780019.0
76282,3727364.0
76283,2993069.0
76284,3982767.0
76285,1270499.0
76286,2371202.0
76287,8213524.0
76288,1149870.0
76289,2525375.0
76290,2993069.0
76291,2021934.0
76292,2544857.0
76293,4590423.0
76294,3836721.0
76295,3004429.0
76296,4952255.0
76297,5966193.0
76298,3447890.0
76299,2055379.0
76300,1882131.0
76301,2021934.0
76302,9262754.0
76303,4590423.0
76304,7495092.0
76305,3004429.0
76306,6363241.0
76307,4467728.0
76308,5595267.0
76309,1734634.0
76310,4316715.0
76311,3347767.0
76312,8213524.0
76313,1149870.0
76314,3347767.0
76315,2732645.0
76316,4067566.0
76317,5595267.0
76318,6836483.0
76319,1763231.0
76320,2097022.0
76321,2083447.0
76322,7592272.0
76323,1756069.0
76324,4250553.0
76325,1999097.0
76326,4015749.0
76327,8213524.0
76328,3376145.0
76329,1149870.0
76330,4554237.0
76331,3903884.0
76332,3939804.0
76333,4250553.0
76334,3410878.0
76335,4467728.0
76336,6941173.0
76337,2371202.0
76338,3426169.0
76339,5166635.0
76340,2390534.0
76341,1999097.0
76342,5595267.0
76343,2675511.0
76344,3727364.0
76345,6694797.0
76346,1756069.0
76347,3600467.0
76348,8213524.0
76349,5337526.0
76350,3248660.0
76351,2018785.0
76352,9262754.0
76353,4952255.0
76354,1270499.0
76355,3447890.0
76356,5166635.0
76357,5166635.0
76358,2083447.0
76359,7217634.0
76360,1734634.0
76361,1847826.0
76362,4888774.0
76363,3028267.0
76364,1270499.0
76365,2954086.0
76366,2344689.0
76367,7201784.0
76368,3810007.0
76369,4350573.0
76370,5595267.0
76371,3939804.0
76372,6782425.0
76373,4350573.0
76374,4250758.0
76375,1270499.0
76376,1756069.0
76377,3780019.0
76378,1763231.0
76379,1149870.0
76380,1847826.0
76381,4250758.0
76382,4219263.0
76383,3447890.0
76384,3778621.0
76385,2018785.0
76386,4219263.0
76387,3347767.0
76388,2021934.0
76389,2544857.0
76390,2058644.0
76391,3410878.0
76392,8213524.0
76393,2993069.0
76394,4467728.0
76395,1149870.0
76396,3727364.0
76397,4491607.0
76398,7592272.0
76399,3028267.0
76400,2018785.0
76401,5595267.0
76402,3745135.0
76403,3004429.0
76404,2021934.0
76405,4350573.0
76406,2097022.0
76407,2021934.0
76408,3752885.0
76409,5161370.0
76410,6412623.0
76411,2544857.0
76412,3410878.0
76413,2732645.0
76414,3008199.0
76415,1763231.0
76416,3004429.0
76417,2018785.0
76418,3028267.0
76419,1619683.0
76420,2390534.0
76421,4888774.0
76422,3956086.0
76423,6782425.0
76424,2021934.0
76425,1882131.0
76426,3807496.0
76427,2058644.0
76428,2021934.0
76429,1763231.0
76430,4264176.0
76431,7217634.0
76432,3347767.0
76433,1270499.0
76434,1270499.0
76435,7592272.0
76436,1149870.0
76437,4250758.0
76438,2371202.0
76439,3004429.0
76440,2390534.0
76441,2267425.0
76442,3351383.0
76443,3426169.0
76444,2025297.0
76445,1734634.0
76446,7592272.0
76447,3426169.0
76448,4590423.0
76449,3004429.0
76450,4952255.0
76451,1999097.0
76452,1270499.0
76453,2993069.0
76454,3004429.0
76455,4067566.0
76456,3956086.0
76457,5595267.0
76458,7865428.0
76459,2675511.0
76460,4316715.0
76461,2267425.0
76462,5595267.0
76463,1847826.0
76464,2055379.0
76465,1999097.0
76466,4467728.0
76467,7865428.0
76468,7217634.0
76469,1734634.0
76470,3351383.0
76471,3004429.0
76472,1619683.0
76473,4554237.0
76474,4882985.0
76475,3347767.0
76476,4491607.0
76477,3351383.0
76478,6941173.0
76479,2344689.0
76480,4491607.0
76481,4491607.0
76482,3939804.0
76483,5435276.0
76484,3780019.0
76485,6363241.0
76486,2390534.0
76487,3982767.0
76488,3426169.0
76489,3600467.0
76490,9262754.0
76491,4554237.0
76492,3445076.0
76493,4467728.0
76494,3447890.0
76495,1619683.0
76496,6412623.0
76497,1756069.0
76498,1270499.0
76499,3600467.0
76500,4467728.0
76501,2267425.0
76502,3600467.0
76503,2018785.0
76504,4067566.0
76505,2675511.0
76506,4590423.0
76507,2018785.0
76508,3376145.0
76509,3351383.0
76510,2390534.0
76511,7865428.0
76512,5595267.0
76513,3818055.0
76514,2267425.0
76515,3903884.0
76516,1847826.0
76517,3745135.0
76518,4491607.0
76519,1756069.0
76520,3273041.0
76521,3347767.0
76522,3028267.0
76523,3426169.0
76524,1149870.0
76525,2344689.0
76526,3248660.0
76527,1619683.0
76528,5500818.0
76529,5966193.0
76530,7217634.0
76531,1619683.0
76532,4807746.0
76533,2371202.0
76534,4015749.0
76535,3426169.0
76536,4882985.0
76537,3956086.0
76538,2344689.0
76539,2097022.0
76540,3410878.0
76541,4264176.0
76542,2525375.0
76543,3410878.0
76544,3727364.0
76545,1999097.0
76546,5525735.0
76547,3347767.0
76548,2055379.0
76549,5500818.0
76550,1756069.0
76551,6313221.0
76552,4807746.0
76553,3939804.0
76554,3836721.0
76555,2344689.0
76556,2371202.0
76557,6941173.0
76558,3351383.0
76559,4491607.0
76560,2390534.0
76561,8213524.0
76562,2364478.0
76563,2344689.0
76564,2055379.0
76565,4067566.0
76566,1270499.0
76567,4807746.0
76568,6313221.0
76569,4590423.0
76570,3028267.0
76571,2097022.0
76572,3903884.0
76573,7201784.0
76574,4052733.0
76575,7495092.0
76576,2018785.0
76577,1999097.0
76578,4015749.0
76579,3982767.0
76580,3447890.0
76581,4467728.0
76582,3745135.0
76583,5166635.0
76584,2551252.0
76585,1847826.0
76586,2018785.0
76587,1999097.0
76588,6836483.0
76589,2364478.0
76590,3600467.0
76591,3807496.0
76592,3745135.0
76593,3600467.0
76594,3004429.0
76595,4015749.0
76596,2055379.0
76597,3199619.0
76598,2021934.0
76599,3836721.0
76600,4888774.0
76601,3753720.0
76602,6313221.0
76603,6941173.0
76604,2097022.0
76605,2344689.0
76606,3727364.0
76607,1270499.0
76608,2055379.0
76609,4590423.0
76610,7592272.0
76611,6313221.0
76612,1619683.0
76613,2344689.0
76614,2021934.0
76615,4316715.0
76616,3410878.0
76617,9652350.0
76618,4491607.0
76619,3347767.0
76620,3376145.0
76621,4100886.0
76622,5595267.0
76623,2097022.0
76624,1847826.0
76625,2792031.0
76626,2390534.0
76627,1756069.0
76628,2551252.0
76629,2999068.0
76630,4015749.0
76631,2058644.0
76632,3347767.0
76633,3347767.0
76634,4590423.0
76635,2344689.0
76636,2675511.0
76637,2525375.0
76638,4467728.0
76639,2267425.0
76640,6694797.0
76641,4263629.0
76642,1149870.0
76643,4807746.0
76644,2390534.0
76645,4350573.0
76646,1904842.0
76647,6836483.0
76648,3028267.0
76649,4554237.0
76650,2390534.0
76651,4067566.0
76652,4554237.0
76653,5435276.0
76654,4882985.0
76655,2738052.0
76656,2083447.0
76657,4888774.0
76658,1149870.0
76659,4491607.0
76660,4429512.0
76661,2058644.0
76662,7217634.0
76663,1999097.0
76664,2792031.0
76665,2383840.0
76666,3248660.0
76667,4467728.0
76668,4066618.0
76669,1904842.0
76670,3376145.0
76671,1999097.0
76672,6412623.0
76673,4807746.0
76674,5525735.0
76675,5166635.0
76676,1756069.0
76677,3004429.0
76678,3347767.0
76679,3956086.0
76680,2097022.0
76681,2021934.0
76682,3347767.0
76683,1270499.0
76684,2021934.0
76685,2792031.0
76686,7495092.0
76687,2371202.0
76688,5166635.0
76689,3004429.0
76690,3780019.0
76691,2055379.0
76692,5017319.0
76693,7592272.0
76694,2021934.0
76695,1149870.0
76696,2544857.0
76697,5461700.0
76698,2018785.0
76699,2344689.0
76700,2267425.0
76701,3258837.0
76702,6694797.0
76703,5906596.0
76704,2055379.0
76705,3426169.0
76706,3410878.0
76707,1847826.0
76708,2267425.0
76709,3351383.0
76710,3939804.0
76711,7495092.0
76712,3600467.0
76713,2732645.0
76714,3258837.0
76715,2732645.0
76716,3248660.0
76717,3982767.0
76718,3004429.0
76719,1882131.0
76720,3410878.0
76721,4705945.0
76722,1999097.0
76723,4250553.0
76724,3351383.0
76725,5595267.0
76726,3008199.0
76727,1734634.0
76728,3004429.0
76729,3871344.0
76730,2021934.0
76731,1756069.0
76732,3982767.0
76733,3727364.0
76734,9262754.0
76735,3778621.0
76736,1882131.0
76737,8213524.0
76738,2390534.0
76739,3248660.0
76740,2021934.0
76741,3410878.0
76742,2344689.0
76743,6694797.0
76744,7865428.0
76745,2058644.0
76746,2732645.0
76747,3351383.0
76748,2738052.0
76749,1999097.0
76750,3351383.0
76751,1763231.0
76752,1999097.0
76753,2058644.0
76754,3347767.0
76755,5444227.0
76756,6412623.0
76757,1619683.0
76758,3956086.0
76759,3410878.0
76760,5595267.0
76761,4219263.0
76762,6836483.0
76763,1149870.0
76764,3745135.0
76765,3836721.0
76766,2156098.0
76767,4554237.0
76768,3004429.0
76769,8213524.0
76770,4015749.0
76771,5525735.0
76772,1270499.0
76773,3982767.0
76774,2551252.0
76775,2675511.0
76776,1756069.0
76777,6941173.0
76778,2525375.0
76779,3004429.0
76780,4219263.0
76781,7495092.0
76782,9262754.0
76783,13575224.0
76784,3426169.0
76785,7217634.0
76786,3199619.0
76787,1847826.0
76788,2021934.0
76789,3248660.0
76790,2344689.0
76791,4491607.0
76792,3447890.0
76793,2544857.0
76794,3410878.0
76795,2055379.0
76796,3218918.0
76797,2055379.0
76798,4100886.0
76799,4155435.0
76800,3956086.0
76801,3745135.0
76802,7495092.0
76803,1882131.0
76804,6782425.0
76805,2058644.0
76806,3351383.0
76807,3447890.0
76808,3347767.0
76809,4015749.0
76810,4350573.0
76811,5444227.0
76812,9652350.0
76813,4952255.0
76814,4066618.0
76815,6923131.0
76816,4780607.0
76817,3452382.0
76818,4888774.0
76819,3261924.0
76820,2551252.0
76821,1847826.0
76822,1270499.0
76823,3028267.0
76824,2344689.0
76825,1619683.0
76826,5595267.0
76827,3426169.0
76828,4155435.0
76829,2551252.0
76830,4952255.0
76831,3939804.0
76832,4316715.0
76833,4554237.0
76834,1882131.0
76835,1756069.0
76836,2344689.0
76837,4467728.0
76838,2058644.0
76839,5787594.0
76840,4100886.0
76841,2058644.0
76842,3347767.0
76843,2267425.0
76844,2083447.0
76845,7592272.0
76846,3445076.0
76847,2371202.0
76848,4590423.0
76849,2390534.0
76850,2018785.0
76851,4491607.0
76852,5435276.0
76853,5787594.0
76854,3410878.0
76855,7201784.0
76856,1270499.0
76857,7495092.0
76858,7592272.0
76859,3347767.0
76860,5500818.0
76861,2018785.0
76862,6313221.0
76863,2018785.0
76864,3836721.0
76865,3410878.0
76866,2954086.0
76867,4250553.0
76868,2371202.0
76869,3351383.0
76870,3199619.0
76871,3778621.0
76872,3273041.0
76873,3004429.0
76874,4052733.0
76875,2055379.0
76876,5595267.0
76877,3199619.0
76878,2525375.0
76879,2954086.0
76880,2390534.0
76881,3982767.0
76882,2993069.0
76883,2551252.0
76884,2018785.0
76885,1756069.0
76886,7201784.0
76887,5525735.0
76888,1270499.0
76889,2344689.0
76890,2058644.0
76891,7865428.0
76892,3347767.0
76893,3727364.0
76894,3261924.0
76895,2267425.0
76896,5444227.0
76897,1882131.0
76898,1999097.0
76899,1882131.0
76900,4952255.0
76901,2018785.0
76902,1270499.0
76903,2999068.0
76904,8213524.0
76905,3745135.0
76906,4286645.0
76907,4250758.0
76908,3410878.0
76909,1882131.0
76910,2792031.0
76911,4250553.0
76912,2018785.0
76913,2551252.0
76914,8894598.0
76915,3004429.0
76916,4952255.0
76917,7592272.0
76918,2344689.0
76919,2267425.0
76920,3426169.0
76921,3836721.0
76922,3426169.0
76923,7217634.0
76924,3004429.0
76925,6694797.0
76926,3376145.0
76927,2018785.0
76928,3426169.0
76929,3778621.0
76930,4155435.0
76931,5461700.0
76932,4590423.0
76933,3836721.0
76934,2018785.0
76935,2058644.0
76936,2058644.0
76937,3351383.0
76938,1270499.0
76939,1149870.0
76940,2390534.0
76941,1904842.0
76942,6313221.0
76943,2058644.0
76944,3982767.0
76945,5166635.0
76946,5595267.0
76947,3004429.0
76948,6412623.0
76949,1904842.0
76950,3426169.0
76951,2344689.0
76952,3939804.0
76953,3199619.0
76954,2021934.0
76955,4264176.0
76956,1847826.0
76957,5444227.0
76958,3273041.0
76959,3347767.0
76960,3004429.0
76961,1756069.0
76962,1882131.0
76963,2267425.0
76964,2344689.0
76965,5435276.0
76966,2021934.0
76967,2954086.0
76968,3028267.0
76969,5435276.0
76970,3600467.0
76971,4807746.0
76972,1999097.0
76973,3004429.0
76974,4286645.0
76975,5525735.0
76976,3004429.0
76977,1882131.0
76978,6836483.0
76979,5525735.0
76980,4952255.0
76981,3347767.0
76982,3376145.0
76983,1904842.0
76984,4350573.0
76985,2018785.0
76986,4952255.0
76987,9652350.0
76988,3351383.0
76989,4250553.0
76990,3199619.0
76991,3600467.0
76992,3836721.0
76993,2390534.0
76994,1270499.0
76995,2792031.0
76996,3939804.0
76997,1847826.0
76998,5444227.0
76999,5787594.0
77000,3028267.0
77001,2058644.0
77002,4780607.0
77003,3347767.0
77004,3447890.0
77005,3351383.0
77006,2551252.0
77007,3347767.0
77008,2732645.0
77009,4155435.0
77010,1149870.0
77011,3410878.0
77012,1999097.0
77013,3410878.0
77014,2058644.0
77015,1270499.0
77016,2021934.0
77017,3004429.0
77018,1619683.0
77019,3600467.0
77020,2675511.0
77021,3347767.0
77022,2055379.0
77023,4780607.0
77024,6782425.0
77025,4015749.0
77026,3028267.0
77027,3447890.0
77028,2792031.0
77029,2097022.0
77030,1149870.0
77031,5653753.0
77032,1149870.0
77033,6694797.0
77034,1904842.0
77035,3982767.0
77036,1149870.0
77037,2732645.0
77038,1847826.0
77039,1270499.0
77040,3727364.0
77041,6313221.0
77042,5166635.0
77043,2344689.0
77044,5166635.0
77045,1882131.0
77046,6941173.0
77047,1756069.0
77048,2364478.0
77049,1999097.0
77050,4264176.0
77051,3004429.0
77052,5444227.0
77053,2792031.0
77054,2018785.0
77055,2544857.0
77056,2732645.0
77057,1149870.0
77058,6313221.0
77059,2344689.0
77060,9262754.0
77061,2390534.0
77062,4350573.0
77063,6836483.0
77064,2993069.0
77065,3426169.0
77066,5500818.0
77067,6836483.0
77068,1756069.0
77069,2018785.0
77070,9262754.0
77071,5595267.0
77072,3426169.0
77073,7217634.0
77074,7592272.0
77075,4250553.0
77076,4015749.0
77077,1999097.0
77078,2344689.0
77079,3745135.0
77080,4250553.0
77081,3447890.0
77082,3376145.0
77083,2390534.0
77084,3248660.0
77085,4554237.0
77086,2097022.0
77087,3445076.0
77088,4491607.0
77089,4263629.0
77090,8213524.0
77091,1149870.0
77092,3600467.0
77093,2792031.0
77094,2267425.0
77095,3004429.0
77096,3745135.0
77097,8213524.0
77098,4554237.0
77099,4467728.0
77100,3982767.0
77101,1619683.0
77102,2058644.0
77103,8213524.0
77104,3258837.0
77105,3780019.0
77106,4491607.0
77107,2390534.0
77108,4100886.0
77109,4250553.0
77110,1270499.0
77111,1756069.0
77112,3004429.0
77113,1619683.0
77114,3939804.0
77115,1756069.0
77116,4316715.0
77117,1270499.0
77118,4015749.0
77119,9262754.0
77120,3410878.0
77121,2544857.0
77122,3727364.0
77123,5017319.0
77124,9262754.0
77125,9262754.0
77126,4066618.0
77127,7201784.0
77128,6941173.0
77129,2083447.0
77130,3836721.0
77131,7217634.0
77132,2097022.0
77133,1999097.0
77134,1149870.0
77135,3351383.0
77136,1904842.0
77137,5595267.0
77138,2058644.0
77139,3745135.0
77140,6836483.0
77141,3261924.0
77142,7592272.0
77143,4705945.0
77144,2544857.0
77145,2018785.0
77146,1904842.0
77147,4590423.0
77148,2371202.0
77149,4015749.0
77150,1847826.0
77151,4350573.0
77152,8213524.0
77153,1999097.0
77154,4554237.0
77155,1619683.0
77156,7592272.0
77157,4780607.0
77158,3351383.0
77159,2097022.0
77160,6363241.0
77161,4554237.0
77162,3982767.0
77163,5595267.0
77164,2021934.0
77165,2371202.0
77166,3248660.0
77167,3956086.0
77168,4554237.0
77169,1270499.0
77170,3810007.0
77171,4590423.0
77172,7592272.0
77173,2055379.0
77174,3347767.0
77175,7201784.0
77176,5017319.0
77177,7865428.0
77178,2390534.0
77179,3727364.0
77180,7592272.0
77181,4066618.0
77182,3426169.0
77183,3410878.0
77184,2792031.0
77185,2018785.0
77186,5525735.0
77187,1619683.0
77188,3982767.0
77189,6313221.0
77190,3982767.0
77191,7592272.0
77192,5166635.0
77193,3410878.0
77194,4952255.0
77195,9262754.0
77196,5525735.0
77197,2390534.0
77198,4491607.0
77199,3956086.0
77200,3273041.0
77201,5161370.0
77202,3836721.0
77203,2018785.0
77204,4705945.0
77205,3028267.0
77206,2732645.0
77207,3426169.0
77208,2371202.0
77209,6694797.0
77210,1756069.0
77211,5525735.0
77212,3410878.0
77213,1999097.0
77214,4250553.0
77215,1149870.0
77216,8213524.0
77217,3410878.0
77218,2058644.0
77219,2544857.0
77220,5787594.0
77221,4052733.0
77222,8213524.0
77223,1270499.0
77224,5500818.0
77225,4350573.0
77226,2097022.0
77227,4263629.0
77228,3004429.0
77229,5906596.0
77230,7592272.0
77231,3347767.0
77232,2344689.0
77233,3836721.0
77234,3410878.0
77235,9652350.0
77236,6923131.0
77237,2675511.0
77238,1847826.0
77239,3410878.0
77240,3778621.0
77241,3410878.0
77242,3982767.0
77243,3600467.0
77244,2390534.0
77245,8904084.0
77246,5595267.0
77247,2390534.0
77248,4467728.0
77249,3753720.0
77250,1847826.0
77251,2993069.0
77252,7217634.0
77253,2732645.0
77254,3745135.0
77255,5337526.0
77256,1619683.0
77257,3939804.0
77258,4066618.0
77259,4350573.0
77260,8213524.0
77261,2058644.0
77262,6836483.0
77263,2055379.0
77264,3347767.0
77265,3447890.0
77266,5461700.0
77267,3447890.0
77268,2344689.0
77269,3780019.0
77270,2371202.0
77271,4316715.0
77272,1999097.0
77273,3600467.0
77274,1734634.0
77275,3956086.0
77276,2021934.0
77277,2675511.0
77278,5595267.0
77279,2344689.0
77280,1270499.0
77281,2025297.0
77282,3836721.0
77283,2551252.0
77284,6694797.0
77285,2344689.0
77286,2344689.0
77287,2267425.0
77288,4491607.0
77289,4952255.0
77290,3752885.0
77291,8904084.0
77292,5525735.0
77293,7495092.0
77294,5435276.0
77295,2097022.0
77296,3410878.0
77297,6923131.0
77298,4491607.0
77299,3426169.0
77300,2018785.0
77301,5525735.0
77302,2058644.0
77303,3347767.0
77304,5435276.0
77305,5787594.0
77306,3273041.0
77307,1904842.0
77308,2055379.0
77309,3410878.0
77310,3218918.0
77311,4491607.0
77312,1270499.0
77313,2551252.0
77314,4052733.0
77315,4219263.0
77316,3004429.0
77317,1999097.0
77318,1756069.0
77319,8213524.0
77320,8213524.0
77321,2058644.0
77322,2097022.0
77323,2021934.0
77324,8213524.0
77325,4052733.0
77326,4316715.0
77327,4015749.0
77328,4952255.0
77329,4705945.0
77330,3028267.0
77331,2792031.0
77332,2025297.0
77333,8904084.0
77334,5787594.0
77335,1149870.0
77336,2738052.0
77337,3447890.0
77338,2344689.0
77339,2021934.0
77340,4263629.0
77341,4491607.0
77342,2344689.0
77343,1734634.0
77344,3351383.0
77345,2097022.0
77346,2344689.0
77347,2055379.0
77348,7865428.0
77349,2551252.0
77350,3447890.0
77351,2344689.0
77352,1619683.0
77353,8213524.0
77354,4882985.0
77355,2025297.0
77356,3028267.0
77357,3778621.0
77358,5525735.0
77359,4066618.0
77360,2371202.0
77361,2097022.0
77362,3004429.0
77363,2021934.0
77364,3982767.0
77365,1847826.0
77366,2738052.0
77367,7592272.0
77368,4705945.0
77369,2344689.0
77370,3903884.0
77371,2390534.0
77372,2738052.0
77373,3939804.0
77374,7201784.0
77375,2344689.0
77376,7201784.0
77377,3600467.0
77378,2097022.0
77379,3807496.0
77380,1999097.0
77381,8213524.0
77382,1619683.0
77383,3351383.0
77384,3752885.0
77385,5595267.0
77386,4219263.0
77387,2021934.0
77388,1756069.0
77389,7495092.0
77390,1149870.0
77391,3426169.0
77392,6923131.0
77393,2344689.0
77394,3028267.0
77395,3727364.0
77396,2097022.0
77397,5161370.0
77398,3982767.0
77399,2083447.0
77400,4100886.0
77401,8213524.0
77402,2344689.0
77403,2390534.0
77404,3982767.0
77405,2097022.0
77406,1999097.0
77407,1999097.0
77408,3376145.0
77409,4250553.0
77410,1734634.0
77411,2675511.0
77412,1847826.0
77413,1149870.0
77414,4263629.0
77415,2954086.0
77416,4264176.0
77417,5525735.0
77418,2551252.0
77419,4554237.0
77420,3745135.0
77421,4264176.0
77422,2097022.0
77423,2097022.0
77424,4491607.0
77425,3351383.0
77426,2018785.0
77427,4263629.0
77428,3376145.0
77429,9262754.0
77430,2018785.0
77431,3376145.0
77432,1149870.0
77433,3903884.0
77434,3351383.0
77435,1999097.0
77436,3410878.0
77437,2267425.0
77438,16549064.0
77439,1999097.0
77440,1619683.0
77441,1904842.0
77442,2156098.0
77443,3600467.0
77444,3426169.0
77445,3347767.0
77446,6363241.0
77447,4219263.0
77448,3273041.0
77449,1999097.0
77450,5435276.0
77451,4155435.0
77452,2021934.0
77453,2525375.0
77454,2097022.0
77455,3199619.0
77456,3004429.0
77457,4250553.0
77458,2021934.0
77459,7495092.0
77460,2390534.0
77461,2055379.0
77462,4067566.0
77463,1847826.0
77464,3956086.0
77465,5595267.0
77466,3351383.0
77467,2344689.0
77468,2021934.0
77469,1763231.0
77470,3778621.0
77471,2738052.0
77472,2390534.0
77473,4264176.0
77474,2371202.0
77475,6313221.0
77476,3780019.0
77477,5161370.0
77478,1756069.0
77479,3600467.0
77480,4250553.0
77481,3347767.0
77482,5595267.0
77483,3780019.0
77484,6412623.0
77485,3982767.0
77486,1904842.0
77487,4263629.0
77488,8894598.0
77489,1756069.0
77490,2018785.0
77491,4264176.0
77492,2675511.0
77493,8904084.0
77494,3248660.0
77495,3351383.0
77496,2344689.0
77497,2993069.0
77498,6313221.0
77499,1619683.0
77500,9262754.0
77501,3727364.0
77502,3248660.0
77503,2018785.0
77504,1999097.0
77505,3982767.0
77506,8904084.0
77507,4015749.0
77508,1756069.0
77509,5906596.0
77510,2097022.0
77511,7217634.0
77512,1999097.0
77513,2675511.0
77514,3600467.0
77515,8904084.0
77516,2675511.0
77517,3004429.0
77518,5595267.0
77519,3410878.0
77520,3956086.0
77521,2021934.0
77522,2097022.0
77523,2058644.0
77524,5500818.0
77525,3347767.0
77526,1904842.0
77527,2021934.0
77528,4554237.0
77529,4067566.0
77530,2021934.0
77531,2371202.0
77532,2544857.0
77533,3753720.0
77534,7495092.0
77535,4952255.0
77536,1999097.0
77537,1619683.0
77538,1270499.0
77539,4067566.0
77540,3982767.0
77541,2371202.0
77542,4067566.0
77543,4052733.0
77544,4491607.0
77545,2018785.0
77546,1270499.0
77547,1734634.0
77548,4136425.0
77549,3956086.0
77550,3780019.0
77551,3939804.0
77552,2544857.0
77553,3347767.0
77554,2097022.0
77555,2025297.0
77556,3410878.0
77557,1847826.0
77558,6836483.0
77559,3426169.0
77560,6313221.0
77561,2097022.0
77562,2344689.0
77563,2021934.0
77564,1847826.0
77565,4067566.0
77566,1999097.0
77567,1149870.0
77568,1756069.0
77569,2267425.0
77570,2021934.0
77571,7865428.0
77572,2993069.0
77573,1763231.0
77574,3347767.0
77575,1149870.0
77576,2055379.0
77577,2371202.0
77578,3426169.0
77579,8213524.0
77580,3752885.0
77581,5595267.0
77582,2732645.0
77583,4264176.0
77584,3351383.0
77585,2018785.0
77586,1999097.0
77587,2097022.0
77588,6412623.0
77589,2344689.0
77590,1270499.0
77591,2021934.0
77592,2732645.0
77593,2993069.0
77594,2740687.0
77595,5595267.0
77596,4491607.0
77597,1999097.0
77598,2018785.0
77599,1619683.0
77600,1999097.0
77601,2738052.0
77602,5595267.0
77603,3351383.0
77604,3028267.0
77605,4467728.0
77606,4467728.0
77607,3347767.0
77608,1756069.0
77609,1149870.0
77610,1756069.0
77611,5595267.0
77612,3778621.0
77613,2267425.0
77614,6313221.0
77615,2371202.0
77616,1149870.0
77617,3351383.0
77618,1999097.0
77619,2021934.0
77620,1756069.0
77621,4491607.0
77622,2018785.0
77623,4780607.0
77624,6836483.0
77625,4467728.0
77626,7592272.0
77627,2544857.0
77628,5653753.0
77629,2058644.0
77630,1999097.0
77631,5435276.0
77632,7495092.0
77633,2025297.0
77634,3600467.0
77635,3004429.0
77636,5525735.0
77637,2344689.0
77638,4250553.0
77639,2097022.0
77640,3600467.0
77641,2344689.0
77642,3347767.0
77643,3004429.0
77644,4780607.0
77645,4554237.0
77646,3347767.0
77647,4491607.0
77648,3600467.0
77649,3261924.0
77650,6313221.0
77651,1756069.0
77652,8213524.0
77653,6782425.0
77654,3410878.0
77655,2058644.0
77656,3426169.0
77657,5017319.0
77658,3447890.0
77659,4316715.0
77660,1882131.0
77661,3982767.0
77662,4250553.0
77663,3347767.0
77664,6313221.0
77665,8213524.0
77666,2156098.0
77667,1270499.0
77668,3028267.0
77669,2390534.0
77670,2267425.0
77671,1756069.0
77672,2371202.0
77673,6363241.0
77674,8213524.0
77675,1619683.0
77676,3982767.0
77677,2390534.0
77678,2525375.0
77679,4705945.0
77680,3347767.0
77681,5906596.0
77682,3347767.0
77683,5595267.0
77684,3939804.0
77685,7592272.0
77686,4015749.0
77687,3982767.0
77688,3410878.0
77689,3347767.0
77690,4052733.0
77691,5906596.0
77692,2344689.0
77693,2058644.0
77694,3199619.0
77695,3752885.0
77696,2097022.0
77697,3752885.0
77698,4250758.0
77699,3261924.0
77700,2954086.0
77701,2058644.0
77702,6923131.0
77703,1756069.0
77704,4467728.0
77705,2055379.0
77706,4052733.0
77707,4491607.0
77708,5500818.0
77709,3004429.0
77710,4067566.0
77711,4250553.0
77712,4015749.0
77713,7592272.0
77714,4952255.0
77715,8630682.0
77716,2371202.0
77717,2675511.0
77718,4067566.0
77719,4263629.0
77720,5166635.0
77721,2021934.0
77722,1270499.0
77723,3752885.0
77724,4491607.0
77725,3351383.0
77726,2344689.0
77727,1619683.0
77728,1999097.0
77729,2390534.0
77730,2344689.0
77731,3982767.0
77732,3261924.0
77733,3410878.0
77734,2058644.0
77735,1756069.0
77736,3248660.0
77737,4155435.0
77738,4705945.0
77739,3452382.0
77740,3028267.0
77741,2021934.0
77742,4250758.0
77743,4554237.0
77744,3347767.0
77745,5435276.0
77746,2097022.0
77747,3347767.0
77748,7495092.0
77749,2021934.0
77750,2097022.0
77751,8213524.0
77752,4067566.0
77753,4350573.0
77754,6412623.0
77755,1882131.0
77756,2058644.0
77757,3273041.0
77758,2954086.0
77759,7217634.0
77760,2018785.0
77761,6782425.0
77762,3199619.0
77763,1149870.0
77764,3727364.0
77765,1882131.0
77766,4250758.0
77767,6363241.0
77768,2055379.0
77769,4705945.0
77770,7201784.0
77771,4286645.0
77772,2058644.0
77773,1270499.0
77774,3871344.0
77775,4705945.0
77776,1149870.0
77777,3447890.0
77778,4219263.0
77779,8213524.0
77780,1904842.0
77781,3600467.0
77782,3982767.0
77783,5017319.0
77784,3347767.0
77785,3410878.0
77786,2025297.0
77787,2018785.0
77788,3347767.0
77789,4467728.0
77790,5595267.0
77791,3447890.0
77792,3745135.0
77793,3347767.0
77794,2055379.0
77795,3447890.0
77796,3426169.0
77797,4066618.0
77798,3410878.0
77799,2390534.0
77800,8213524.0
77801,1756069.0
77802,2021934.0
77803,6923131.0
77804,1619683.0
77805,6694797.0
77806,2371202.0
77807,1763231.0
77808,2021934.0
77809,1847826.0
77810,9652350.0
77811,9262754.0
77812,1999097.0
77813,4491607.0
77814,3351383.0
77815,2993069.0
77816,2544857.0
77817,2551252.0
77818,6836483.0
77819,1847826.0
77820,1619683.0
77821,2544857.0
77822,1999097.0
77823,3780019.0
77824,3778621.0
77825,6363241.0
77826,3199619.0
77827,2390534.0
77828,4467728.0
77829,1619683.0
77830,3753720.0
77831,3939804.0
77832,4250553.0
77833,2792031.0
77834,3956086.0
77835,3903884.0
77836,1756069.0
77837,2083447.0
77838,8213524.0
77839,6694797.0
77840,5595267.0
77841,6313221.0
77842,3410878.0
77843,6923131.0
77844,3410878.0
77845,4250553.0
77846,8904084.0
77847,4015749.0
77848,2097022.0
77849,4590423.0
77850,1756069.0
77851,5595267.0
77852,1882131.0
77853,3426169.0
77854,3982767.0
77855,5595267.0
77856,5525735.0
77857,6941173.0
77858,3004429.0
77859,3956086.0
77860,4052733.0
77861,7201784.0
77862,2364478.0
77863,4467728.0
77864,3600467.0
77865,2058644.0
77866,3745135.0
77867,3004429.0
77868,3836721.0
77869,6412623.0
77870,6694797.0
77871,2544857.0
77872,1763231.0
77873,4264176.0
77874,2018785.0
77875,2058644.0
77876,3426169.0
77877,2525375.0
77878,4491607.0
77879,1619683.0
77880,7495092.0
77881,7495092.0
77882,3939804.0
77883,1847826.0
77884,7865428.0
77885,5435276.0
77886,3753720.0
77887,4250758.0
77888,3410878.0
77889,5787594.0
77890,2097022.0
77891,1756069.0
77892,2021934.0
77893,1734634.0
77894,7592272.0
77895,1999097.0
77896,1999097.0
77897,1763231.0
77898,5787594.0
77899,7592272.0
77900,3982767.0
77901,5906596.0
77902,1999097.0
77903,1999097.0
77904,6941173.0
77905,3199619.0
77906,1763231.0
77907,2993069.0
77908,2058644.0
77909,5595267.0
77910,7592272.0
77911,1270499.0
77912,6836483.0
77913,4100886.0
77914,3780019.0
77915,3218918.0
77916,4350573.0
77917,2383840.0
77918,2390534.0
77919,2544857.0
77920,3248660.0
77921,2055379.0
77922,3199619.0
77923,4491607.0
77924,2097022.0
77925,2083447.0
77926,5337526.0
77927,3600467.0
77928,2544857.0
77929,2267425.0
77930,3218918.0
77931,5906596.0
77932,8213524.0
77933,2018785.0
77934,3982767.0
77935,4250553.0
77936,1904842.0
77937,3600467.0
77938,4219263.0
77939,3956086.0
77940,3780019.0
77941,2018785.0
77942,2792031.0
77943,2021934.0
77944,5525735.0
77945,5595267.0
77946,2097022.0
77947,3753720.0
77948,4316715.0
77949,2156098.0
77950,2058644.0
77951,4882985.0
77952,2097022.0
77953,4888774.0
77954,1756069.0
77955,3939804.0
77956,5595267.0
77957,2267425.0
77958,2344689.0
77959,1847826.0
77960,3351383.0
77961,1619683.0
77962,4250553.0
77963,5444227.0
77964,4052733.0
77965,4491607.0
77966,3351383.0
77967,2058644.0
77968,1999097.0
77969,6694797.0
77970,4219263.0
77971,1619683.0
77972,6412623.0
77973,2058644.0
77974,6694797.0
77975,2021934.0
77976,3218918.0
77977,6941173.0
77978,6694797.0
77979,3939804.0
77980,4705945.0
77981,2156098.0
77982,3347767.0
77983,1756069.0
77984,3939804.0
77985,3982767.0
77986,6313221.0
77987,7592272.0
77988,3447890.0
77989,3982767.0
77990,2344689.0
77991,4067566.0
77992,2021934.0
77993,4554237.0
77994,1999097.0
77995,3410878.0
77996,7495092.0
77997,4350573.0
77998,2097022.0
77999,7495092.0
78000,4264176.0
78001,4554237.0
78002,2371202.0
78003,3939804.0
78004,2021934.0
78005,4350573.0
78006,2344689.0
78007,4590423.0
78008,4491607.0
78009,3410878.0
78010,3347767.0
78011,1270499.0
78012,2021934.0
78013,3745135.0
78014,4467728.0
78015,1270499.0
78016,1756069.0
78017,3752885.0
78018,5166635.0
78019,5525735.0
78020,3982767.0
78021,5595267.0
78022,3447890.0
78023,1756069.0
78024,3008199.0
78025,5166635.0
78026,2551252.0
78027,4491607.0
78028,2083447.0
78029,7865428.0
78030,3347767.0
78031,4219263.0
78032,3982767.0
78033,2738052.0
78034,3939804.0
78035,2390534.0
78036,2675511.0
78037,2055379.0
78038,2021934.0
78039,1756069.0
78040,4264176.0
78041,5444227.0
78042,3347767.0
78043,6313221.0
78044,7592272.0
78045,3778621.0
78046,1882131.0
78047,1756069.0
78048,4491607.0
78049,2156098.0
78050,5525735.0
78051,3982767.0
78052,2383840.0
78053,4350573.0
78054,2021934.0
78055,3727364.0
78056,4052733.0
78057,6694797.0
78058,2021934.0
78059,2344689.0
78060,2344689.0
78061,2993069.0
78062,6923131.0
78063,7592272.0
78064,4066618.0
78065,3258837.0
78066,2267425.0
78067,1149870.0
78068,2018785.0
78069,7495092.0
78070,4491607.0
78071,3956086.0
78072,2021934.0
78073,1847826.0
78074,1999097.0
78075,2390534.0
78076,2018785.0
78077,7592272.0
78078,2371202.0
78079,2544857.0
78080,3410878.0
78081,3248660.0
78082,2267425.0
78083,3745135.0
78084,5435276.0
78085,2390534.0
78086,3410878.0
78087,3351383.0
78088,3982767.0
78089,2058644.0
78090,1270499.0
78091,2058644.0
78092,2344689.0
78093,4219263.0
78094,5595267.0
78095,2018785.0
78096,6923131.0
78097,3600467.0
78098,2551252.0
78099,2097022.0
78100,2544857.0
78101,3727364.0
78102,4429512.0
78103,1149870.0
78104,3600467.0
78105,3982767.0
78106,5017319.0
78107,3028267.0
78108,2792031.0
78109,4100886.0
78110,2390534.0
78111,2021934.0
78112,4491607.0
78113,5787594.0
78114,6941173.0
78115,1149870.0
78116,4264176.0
78117,4491607.0
78118,7592272.0
78119,2267425.0
78120,2021934.0
78121,2267425.0
78122,3410878.0
78123,3028267.0
78124,2021934.0
78125,6694797.0
78126,6694797.0
78127,2383840.0
78128,2055379.0
78129,2097022.0
78130,4250758.0
78131,2083447.0
78132,2792031.0
78133,3982767.0
78134,2097022.0
78135,2058644.0
78136,1756069.0
78137,2055379.0
78138,9262754.0
78139,2371202.0
78140,4491607.0
78141,4136425.0
78142,2525375.0
78143,2097022.0
78144,2021934.0
78145,4590423.0
78146,2097022.0
78147,3903884.0
78148,6941173.0
78149,1882131.0
78150,2675511.0
78151,3004429.0
78152,1619683.0
78153,3745135.0
78154,4467728.0
78155,5017319.0
78156,2525375.0
78157,3376145.0
78158,5500818.0
78159,4250553.0
78160,2544857.0
78161,7201784.0
78162,1847826.0
78163,4350573.0
78164,3351383.0
78165,1270499.0
78166,1270499.0
78167,3199619.0
78168,6782425.0
78169,3780019.0
78170,2544857.0
78171,3261924.0
78172,9262754.0
78173,7201784.0
78174,3939804.0
78175,3727364.0
78176,5595267.0
78177,5595267.0
78178,3426169.0
78179,3410878.0
78180,4067566.0
78181,6313221.0
78182,3939804.0
78183,3376145.0
78184,1619683.0
78185,1619683.0
78186,1999097.0
78187,4250553.0
78188,3600467.0
78189,3410878.0
78190,1756069.0
78191,1904842.0
78192,3351383.0
78193,4705945.0
78194,2021934.0
78195,4250553.0
78196,1149870.0
78197,2267425.0
78198,3218918.0
78199,3447890.0
78200,6313221.0
78201,2055379.0
78202,4705945.0
78203,3982767.0
78204,3199619.0
78205,1999097.0
78206,7217634.0
78207,3745135.0
78208,3939804.0
78209,2055379.0
78210,3248660.0
78211,4250758.0
78212,2058644.0
78213,4250553.0
78214,1619683.0
78215,2738052.0
78216,6694797.0
78217,4067566.0
78218,3347767.0
78219,3752885.0
78220,2544857.0
78221,3982767.0
78222,7592272.0
78223,2525375.0
78224,3447890.0
78225,3447890.0
78226,3028267.0
78227,6412623.0
78228,5166635.0
78229,2058644.0
78230,1149870.0
78231,6923131.0
78232,4491607.0
78233,1763231.0
78234,9262754.0
78235,1756069.0
78236,3199619.0
78237,3351383.0
78238,5337526.0
78239,2371202.0
78240,2364478.0
78241,3410878.0
78242,3347767.0
78243,4467728.0
78244,3447890.0
78245,2025297.0
78246,2267425.0
78247,5787594.0
78248,7592272.0
78249,4052733.0
78250,4491607.0
78251,4316715.0
78252,2018785.0
78253,2018785.0
78254,1847826.0
78255,2058644.0
78256,2675511.0
78257,6941173.0
78258,1734634.0
78259,5161370.0
78260,2018785.0
78261,3426169.0
78262,2544857.0
78263,3199619.0
78264,6923131.0
78265,3780019.0
78266,3028267.0
78267,2018785.0
78268,2097022.0
78269,5500818.0
78270,2525375.0
78271,2525375.0
78272,3745135.0
78273,3780019.0
78274,2371202.0
78275,4491607.0
78276,3199619.0
78277,7865428.0
78278,1756069.0
78279,2993069.0
78280,5595267.0
78281,2344689.0
78282,3351383.0
78283,4066618.0
78284,2058644.0
78285,2732645.0
78286,1619683.0
78287,1619683.0
78288,3426169.0
78289,2544857.0
78290,3939804.0
78291,1999097.0
78292,5787594.0
78293,2344689.0
78294,3004429.0
78295,2732645.0
78296,3939804.0
78297,3351383.0
78298,2390534.0
78299,2083447.0
78300,6836483.0
78301,1763231.0
78302,3982767.0
78303,5595267.0
78304,4952255.0
78305,2390534.0
78306,2055379.0
78307,3956086.0
78308,4807746.0
78309,1270499.0
78310,2999068.0
78311,5525735.0
78312,1734634.0
78313,6923131.0
78314,5595267.0
78315,2525375.0
78316,2344689.0
78317,1882131.0
78318,3445076.0
78319,2371202.0
78320,6923131.0
78321,4250758.0
78322,2097022.0
78323,3347767.0
78324,2021934.0
78325,8894598.0
78326,3745135.0
78327,2055379.0
78328,5166635.0
78329,1270499.0
78330,6923131.0
78331,1734634.0
78332,6923131.0
78333,1619683.0
78334,1619683.0
78335,6836483.0
78336,3982767.0
78337,3004429.0
78338,7201784.0
78339,1999097.0
78340,7592272.0
78341,3199619.0
78342,2021934.0
78343,3004429.0
78344,3347767.0
78345,3956086.0
78346,2018785.0
78347,2344689.0
78348,3351383.0
78349,2018785.0
78350,2738052.0
78351,4882985.0
78352,2344689.0
78353,7865428.0
78354,5595267.0
78355,1734634.0
78356,5595267.0
78357,5595267.0
78358,6412623.0
78359,3600467.0
78360,7592272.0
78361,2371202.0
78362,2058644.0
78363,2025297.0
78364,1270499.0
78365,5500818.0
78366,2267425.0
78367,4100886.0
78368,3347767.0
78369,3956086.0
78370,3347767.0
78371,1756069.0
78372,4219263.0
78373,1904842.0
78374,3600467.0
78375,2058644.0
78376,2097022.0
78377,3982767.0
78378,2525375.0
78379,4250553.0
78380,1149870.0
78381,2344689.0
78382,5444227.0
78383,1999097.0
78384,3376145.0
78385,2021934.0
78386,2675511.0
78387,4015749.0
78388,2021934.0
78389,4100886.0
78390,3410878.0
78391,3982767.0
78392,6363241.0
78393,1904842.0
78394,3351383.0
78395,1619683.0
78396,1270499.0
78397,1847826.0
78398,2021934.0
78399,4554237.0
78400,2058644.0
78401,2390534.0
78402,1999097.0
78403,2738052.0
78404,1904842.0
78405,4705945.0
78406,5166635.0
78407,3199619.0
78408,7217634.0
78409,2058644.0
78410,1756069.0
78411,3600467.0
78412,7865428.0
78413,6836483.0
78414,4350573.0
78415,7201784.0
78416,3780019.0
78417,2344689.0
78418,2544857.0
78419,16549064.0
78420,1904842.0
78421,4250553.0
78422,5461700.0
78423,6923131.0
78424,2097022.0
78425,2156098.0
78426,3261924.0
78427,4888774.0
78428,2025297.0
78429,2097022.0
78430,6363241.0
78431,2097022.0
78432,6313221.0
78433,4052733.0
78434,3351383.0
78435,2058644.0
78436,3410878.0
78437,2156098.0
78438,6412623.0
78439,5500818.0
78440,4888774.0
78441,8904084.0
78442,2018785.0
78443,2344689.0
78444,2344689.0
78445,3410878.0
78446,7201784.0
78447,5435276.0
78448,1756069.0
78449,7592272.0
78450,1734634.0
78451,4590423.0
78452,6313221.0
78453,2344689.0
78454,3351383.0
78455,3745135.0
78456,3248660.0
78457,3600467.0
78458,2675511.0
78459,4052733.0
78460,1756069.0
78461,6923131.0
78462,3727364.0
78463,7592272.0
78464,6313221.0
78465,2058644.0
78466,1756069.0
78467,6782425.0
78468,3347767.0
78469,2021934.0
78470,1847826.0
78471,1763231.0
78472,7592272.0
78473,4316715.0
78474,2058644.0
78475,1270499.0
78476,4316715.0
78477,3939804.0
78478,4052733.0
78479,1999097.0
78480,3939804.0
78481,3410878.0
78482,3807496.0
78483,2993069.0
78484,2544857.0
78485,5500818.0
78486,3347767.0
78487,3600467.0
78488,8213524.0
78489,3982767.0
78490,2675511.0
78491,2058644.0
78492,5595267.0
78493,2021934.0
78494,6412623.0
78495,4052733.0
78496,2993069.0
78497,2544857.0
78498,2058644.0
78499,8213524.0
78500,4491607.0
78501,3028267.0
78502,6313221.0
78503,3351383.0
78504,4467728.0
78505,3351383.0
78506,3836721.0
78507,4705945.0
78508,4052733.0
78509,3004429.0
78510,8213524.0
78511,2551252.0
78512,3836721.0
78513,5653753.0
78514,2021934.0
78515,3347767.0
78516,2058644.0
78517,3261924.0
78518,5787594.0
78519,1149870.0
78520,3028267.0
78521,8213524.0
78522,7201784.0
78523,4554237.0
78524,2058644.0
78525,4888774.0
78526,2055379.0
78527,1999097.0
78528,3351383.0
78529,2390534.0
78530,3753720.0
78531,2097022.0
78532,1619683.0
78533,9262754.0
78534,4264176.0
78535,3273041.0
78536,5595267.0
78537,2018785.0
78538,2021934.0
78539,5906596.0
78540,2021934.0
78541,5461700.0
78542,5461700.0
78543,2364478.0
78544,1882131.0
78545,2993069.0
78546,2097022.0
78547,1149870.0
78548,3447890.0
78549,3745135.0
78550,8904084.0
78551,1882131.0
78552,2156098.0
78553,3752885.0
78554,2025297.0
78555,4067566.0
78556,4264176.0
78557,6313221.0
78558,4491607.0
78559,5166635.0
78560,2371202.0
78561,2025297.0
78562,2097022.0
78563,6923131.0
78564,4052733.0
78565,2058644.0
78566,2390534.0
78567,9262754.0
78568,3778621.0
78569,1149870.0
78570,2058644.0
78571,2021934.0
78572,2058644.0
78573,3745135.0
78574,3982767.0
78575,3600467.0
78576,1756069.0
78577,3248660.0
78578,4467728.0
78579,3004429.0
78580,2344689.0
78581,3199619.0
78582,3745135.0
78583,5525735.0
78584,1149870.0
78585,8213524.0
78586,5500818.0
78587,5166635.0
78588,2525375.0
78589,1763231.0
78590,5525735.0
78591,1999097.0
78592,2551252.0
78593,3745135.0
78594,6412623.0
78595,3745135.0
78596,3347767.0
78597,2018785.0
78598,1756069.0
78599,1619683.0
78600,3410878.0
78601,1999097.0
78602,3004429.0
78603,2156098.0
78604,1619683.0
78605,8213524.0
78606,4491607.0
78607,2544857.0
78608,6412623.0
78609,1999097.0
78610,1999097.0
78611,2344689.0
78612,2021934.0
78613,3028267.0
78614,4015749.0
78615,2097022.0
78616,2021934.0
78617,6363241.0
78618,3752885.0
78619,8213524.0
78620,9262754.0
78621,3351383.0
78622,2544857.0
78623,2018785.0
78624,2732645.0
78625,2344689.0
78626,2792031.0
78627,2058644.0
78628,1270499.0
78629,1149870.0
78630,2097022.0
78631,3376145.0
78632,3745135.0
78633,1756069.0
78634,4316715.0
78635,3447890.0
78636,2371202.0
78637,2551252.0
78638,2390534.0
78639,2058644.0
78640,6412623.0
78641,1756069.0
78642,1847826.0
78643,1270499.0
78644,4250553.0
78645,3004429.0
78646,1734634.0
78647,2383840.0
78648,4467728.0
78649,4590423.0
78650,2544857.0
78651,4705945.0
78652,4066618.0
78653,2055379.0
78654,3004429.0
78655,8213524.0
78656,3351383.0
78657,3447890.0
78658,3248660.0
78659,6782425.0
78660,1999097.0
78661,3745135.0
78662,1270499.0
78663,1882131.0
78664,6941173.0
78665,1270499.0
78666,3939804.0
78667,2055379.0
78668,5017319.0
78669,3410878.0
78670,3780019.0
78671,4015749.0
78672,6313221.0
78673,3752885.0
78674,3447890.0
78675,1847826.0
78676,3836721.0
78677,4807746.0
78678,4952255.0
78679,1270499.0
78680,1847826.0
78681,4100886.0
78682,4250553.0
78683,3347767.0
78684,4888774.0
78685,3410878.0
78686,2058644.0
78687,3347767.0
78688,2021934.0
78689,2058644.0
78690,3836721.0
78691,6941173.0
78692,4155435.0
78693,2267425.0
78694,2344689.0
78695,1882131.0
78696,2018785.0
78697,4780607.0
78698,1734634.0
78699,3982767.0
78700,1270499.0
78701,3939804.0
78702,6412623.0
78703,3780019.0
78704,7217634.0
78705,6313221.0
78706,2390534.0
78707,4316715.0
78708,1149870.0
78709,2364478.0
78710,2055379.0
78711,2999068.0
78712,3351383.0
78713,7865428.0
78714,5906596.0
78715,1999097.0
78716,3426169.0
78717,3727364.0
78718,2058644.0
78719,3410878.0
78720,5017319.0
78721,2097022.0
78722,1999097.0
78723,3248660.0
78724,6313221.0
78725,4350573.0
78726,3004429.0
78727,4888774.0
78728,3745135.0
78729,9262754.0
78730,3347767.0
78731,3447890.0
78732,3956086.0
78733,7217634.0
78734,3836721.0
78735,2732645.0
78736,2058644.0
78737,5017319.0
78738,4491607.0
78739,1149870.0
78740,3727364.0
78741,2344689.0
78742,2738052.0
78743,4264176.0
78744,2732645.0
78745,5435276.0
78746,1149870.0
78747,3410878.0
78748,6941173.0
78749,3347767.0
78750,3727364.0
78751,4952497.0
78752,1619683.0
78753,4015749.0
78754,3351383.0
78755,5337526.0
78756,2551252.0
78757,1999097.0
78758,2999068.0
78759,2525375.0
78760,1756069.0
78761,1270499.0
78762,1756069.0
78763,2058644.0
78764,1756069.0
78765,3982767.0
78766,5525735.0
78767,2732645.0
78768,1847826.0
78769,2097022.0
78770,1619683.0
78771,5595267.0
78772,3347767.0
78773,1847826.0
78774,1999097.0
78775,1270499.0
78776,2344689.0
78777,5166635.0
78778,3351383.0
78779,4250553.0
78780,2156098.0
78781,3199619.0
78782,3807496.0
78783,4590423.0
78784,3600467.0
78785,2344689.0
78786,8213524.0
78787,5017319.0
78788,1270499.0
78789,2058644.0
78790,3956086.0
78791,3351383.0
78792,1999097.0
78793,6782425.0
78794,3939804.0
78795,5166635.0
78796,3745135.0
78797,3351383.0
78798,2097022.0
78799,4350573.0
78800,3347767.0
78801,2551252.0
78802,4067566.0
78803,8213524.0
78804,3836721.0
78805,3600467.0
78806,4264176.0
78807,4429512.0
78808,6412623.0
78809,8213524.0
78810,5017319.0
78811,3028267.0
78812,4052733.0
78813,1619683.0
78814,3778621.0
78815,3347767.0
78816,1999097.0
78817,4067566.0
78818,6363241.0
78819,4429512.0
78820,5435276.0
78821,3982767.0
78822,1847826.0
78823,1756069.0
78824,2544857.0
78825,6363241.0
78826,2097022.0
78827,3410878.0
78828,4067566.0
78829,6313221.0
78830,2792031.0
78831,4491607.0
78832,3956086.0
78833,2344689.0
78834,3780019.0
78835,4250553.0
78836,2551252.0
78837,2390534.0
78838,3004429.0
78839,3261924.0
78840,5500818.0
78841,3600467.0
78842,3218918.0
78843,3410878.0
78844,1756069.0
78845,6363241.0
78846,6836483.0
78847,1734634.0
78848,3351383.0
78849,2344689.0
78850,3982767.0
78851,1619683.0
78852,4067566.0
78853,1149870.0
78854,3008199.0
78855,2344689.0
78856,7592272.0
78857,6836483.0
78858,6941173.0
78859,2390534.0
78860,1763231.0
78861,4780607.0
78862,2267425.0
78863,6412623.0
78864,2344689.0
78865,3982767.0
78866,3351383.0
78867,3780019.0
78868,2097022.0
78869,3818055.0
78870,1149870.0
78871,3982767.0
78872,1149870.0
78873,3347767.0
78874,1619683.0
78875,3410878.0
78876,1847826.0
78877,4705945.0
78878,4066618.0
78879,3780019.0
78880,5906596.0
78881,3347767.0
78882,1619683.0
78883,2390534.0
78884,5500818.0
78885,3956086.0
78886,2021934.0
78887,5166635.0
78888,2525375.0
78889,2156098.0
78890,7495092.0
78891,2058644.0
78892,5017319.0
78893,3351383.0
78894,2025297.0
78895,2058644.0
78896,2390534.0
78897,6782425.0
78898,3410878.0
78899,2025297.0
78900,4491607.0
78901,2021934.0
78902,1904842.0
78903,3780019.0
78904,1619683.0
78905,2021934.0
78906,3752885.0
78907,4100886.0
78908,2544857.0
78909,2021934.0
78910,2732645.0
78911,3600467.0
78912,4888774.0
78913,3351383.0
78914,1999097.0
78915,5595267.0
78916,6412623.0
78917,2675511.0
78918,3347767.0
78919,2025297.0
78920,1149870.0
78921,2018785.0
78922,4015749.0
78923,1270499.0
78924,1763231.0
78925,2525375.0
78926,3004429.0
78927,2156098.0
78928,4780607.0
78929,2344689.0
78930,4467728.0
78931,1756069.0
78932,6313221.0
78933,1847826.0
78934,5787594.0
78935,4467728.0
78936,2371202.0
78937,1149870.0
78938,3376145.0
78939,4015749.0
78940,1756069.0
78941,2792031.0
78942,6941173.0
78943,1149870.0
78944,2097022.0
78945,4705945.0
78946,2371202.0
78947,2390534.0
78948,3199619.0
78949,3807496.0
78950,6313221.0
78951,2732645.0
78952,4264176.0
78953,1847826.0
78954,8213524.0
78955,4590423.0
78956,5017319.0
78957,3903884.0
78958,1756069.0
78959,3410878.0
78960,3903884.0
78961,1999097.0
78962,1756069.0
78963,3351383.0
78964,5525735.0
78965,4015749.0
78966,4467728.0
78967,3410878.0
78968,1619683.0
78969,3903884.0
78970,3261924.0
78971,8213524.0
78972,1763231.0
78973,3982767.0
78974,7201784.0
78975,4250758.0
78976,9652350.0
78977,3028267.0
78978,4286645.0
78979,3351383.0
78980,3727364.0
78981,3982767.0
78982,2267425.0
78983,4705945.0
78984,3939804.0
78985,3004429.0
78986,1149870.0
78987,2390534.0
78988,2018785.0
78989,6313221.0
78990,4554237.0
78991,4554237.0
78992,1904842.0
78993,5595267.0
78994,4015749.0
78995,3752885.0
78996,1847826.0
78997,2097022.0
78998,1847826.0
78999,4467728.0
79000,2675511.0
79001,5161370.0
79002,1847826.0
79003,4491607.0
79004,2021934.0
79005,1763231.0
79006,3410878.0
79007,2097022.0
79008,4467728.0
79009,3410878.0
79010,3347767.0
79011,1847826.0
79012,3004429.0
79013,4882985.0
79014,4250553.0
79015,3982767.0
79016,7201784.0
79017,5444227.0
79018,3780019.0
79019,5906596.0
79020,3982767.0
79021,3982767.0
79022,2097022.0
79023,2097022.0
79024,1149870.0
79025,2344689.0
79026,2058644.0
79027,1999097.0
79028,2018785.0
79029,3004429.0
79030,3982767.0
79031,2344689.0
79032,3347767.0
79033,5017319.0
79034,3600467.0
79035,8213524.0
79036,16549064.0
79037,2738052.0
79038,6313221.0
79039,4952255.0
79040,3199619.0
79041,6941173.0
79042,2344689.0
79043,4429512.0
79044,1619683.0
79045,1847826.0
79046,7865428.0
79047,8213524.0
79048,7865428.0
79049,3351383.0
79050,3258837.0
79051,4491607.0
79052,1999097.0
79053,6313221.0
79054,4350573.0
79055,6923131.0
79056,3982767.0
79057,1619683.0
79058,8904084.0
79059,6694797.0
79060,4250553.0
79061,2544857.0
79062,4554237.0
79063,3004429.0
79064,9262754.0
79065,1756069.0
79066,4780607.0
79067,2344689.0
79068,1756069.0
79069,2999068.0
79070,2993069.0
79071,5161370.0
79072,2792031.0
79073,6836483.0
79074,1847826.0
79075,5906596.0
79076,2738052.0
79077,2390534.0
79078,2544857.0
79079,5595267.0
79080,4491607.0
79081,8904084.0
79082,1756069.0
79083,6836483.0
79084,3982767.0
79085,9262754.0
79086,3351383.0
79087,5337526.0
79088,4155435.0
79089,4100886.0
79090,1756069.0
79091,7495092.0
79092,4250553.0
79093,2021934.0
79094,3780019.0
79095,2675511.0
79096,4052733.0
79097,4590423.0
79098,2021934.0
79099,3447890.0
79100,5653753.0
79101,9262754.0
79102,4705945.0
79103,4286645.0
79104,4219263.0
79105,2267425.0
79106,6412623.0
79107,3956086.0
79108,2097022.0
79109,1756069.0
79110,3248660.0
79111,6782425.0
79112,1904842.0
79113,4491607.0
79114,2097022.0
79115,1756069.0
79116,1882131.0
79117,2018785.0
79118,5500818.0
79119,1270499.0
79120,3939804.0
79121,3745135.0
79122,4067566.0
79123,3939804.0
79124,3273041.0
79125,3956086.0
79126,2344689.0
79127,6836483.0
79128,7495092.0
79129,3004429.0
79130,4316715.0
79131,4250553.0
79132,8213524.0
79133,3004429.0
79134,5461700.0
79135,2999068.0
79136,2344689.0
79137,2058644.0
79138,3939804.0
79139,3600467.0
79140,3600467.0
79141,5166635.0
79142,4467728.0
79143,2383840.0
79144,3004429.0
79145,2267425.0
79146,4350573.0
79147,1149870.0
79148,4491607.0
79149,2344689.0
79150,1904842.0
79151,2021934.0
79152,4067566.0
79153,6782425.0
79154,2058644.0
79155,2058644.0
79156,3426169.0
79157,2097022.0
79158,4952255.0
79159,3351383.0
79160,3351383.0
79161,2344689.0
79162,2018785.0
79163,5017319.0
79164,3351383.0
79165,3410878.0
79166,1270499.0
79167,3351383.0
79168,3351383.0
79169,3004429.0
79170,4250553.0
79171,2021934.0
79172,3347767.0
79173,1619683.0
79174,2732645.0
79175,2732645.0
79176,2390534.0
79177,13575224.0
79178,1734634.0
79179,2993069.0
79180,3273041.0
79181,2675511.0
79182,5500818.0
79183,2675511.0
79184,3727364.0
79185,2738052.0
79186,2097022.0
79187,6941173.0
79188,2021934.0
79189,3351383.0
79190,2025297.0
79191,4052733.0
79192,4250553.0
79193,4491607.0
79194,5525735.0
79195,2018785.0
79196,2738052.0
79197,1999097.0
79198,2156098.0
79199,7592272.0
79200,2675511.0
79201,2021934.0
79202,2525375.0
79203,4467728.0
79204,2021934.0
79205,2792031.0
79206,3376145.0
79207,2058644.0
79208,4263629.0
79209,1882131.0
79210,6836483.0
79211,8213524.0
79212,2525375.0
79213,3004429.0
79214,7495092.0
79215,4491607.0
79216,5161370.0
79217,5595267.0
79218,3248660.0
79219,1149870.0
79220,3426169.0
79221,3261924.0
79222,1149870.0
79223,1999097.0
79224,1847826.0
79225,2544857.0
79226,6313221.0
79227,2390534.0
79228,5435276.0
79229,5525735.0
79230,7201784.0
79231,2732645.0
79232,3004429.0
79233,2732645.0
79234,4491607.0
79235,4467728.0
79236,4780607.0
79237,3028267.0
79238,3028267.0
79239,3426169.0
79240,3807496.0
79241,8213524.0
79242,5787594.0
79243,1882131.0
79244,4316715.0
79245,2058644.0
79246,6782425.0
79247,3410878.0
79248,9262754.0
79249,1270499.0
79250,3410878.0
79251,1999097.0
79252,2738052.0
79253,3347767.0
79254,1149870.0
79255,1149870.0
79256,2021934.0
79257,4052733.0
79258,2675511.0
79259,7217634.0
79260,4015749.0
79261,3410878.0
79262,3410878.0
79263,9262754.0
79264,3351383.0
79265,4491607.0
79266,3982767.0
79267,1149870.0
79268,3347767.0
79269,2097022.0
79270,6694797.0
79271,3780019.0
79272,3410878.0
79273,3004429.0
79274,3347767.0
79275,5966193.0
79276,6923131.0
79277,4467728.0
79278,2018785.0
79279,8213524.0
79280,4467728.0
79281,2018785.0
79282,3956086.0
79283,3004429.0
79284,3600467.0
79285,7865428.0
79286,2058644.0
79287,2097022.0
79288,3004429.0
79289,3982767.0
79290,1999097.0
79291,7592272.0
79292,2792031.0
79293,3004429.0
79294,2390534.0
79295,2021934.0
79296,3982767.0
79297,3347767.0
79298,5161370.0
79299,2383840.0
79300,3752885.0
79301,3004429.0
79302,4250553.0
79303,2055379.0
79304,2267425.0
79305,2993069.0
79306,6941173.0
79307,5525735.0
79308,3410878.0
79309,3351383.0
79310,4067566.0
79311,4705945.0
79312,5906596.0
79313,6313221.0
79314,1999097.0
79315,3778621.0
79316,2018785.0
79317,2097022.0
79318,2344689.0
79319,3982767.0
79320,3752885.0
79321,7217634.0
79322,2993069.0
79323,4554237.0
79324,3258837.0
79325,8904084.0
79326,3347767.0
79327,1149870.0
79328,3351383.0
79329,3447890.0
79330,1270499.0
79331,2021934.0
79332,3410878.0
79333,1999097.0
79334,2344689.0
79335,2021934.0
79336,8213524.0
79337,4590423.0
79338,2999068.0
79339,1270499.0
79340,3248660.0
79341,3273041.0
79342,1882131.0
79343,3956086.0
79344,2792031.0
79345,6941173.0
79346,2999068.0
79347,3445076.0
79348,3004429.0
79349,1149870.0
79350,5787594.0
79351,1756069.0
79352,2993069.0
79353,3410878.0
79354,3426169.0
79355,2058644.0
79356,7495092.0
79357,2267425.0
79358,1619683.0
79359,7495092.0
79360,7495092.0
79361,6836483.0
79362,4067566.0
79363,3410878.0
79364,2551252.0
79365,2344689.0
79366,7592272.0
79367,3600467.0
79368,1756069.0
79369,6694797.0
79370,3426169.0
79371,2390534.0
79372,5500818.0
79373,2021934.0
79374,3004429.0
79375,4155435.0
79376,4491607.0
79377,2993069.0
79378,2021934.0
79379,3410878.0
79380,3752885.0
79381,3347767.0
79382,6836483.0
79383,7217634.0
79384,4155435.0
79385,2525375.0
79386,3752885.0
79387,3939804.0
79388,3956086.0
79389,2390534.0
79390,2156098.0
79391,2738052.0
79392,1756069.0
79393,3939804.0
79394,5500818.0
79395,2097022.0
79396,7592272.0
79397,3004429.0
79398,2364478.0
79399,7217634.0
79400,5161370.0
79401,3426169.0
79402,3426169.0
79403,2025297.0
79404,2993069.0
79405,4350573.0
79406,2018785.0
79407,4705945.0
79408,3218918.0
79409,3752885.0
79410,4015749.0
79411,2021934.0
79412,3410878.0
79413,2058644.0
79414,3261924.0
79415,2371202.0
79416,1149870.0
79417,2675511.0
79418,6313221.0
79419,6836483.0
79420,1756069.0
79421,2551252.0
79422,4316715.0
79423,3807496.0
79424,8213524.0
79425,13575224.0
79426,5461700.0
79427,3347767.0
79428,3871344.0
79429,3351383.0
79430,3004429.0
79431,2021934.0
79432,1270499.0
79433,1734634.0
79434,1734634.0
79435,4888774.0
79436,4590423.0
79437,1270499.0
79438,4882985.0
79439,4015749.0
79440,6412623.0
79441,2267425.0
79442,3347767.0
79443,2267425.0
79444,2544857.0
79445,1270499.0
79446,2021934.0
79447,1619683.0
79448,2058644.0
79449,2383840.0
79450,5017319.0
79451,2390534.0
79452,2999068.0
79453,2344689.0
79454,3600467.0
79455,2390534.0
79456,3982767.0
79457,7592272.0
79458,2364478.0
79459,3447890.0
79460,5337526.0
79461,5525735.0
79462,2371202.0
79463,1763231.0
79464,3351383.0
79465,4250553.0
79466,6412623.0
79467,6313221.0
79468,3727364.0
79469,2390534.0
79470,2156098.0
79471,2018785.0
79472,1270499.0
79473,6363241.0
79474,2344689.0
79475,4052733.0
79476,4264176.0
79477,8213524.0
79478,2993069.0
79479,3939804.0
79480,3447890.0
79481,2999068.0
79482,4219263.0
79483,2083447.0
79484,3753720.0
79485,4100886.0
79486,1619683.0
79487,3982767.0
79488,1756069.0
79489,9652350.0
79490,1999097.0
79491,4015749.0
79492,4052733.0
79493,3982767.0
79494,2732645.0
79495,3004429.0
79496,3199619.0
79497,3410878.0
79498,8904084.0
79499,7592272.0
79500,4067566.0
79501,1763231.0
79502,3218918.0
79503,1904842.0
79504,2156098.0
79505,7495092.0
79506,2267425.0
79507,3982767.0
79508,3351383.0
79509,2383840.0
79510,3410878.0
79511,2021934.0
79512,6941173.0
79513,5525735.0
79514,8630682.0
79515,1149870.0
79516,9652350.0
79517,2267425.0
79518,5017319.0
79519,9262754.0
79520,6363241.0
79521,3939804.0
79522,3347767.0
79523,3426169.0
79524,1882131.0
79525,1270499.0
79526,6313221.0
79527,1847826.0
79528,2018785.0
79529,5166635.0
79530,1149870.0
79531,6694797.0
79532,1270499.0
79533,3780019.0
79534,2954086.0
79535,5017319.0
79536,2344689.0
79537,4705945.0
79538,4590423.0
79539,2675511.0
79540,4952255.0
79541,8894598.0
79542,3347767.0
79543,7592272.0
79544,2993069.0
79545,3199619.0
79546,7592272.0
79547,1619683.0
79548,2097022.0
79549,3836721.0
79550,3600467.0
79551,4015749.0
79552,5906596.0
79553,1904842.0
79554,13575224.0
79555,3939804.0
79556,7865428.0
79557,3836721.0
79558,5166635.0
79559,1756069.0
79560,2055379.0
79561,4780607.0
79562,2344689.0
79563,4067566.0
79564,2390534.0
79565,2018785.0
79566,2344689.0
79567,2344689.0
79568,5966193.0
79569,2025297.0
79570,1619683.0
79571,3745135.0
79572,1270499.0
79573,5444227.0
79574,3780019.0
79575,8894598.0
79576,1882131.0
79577,16549064.0
79578,3258837.0
79579,2058644.0
79580,1999097.0
79581,3248660.0
79582,6694797.0
79583,2018785.0
79584,4264176.0
79585,4888774.0
79586,8213524.0
79587,2021934.0
79588,4067566.0
79589,5595267.0
79590,1270499.0
79591,1882131.0
79592,1756069.0
79593,2097022.0
79594,3780019.0
79595,4066618.0
79596,1882131.0
79597,4250758.0
79598,3426169.0
79599,3351383.0
79600,4554237.0
79601,3956086.0
79602,2097022.0
79603,3351383.0
79604,3939804.0
79605,2058644.0
79606,4052733.0
79607,2083447.0
79608,4467728.0
79609,3753720.0
79610,6941173.0
79611,4136425.0
79612,4491607.0
79613,4467728.0
79614,1149870.0
79615,6412623.0
79616,1882131.0
79617,2021934.0
79618,3351383.0
79619,3376145.0
79620,3261924.0
79621,4052733.0
79622,1882131.0
79623,6923131.0
79624,3004429.0
79625,5595267.0
79626,1619683.0
79627,2740687.0
79628,4052733.0
79629,5500818.0
79630,8213524.0
79631,2344689.0
79632,4491607.0
79633,1882131.0
79634,3752885.0
79635,2021934.0
79636,4250553.0
79637,3727364.0
79638,2344689.0
79639,5595267.0
79640,4250758.0
79641,3982767.0
79642,3956086.0
79643,1756069.0
79644,2058644.0
79645,7201784.0
79646,3004429.0
79647,2993069.0
79648,3410878.0
79649,4491607.0
79650,6313221.0
79651,1619683.0
79652,4066618.0
79653,7201784.0
79654,2390534.0
79655,2551252.0
79656,3784230.0
79657,2344689.0
79658,5525735.0
79659,2371202.0
79660,7217634.0
79661,4491607.0
79662,4705945.0
79663,2018785.0
79664,2058644.0
79665,1149870.0
79666,2344689.0
79667,7217634.0
79668,2021934.0
79669,3982767.0
79670,2021934.0
79671,5461700.0
79672,2055379.0
79673,4250553.0
79674,2344689.0
79675,1270499.0
79676,4467728.0
79677,3248660.0
79678,3982767.0
79679,3410878.0
79680,1619683.0
79681,1882131.0
79682,5595267.0
79683,2344689.0
79684,6941173.0
79685,2792031.0
79686,5435276.0
79687,2344689.0
79688,3351383.0
79689,5595267.0
79690,2058644.0
79691,2267425.0
79692,7201784.0
79693,3982767.0
79694,2055379.0
79695,2018785.0
79696,2344689.0
79697,2525375.0
79698,3248660.0
79699,3004429.0
79700,9262754.0
79701,3273041.0
79702,6412623.0
79703,2021934.0
79704,4705945.0
79705,6412623.0
79706,3351383.0
79707,2738052.0
79708,3351383.0
79709,3753720.0
79710,7201784.0
79711,2390534.0
79712,7592272.0
79713,3784230.0
79714,3600467.0
79715,6313221.0
79716,2097022.0
79717,4952255.0
79718,7865428.0
79719,3028267.0
79720,2792031.0
79721,1270499.0
79722,2018785.0
79723,3939804.0
79724,3351383.0
79725,4100886.0
79726,1999097.0
79727,4491607.0
79728,2058644.0
79729,4067566.0
79730,3028267.0
79731,2993069.0
79732,1999097.0
79733,1270499.0
79734,4100886.0
79735,1270499.0
79736,4067566.0
79737,3778621.0
79738,2993069.0
79739,5787594.0
79740,4952255.0
79741,1999097.0
79742,6941173.0
79743,1756069.0
79744,1149870.0
79745,3600467.0
79746,3447890.0
79747,3447890.0
79748,3447890.0
79749,3004429.0
79750,3028267.0
79751,1270499.0
79752,2083447.0
79753,2993069.0
79754,2156098.0
79755,5166635.0
79756,7495092.0
79757,3410878.0
79758,3028267.0
79759,4705945.0
79760,1756069.0
79761,1734634.0
79762,3745135.0
79763,4015749.0
79764,3982767.0
79765,2021934.0
79766,6782425.0
79767,1882131.0
79768,4250553.0
79769,3745135.0
79770,4554237.0
79771,3727364.0
79772,1999097.0
79773,1270499.0
79774,3410878.0
79775,4888774.0
79776,5595267.0
79777,3956086.0
79778,3600467.0
79779,2371202.0
79780,3004429.0
79781,3351383.0
79782,3004429.0
79783,2021934.0
79784,2675511.0
79785,3351383.0
79786,3939804.0
79787,3836721.0
79788,9262754.0
79789,7201784.0
79790,4807746.0
79791,4888774.0
79792,5595267.0
79793,1882131.0
79794,4705945.0
79795,3600467.0
79796,2267425.0
79797,6313221.0
79798,3982767.0
79799,7201784.0
79800,2390534.0
79801,4100886.0
79802,2055379.0
79803,2993069.0
79804,9652350.0
79805,3028267.0
79806,1149870.0
79807,2021934.0
79808,2732645.0
79809,4316715.0
79810,4015749.0
79811,5595267.0
79812,4590423.0
79813,7217634.0
79814,4155435.0
79815,4952255.0
79816,1270499.0
79817,1999097.0
79818,3982767.0
79819,4015749.0
79820,5595267.0
79821,2544857.0
79822,6313221.0
79823,2083447.0
79824,3410878.0
79825,4590423.0
79826,3258837.0
79827,3351383.0
79828,4015749.0
79829,3351383.0
79830,3347767.0
79831,4467728.0
79832,6694797.0
79833,7217634.0
79834,2732645.0
79835,4316715.0
79836,4316715.0
79837,4467728.0
79838,2390534.0
79839,2021934.0
79840,6923131.0
79841,5787594.0
79842,2390534.0
79843,6363241.0
79844,8213524.0
79845,5337526.0
79846,1756069.0
79847,4350573.0
79848,3410878.0
79849,3752885.0
79850,9262754.0
79851,3028267.0
79852,3426169.0
79853,4250553.0
79854,3939804.0
79855,3376145.0
79856,3028267.0
79857,6694797.0
79858,4067566.0
79859,4015749.0
79860,2344689.0
79861,2675511.0
79862,3778621.0
79863,3410878.0
79864,1270499.0
79865,2021934.0
79866,6412623.0
79867,7592272.0
79868,2055379.0
79869,2525375.0
79870,4807746.0
79871,4651866.0
79872,3347767.0
79873,3956086.0
79874,1619683.0
79875,1619683.0
79876,2018785.0
79877,4705945.0
79878,3810007.0
79879,7201784.0
79880,3600467.0
79881,4554237.0
79882,2021934.0
79883,3903884.0
79884,2732645.0
79885,3982767.0
79886,7592272.0
79887,5595267.0
79888,6313221.0
79889,2993069.0
79890,3445076.0
79891,9262754.0
79892,2344689.0
79893,4250553.0
79894,1270499.0
79895,1149870.0
79896,6694797.0
79897,4467728.0
79898,7217634.0
79899,3028267.0
79900,2021934.0
79901,8213524.0
79902,3261924.0
79903,2055379.0
79904,3004429.0
79905,3351383.0
79906,7495092.0
79907,6363241.0
79908,6363241.0
79909,5444227.0
79910,4429512.0
79911,3780019.0
79912,4316715.0
79913,2021934.0
79914,3004429.0
79915,2792031.0
79916,6313221.0
79917,3258837.0
79918,7865428.0
79919,2675511.0
79920,4350573.0
79921,5017319.0
79922,2018785.0
79923,2097022.0
79924,4100886.0
79925,3410878.0
79926,1619683.0
79927,4286645.0
79928,2021934.0
79929,2055379.0
79930,1149870.0
79931,1756069.0
79932,3780019.0
79933,3939804.0
79934,1999097.0
79935,2390534.0
79936,1734634.0
79937,4780607.0
79938,3410878.0
79939,2675511.0
79940,2018785.0
79941,2344689.0
79942,3004429.0
79943,6923131.0
79944,8894598.0
79945,2344689.0
79946,3982767.0
79947,4590423.0
79948,1149870.0
79949,3261924.0
79950,2675511.0
79951,6941173.0
79952,4554237.0
79953,3956086.0
79954,1756069.0
79955,3600467.0
79956,3752885.0
79957,4100886.0
79958,3347767.0
79959,1149870.0
79960,2551252.0
79961,6363241.0
79962,5595267.0
79963,3347767.0
79964,2390534.0
79965,3445076.0
79966,2390534.0
79967,2267425.0
79968,3028267.0
79969,5653753.0
79970,1270499.0
79971,2544857.0
79972,1756069.0
79973,2344689.0
79974,2055379.0
79975,2021934.0
79976,1270499.0
79977,2021934.0
79978,2058644.0
79979,4467728.0
79980,1904842.0
79981,6836483.0
79982,4052733.0
79983,3258837.0
79984,6836483.0
79985,2390534.0
79986,6941173.0
79987,3351383.0
79988,3410878.0
79989,2058644.0
79990,2267425.0
79991,1904842.0
79992,4467728.0
79993,3347767.0
79994,4491607.0
79995,6941173.0
79996,2344689.0
79997,2025297.0
79998,2732645.0
79999,3745135.0
80000,1756069.0
80001,3410878.0
80002,6941173.0
80003,3273041.0
80004,4491607.0
80005,4705945.0
80006,7201784.0
80007,2058644.0
80008,3347767.0
80009,2021934.0
80010,3836721.0
80011,3410878.0
80012,3780019.0
80013,2525375.0
80014,2021934.0
80015,4350573.0
80016,7201784.0
80017,1734634.0
80018,2390534.0
80019,2551252.0
80020,5595267.0
80021,4554237.0
80022,2544857.0
80023,2058644.0
80024,2021934.0
80025,7495092.0
80026,5017319.0
80027,2344689.0
80028,6836483.0
80029,5787594.0
80030,4952255.0
80031,1756069.0
80032,5017319.0
80033,8630682.0
80034,7592272.0
80035,8213524.0
80036,2058644.0
80037,2344689.0
80038,2021934.0
80039,4350573.0
80040,7865428.0
80041,1619683.0
80042,3752885.0
80043,4052733.0
80044,2344689.0
80045,4263629.0
80046,1619683.0
80047,3410878.0
80048,7592272.0
80049,2738052.0
80050,8213524.0
80051,2792031.0
80052,3004429.0
80053,4219263.0
80054,3780019.0
80055,2344689.0
80056,3248660.0
80057,1149870.0
80058,1270499.0
80059,9262754.0
80060,6836483.0
80061,2551252.0
80062,2018785.0
80063,4263629.0
80064,4554237.0
80065,4554237.0
80066,1847826.0
80067,1619683.0
80068,2525375.0
80069,1270499.0
80070,2383840.0
80071,1999097.0
80072,1756069.0
80073,3426169.0
80074,5906596.0
80075,8630682.0
80076,5525735.0
80077,2390534.0
80078,2021934.0
80079,3351383.0
80080,4554237.0
80081,3351383.0
80082,4015749.0
80083,5337526.0
80084,1763231.0
80085,5595267.0
80086,2344689.0
80087,5525735.0
80088,2021934.0
80089,7592272.0
80090,4286645.0
80091,2156098.0
80092,2021934.0
80093,3028267.0
80094,3004429.0
80095,7201784.0
80096,7592272.0
80097,6941173.0
80098,8213524.0
80099,3410878.0
80100,8904084.0
80101,5017319.0
80102,2344689.0
80103,2371202.0
80104,2364478.0
80105,2525375.0
80106,1904842.0
80107,4066618.0
80108,2021934.0
80109,8213524.0
80110,4015749.0
80111,4952255.0
80112,1882131.0
80113,2732645.0
80114,4952255.0
80115,3956086.0
80116,3347767.0
80117,3004429.0
80118,4780607.0
80119,4052733.0
80120,2097022.0
80121,3982767.0
80122,2371202.0
80123,1756069.0
80124,2738052.0
80125,1734634.0
80126,2018785.0
80127,3351383.0
80128,3347767.0
80129,2344689.0
80130,2018785.0
80131,2267425.0
80132,4052733.0
80133,3199619.0
80134,8213524.0
80135,2993069.0
80136,2732645.0
80137,3727364.0
80138,7592272.0
80139,3410878.0
80140,1904842.0
80141,6412623.0
80142,2344689.0
80143,3600467.0
80144,3939804.0
80145,3351383.0
80146,2018785.0
80147,6694797.0
80148,3447890.0
80149,1999097.0
80150,4052733.0
80151,5166635.0
80152,3745135.0
80153,3351383.0
80154,2021934.0
80155,4067566.0
80156,5166635.0
80157,2544857.0
80158,3347767.0
80159,5435276.0
80160,3347767.0
80161,3164972.0
80162,2021934.0
80163,4052733.0
80164,1904842.0
80165,2018785.0
80166,2058644.0
80167,1756069.0
80168,3600467.0
80169,3004429.0
80170,1756069.0
80171,3351383.0
80172,3752885.0
80173,3218918.0
80174,3347767.0
80175,3447890.0
80176,6412623.0
80177,1882131.0
80178,3836721.0
80179,3410878.0
80180,1904842.0
80181,1756069.0
80182,4467728.0
80183,2390534.0
80184,4250553.0
80185,2364478.0
80186,5966193.0
80187,3745135.0
80188,1734634.0
80189,2021934.0
80190,1619683.0
80191,3836721.0
80192,2018785.0
80193,3982767.0
80194,2021934.0
80195,2551252.0
80196,1149870.0
80197,2993069.0
80198,4067566.0
80199,3008199.0
80200,2675511.0
80201,6923131.0
80202,2525375.0
80203,8213524.0
80204,2267425.0
80205,1149870.0
80206,1847826.0
80207,3410878.0
80208,1999097.0
80209,3351383.0
80210,2344689.0
80211,6923131.0
80212,5787594.0
80213,3752885.0
80214,3780019.0
80215,4250758.0
80216,1999097.0
80217,2058644.0
80218,6694797.0
80219,1882131.0
80220,3447890.0
80221,1270499.0
80222,6313221.0
80223,2383840.0
80224,2738052.0
80225,2390534.0
80226,5595267.0
80227,3004429.0
80228,2018785.0
80229,5444227.0
80230,2344689.0
80231,3600467.0
80232,5166635.0
80233,6836483.0
80234,1882131.0
80235,3745135.0
80236,2390534.0
80237,2675511.0
80238,3752885.0
80239,3447890.0
80240,6923131.0
80241,4250553.0
80242,6363241.0
80243,2097022.0
80244,4651866.0
80245,2390534.0
80246,7201784.0
80247,5525735.0
80248,2344689.0
80249,1270499.0
80250,3248660.0
80251,4015749.0
80252,3004429.0
80253,6363241.0
80254,2738052.0
80255,1756069.0
80256,3347767.0
80257,3956086.0
80258,8213524.0
80259,3426169.0
80260,2954086.0
80261,3261924.0
80262,3426169.0
80263,8904084.0
80264,3004429.0
80265,1756069.0
80266,3347767.0
80267,3810007.0
80268,4052733.0
80269,4780607.0
80270,2021934.0
80271,3836721.0
80272,3939804.0
80273,4491607.0
80274,2097022.0
80275,3745135.0
80276,8213524.0
80277,1999097.0
80278,1904842.0
80279,1999097.0
80280,5906596.0
80281,4888774.0
80282,2097022.0
80283,1999097.0
80284,7592272.0
80285,3347767.0
80286,2058644.0
80287,7217634.0
80288,1756069.0
80289,5595267.0
80290,4066618.0
80291,7865428.0
80292,3410878.0
80293,3347767.0
80294,4136425.0
80295,3426169.0
80296,1619683.0
80297,2267425.0
80298,3347767.0
80299,2058644.0
80300,2018785.0
80301,5525735.0
80302,3447890.0
80303,2675511.0
80304,8894598.0
80305,1763231.0
80306,2344689.0
80307,3752885.0
80308,4100886.0
80309,1882131.0
80310,3600467.0
80311,2021934.0
80312,1270499.0
80313,1270499.0
80314,1999097.0
80315,2344689.0
80316,3982767.0
80317,6313221.0
80318,2390534.0
80319,2993069.0
80320,3939804.0
80321,2156098.0
80322,4807746.0
80323,4491607.0
80324,2058644.0
80325,3376145.0
80326,2525375.0
80327,3939804.0
80328,1149870.0
80329,2025297.0
80330,2792031.0
80331,4780607.0
80332,3261924.0
80333,8213524.0
80334,4136425.0
80335,3426169.0
80336,3426169.0
80337,1756069.0
80338,3600467.0
80339,4705945.0
80340,2344689.0
80341,3447890.0
80342,3199619.0
80343,8213524.0
80344,3447890.0
80345,2156098.0
80346,2058644.0
80347,2344689.0
80348,8213524.0
80349,4952255.0
80350,1734634.0
80351,7217634.0
80352,6412623.0
80353,2993069.0
80354,4888774.0
80355,7495092.0
80356,2021934.0
80357,6923131.0
80358,1756069.0
80359,4263629.0
80360,2732645.0
80361,3004429.0
80362,5787594.0
80363,2344689.0
80364,2525375.0
80365,1149870.0
80366,2058644.0
80367,2058644.0
80368,5595267.0
80369,1270499.0
80370,4052733.0
80371,1619683.0
80372,1999097.0
80373,1999097.0
80374,3745135.0
80375,4467728.0
80376,2390534.0
80377,1763231.0
80378,2021934.0
80379,2551252.0
80380,2675511.0
80381,3445076.0
80382,7592272.0
80383,4015749.0
80384,1847826.0
80385,6313221.0
80386,9262754.0
80387,3351383.0
80388,3004429.0
80389,7592272.0
80390,2058644.0
80391,2544857.0
80392,5337526.0
80393,3004429.0
80394,4952255.0
80395,3982767.0
80396,4491607.0
80397,1756069.0
80398,7592272.0
80399,9262754.0
80400,7592272.0
80401,1734634.0
80402,6941173.0
80403,4807746.0
80404,7217634.0
80405,3447890.0
80406,1734634.0
80407,4052733.0
80408,2344689.0
80409,3261924.0
80410,3410878.0
80411,4780607.0
80412,7217634.0
80413,5500818.0
80414,2344689.0
80415,3376145.0
80416,2055379.0
80417,3347767.0
80418,3445076.0
80419,1270499.0
80420,3347767.0
80421,2018785.0
80422,8213524.0
80423,2675511.0
80424,2156098.0
80425,1270499.0
80426,8213524.0
80427,2544857.0
80428,2371202.0
80429,1619683.0
80430,9262754.0
80431,3982767.0
80432,2544857.0
80433,2055379.0
80434,5161370.0
80435,3939804.0
80436,5161370.0
80437,4807746.0
80438,1999097.0
80439,5017319.0
80440,2738052.0
80441,3600467.0
80442,1756069.0
80443,4491607.0
80444,6412623.0
80445,4882985.0
80446,8213524.0
80447,2544857.0
80448,1270499.0
80449,2954086.0
80450,2021934.0
80451,3004429.0
80452,9652350.0
80453,2390534.0
80454,3258837.0
80455,2156098.0
80456,3447890.0
80457,1619683.0
80458,2344689.0
80459,3939804.0
80460,8213524.0
80461,3836721.0
80462,3347767.0
80463,6313221.0
80464,3447890.0
80465,4554237.0
80466,2021934.0
80467,3347767.0
80468,1763231.0
80469,7592272.0
80470,4264176.0
80471,4554237.0
80472,1270499.0
80473,4952255.0
80474,6412623.0
80475,4429512.0
80476,3410878.0
80477,1149870.0
80478,3939804.0
80479,7592272.0
80480,2993069.0
80481,3939804.0
80482,3753720.0
80483,4491607.0
80484,6836483.0
80485,7865428.0
80486,1882131.0
80487,2993069.0
80488,4952255.0
80489,2025297.0
80490,3600467.0
80491,3780019.0
80492,4052733.0
80493,1619683.0
80494,4807746.0
80495,3410878.0
80496,2018785.0
80497,3727364.0
80498,2732645.0
80499,6363241.0
80500,4067566.0
80501,3410878.0
80502,4888774.0
80503,2058644.0
80504,4052733.0
80505,3410878.0
80506,4491607.0
80507,2738052.0
80508,4015749.0
80509,2018785.0
80510,4250553.0
80511,4429512.0
80512,1763231.0
80513,3871344.0
80514,2058644.0
80515,2267425.0
80516,4250553.0
80517,3447890.0
80518,3982767.0
80519,6694797.0
80520,1882131.0
80521,1847826.0
80522,3347767.0
80523,3004429.0
80524,3028267.0
80525,6313221.0
80526,2732645.0
80527,7217634.0
80528,2267425.0
80529,2344689.0
80530,2344689.0
80531,1904842.0
80532,1619683.0
80533,2344689.0
80534,3807496.0
80535,3753720.0
80536,1999097.0
80537,2058644.0
80538,3164972.0
80539,8904084.0
80540,6694797.0
80541,1882131.0
80542,2732645.0
80543,3447890.0
80544,2018785.0
80545,2525375.0
80546,1999097.0
80547,3778621.0
80548,7217634.0
80549,3164972.0
80550,7865428.0
80551,6923131.0
80552,3410878.0
80553,3982767.0
80554,1847826.0
80555,3780019.0
80556,4015749.0
80557,2021934.0
80558,3600467.0
80559,3426169.0
80560,4250553.0
80561,2267425.0
80562,2267425.0
80563,1882131.0
80564,5595267.0
80565,5525735.0
80566,4705945.0
80567,3351383.0
80568,2390534.0
80569,9262754.0
80570,2792031.0
80571,3028267.0
80572,4467728.0
80573,1734634.0
80574,4052733.0
80575,6836483.0
80576,3004429.0
80577,3780019.0
80578,3004429.0
80579,2993069.0
80580,1999097.0
80581,3939804.0
80582,6923131.0
80583,6941173.0
80584,6923131.0
80585,3410878.0
80586,3351383.0
80587,2156098.0
80588,3903884.0
80589,1149870.0
80590,2344689.0
80591,5166635.0
80592,4250758.0
80593,3956086.0
80594,6836483.0
80595,2371202.0
80596,1756069.0
80597,3004429.0
80598,3248660.0
80599,1149870.0
80600,4952255.0
80601,2021934.0
80602,4100886.0
80603,8904084.0
80604,4554237.0
80605,3248660.0
80606,2055379.0
80607,5435276.0
80608,2954086.0
80609,4250553.0
80610,4250553.0
80611,2156098.0
80612,3004429.0
80613,1999097.0
80614,4316715.0
80615,6412623.0
80616,2058644.0
80617,2058644.0
80618,2083447.0
80619,4491607.0
80620,3351383.0
80621,5435276.0
80622,3600467.0
80623,3447890.0
80624,4952255.0
80625,2993069.0
80626,1882131.0
80627,1882131.0
80628,1999097.0
80629,5017319.0
80630,7201784.0
80631,2544857.0
80632,1904842.0
80633,4219263.0
80634,3445076.0
80635,3347767.0
80636,5787594.0
80637,7201784.0
80638,2156098.0
80639,3939804.0
80640,1619683.0
80641,8213524.0
80642,2344689.0
80643,8904084.0
80644,6941173.0
80645,2025297.0
80646,5595267.0
80647,3939804.0
80648,3351383.0
80649,4952255.0
80650,3727364.0
80651,1847826.0
80652,3939804.0
80653,2058644.0
80654,2021934.0
80655,1904842.0
80656,3410878.0
80657,2344689.0
80658,1999097.0
80659,2058644.0
80660,1882131.0
80661,4807746.0
80662,3982767.0
80663,3752885.0
80664,3410878.0
80665,2097022.0
80666,3199619.0
80667,3600467.0
80668,6782425.0
80669,5017319.0
80670,9262754.0
80671,4067566.0
80672,4491607.0
80673,1882131.0
80674,3347767.0
80675,3351383.0
80676,1149870.0
80677,2018785.0
80678,7217634.0
80679,1763231.0
80680,3727364.0
80681,3004429.0
80682,2083447.0
80683,2371202.0
80684,3600467.0
80685,8213524.0
80686,2993069.0
80687,7865428.0
80688,2383840.0
80689,2025297.0
80690,9262754.0
80691,3199619.0
80692,2390534.0
80693,2390534.0
80694,7592272.0
80695,1619683.0
80696,3939804.0
80697,3836721.0
80698,6941173.0
80699,3447890.0
80700,2390534.0
80701,1756069.0
80702,9652350.0
80703,2021934.0
80704,2021934.0
80705,4250553.0
80706,3745135.0
80707,1756069.0
80708,1149870.0
80709,2675511.0
80710,3028267.0
80711,6412623.0
80712,3199619.0
80713,3727364.0
80714,2390534.0
80715,4263629.0
80716,3004429.0
80717,2344689.0
80718,4067566.0
80719,2390534.0
80720,4350573.0
80721,4807746.0
80722,4250553.0
80723,2267425.0
80724,4250758.0
80725,4316715.0
80726,2021934.0
80727,2999068.0
80728,1882131.0
80729,3410878.0
80730,6836483.0
80731,2058644.0
80732,3982767.0
80733,4052733.0
80734,4807746.0
80735,1756069.0
80736,4952255.0
80737,6941173.0
80738,7865428.0
80739,4052733.0
80740,2390534.0
80741,3956086.0
80742,2097022.0
80743,2058644.0
80744,2364478.0
80745,3410878.0
80746,3273041.0
80747,1763231.0
80748,2525375.0
80749,4705945.0
80750,2058644.0
80751,3871344.0
80752,4467728.0
80753,3410878.0
80754,3956086.0
80755,4780607.0
80756,5017319.0
80757,4263629.0
80758,3600467.0
80759,5444227.0
80760,3008199.0
80761,1619683.0
80762,3939804.0
80763,3956086.0
80764,3426169.0
80765,3410878.0
80766,2344689.0
80767,3727364.0
80768,1734634.0
80769,6313221.0
80770,3248660.0
80771,2732645.0
80772,2021934.0
80773,4554237.0
80774,2954086.0
80775,2999068.0
80776,2792031.0
80777,3836721.0
80778,3982767.0
80779,2267425.0
80780,2021934.0
80781,2267425.0
80782,3258837.0
80783,3982767.0
80784,3376145.0
80785,2551252.0
80786,2390534.0
80787,2021934.0
80788,3410878.0
80789,3273041.0
80790,2267425.0
80791,2792031.0
80792,4052733.0
80793,1882131.0
80794,2344689.0
80795,1847826.0
80796,2018785.0
80797,3008199.0
80798,4467728.0
80799,2156098.0
80800,5017319.0
80801,4286645.0
80802,2344689.0
80803,2390534.0
80804,7495092.0
80805,3780019.0
80806,3982767.0
80807,4882985.0
80808,2018785.0
80809,4467728.0
80810,4350573.0
80811,3351383.0
80812,5500818.0
80813,4066618.0
80814,4705945.0
80815,4052733.0
80816,6923131.0
80817,3426169.0
80818,4952255.0
80819,7217634.0
80820,4067566.0
80821,3258837.0
80822,1904842.0
80823,2344689.0
80824,2344689.0
80825,4015749.0
80826,2267425.0
80827,4590423.0
80828,2058644.0
80829,2544857.0
80830,3780019.0
80831,4067566.0
80832,2544857.0
80833,6941173.0
80834,5525735.0
80835,4250553.0
80836,3810007.0
80837,3600467.0
80838,7865428.0
80839,3248660.0
80840,2156098.0
80841,6923131.0
80842,4264176.0
80843,3600467.0
80844,2055379.0
80845,1756069.0
80846,4316715.0
80847,3982767.0
80848,2055379.0
80849,5906596.0
80850,3426169.0
80851,6694797.0
80852,2156098.0
80853,2954086.0
80854,7217634.0
80855,4554237.0
80856,4015749.0
80857,4250758.0
80858,3600467.0
80859,3351383.0
80860,3028267.0
80861,4554237.0
80862,7495092.0
80863,6694797.0
80864,2954086.0
80865,4066618.0
80866,1999097.0
80867,3778621.0
80868,4705945.0
80869,3028267.0
80870,3351383.0
80871,5787594.0
80872,1149870.0
80873,6313221.0
80874,4554237.0
80875,1882131.0
80876,3447890.0
80877,2058644.0
80878,3982767.0
80879,2525375.0
80880,4067566.0
80881,3745135.0
80882,4155435.0
80883,2390534.0
80884,6782425.0
80885,3807496.0
80886,7201784.0
80887,1904842.0
80888,3410878.0
80889,4952255.0
80890,2025297.0
80891,2544857.0
80892,2344689.0
80893,2097022.0
80894,4350573.0
80895,2097022.0
80896,4067566.0
80897,2021934.0
80898,7592272.0
80899,2544857.0
80900,2018785.0
80901,4554237.0
80902,6313221.0
80903,1999097.0
80904,3982767.0
80905,1149870.0
80906,4066618.0
80907,3600467.0
80908,2525375.0
80909,3727364.0
80910,1619683.0
80911,2371202.0
80912,1999097.0
80913,3410878.0
80914,2097022.0
80915,1882131.0
80916,1999097.0
80917,1149870.0
80918,3426169.0
80919,2993069.0
80920,3351383.0
80921,2544857.0
80922,9262754.0
80923,2525375.0
80924,4705945.0
80925,3004429.0
80926,2058644.0
80927,2551252.0
80928,3939804.0
80929,2097022.0
80930,5525735.0
80931,4250553.0
80932,1270499.0
80933,2018785.0
80934,3351383.0
80935,2018785.0
80936,1270499.0
80937,3004429.0
80938,4250553.0
80939,2732645.0
80940,2097022.0
80941,3347767.0
80942,3452382.0
80943,1763231.0
80944,2544857.0
80945,2025297.0
80946,3351383.0
80947,2999068.0
80948,1270499.0
80949,2738052.0
80950,8213524.0
80951,2954086.0
80952,5595267.0
80953,6412623.0
80954,6694797.0
80955,4263629.0
80956,3447890.0
80957,3004429.0
80958,2021934.0
80959,2732645.0
80960,4264176.0
80961,3410878.0
80962,4888774.0
80963,2344689.0
80964,7592272.0
80965,4066618.0
80966,4952255.0
80967,2525375.0
80968,3004429.0
80969,8904084.0
80970,1882131.0
80971,4888774.0
80972,2551252.0
80973,3351383.0
80974,2344689.0
80975,5500818.0
80976,2993069.0
80977,3347767.0
80978,2156098.0
80979,1734634.0
80980,6923131.0
80981,5166635.0
80982,4807746.0
80983,3347767.0
80984,1270499.0
80985,5444227.0
80986,2371202.0
80987,2058644.0
80988,2344689.0
80989,3982767.0
80990,6694797.0
80991,1619683.0
80992,4491607.0
80993,1756069.0
80994,1149870.0
80995,2732645.0
80996,2999068.0
80997,1847826.0
80998,1882131.0
80999,4952255.0
81000,3753720.0
81001,2055379.0
81002,2675511.0
81003,3752885.0
81004,2097022.0
81005,1149870.0
81006,1270499.0
81007,8894598.0
81008,5595267.0
81009,3818055.0
81010,4491607.0
81011,1999097.0
81012,13575224.0
81013,7865428.0
81014,2344689.0
81015,4952255.0
81016,7592272.0
81017,1734634.0
81018,2675511.0
81019,6941173.0
81020,3258837.0
81021,3903884.0
81022,3745135.0
81023,2525375.0
81024,3164972.0
81025,3447890.0
81026,4491607.0
81027,4491607.0
81028,4491607.0
81029,7201784.0
81030,2344689.0
81031,5337526.0
81032,2021934.0
81033,4590423.0
81034,3752885.0
81035,1149870.0
81036,8213524.0
81037,4052733.0
81038,2390534.0
81039,3004429.0
81040,1149870.0
81041,3347767.0
81042,2993069.0
81043,1619683.0
81044,4250553.0
81045,3410878.0
81046,5525735.0
81047,2738052.0
81048,3351383.0
81049,3410878.0
81050,2021934.0
81051,1619683.0
81052,3273041.0
81053,3600467.0
81054,2025297.0
81055,6923131.0
81056,8213524.0
81057,5787594.0
81058,4250758.0
81059,2021934.0
81060,4015749.0
81061,3727364.0
81062,6941173.0
81063,2390534.0
81064,6363241.0
81065,2058644.0
81066,6363241.0
81067,7592272.0
81068,3982767.0
81069,1999097.0
81070,4250553.0
81071,2344689.0
81072,9262754.0
81073,3351383.0
81074,1999097.0
81075,1904842.0
81076,1999097.0
81077,1756069.0
81078,2058644.0
81079,1619683.0
81080,4015749.0
81081,4250758.0
81082,3727364.0
81083,3347767.0
81084,1734634.0
81085,2344689.0
81086,3836721.0
81087,5595267.0
81088,1734634.0
81089,3727364.0
81090,2055379.0
81091,3982767.0
81092,4780607.0
81093,8213524.0
81094,2675511.0
81095,2058644.0
81096,5595267.0
81097,5525735.0
81098,2740687.0
81099,3004429.0
81100,1270499.0
81101,1999097.0
81102,3376145.0
81103,2344689.0
81104,3376145.0
81105,1270499.0
81106,1270499.0
81107,1756069.0
81108,4264176.0
81109,2675511.0
81110,3810007.0
81111,3347767.0
81112,3745135.0
81113,4250553.0
81114,1619683.0
81115,1756069.0
81116,2058644.0
81117,3004429.0
81118,9262754.0
81119,6313221.0
81120,2954086.0
81121,1619683.0
81122,5435276.0
81123,5286212.0
81124,2021934.0
81125,2792031.0
81126,6836483.0
81127,4264176.0
81128,4250553.0
81129,3753720.0
81130,2551252.0
81131,9262754.0
81132,1756069.0
81133,1270499.0
81134,5595267.0
81135,8213524.0
81136,1756069.0
81137,2371202.0
81138,2954086.0
81139,1756069.0
81140,6941173.0
81141,5500818.0
81142,3028267.0
81143,3410878.0
81144,2097022.0
81145,2390534.0
81146,3939804.0
81147,5653753.0
81148,3410878.0
81149,4219263.0
81150,4250758.0
81151,2058644.0
81152,2021934.0
81153,1756069.0
81154,3753720.0
81155,3004429.0
81156,2738052.0
81157,2083447.0
81158,3452382.0
81159,3008199.0
81160,2267425.0
81161,4015749.0
81162,3410878.0
81163,7865428.0
81164,1882131.0
81165,1149870.0
81166,2021934.0
81167,1619683.0
81168,3753720.0
81169,3004429.0
81170,3410878.0
81171,3600467.0
81172,3410878.0
81173,5166635.0
81174,3004429.0
81175,1734634.0
81176,2097022.0
81177,5500818.0
81178,2344689.0
81179,1270499.0
81180,3218918.0
81181,5966193.0
81182,1756069.0
81183,5906596.0
81184,3028267.0
81185,6941173.0
81186,2055379.0
81187,2021934.0
81188,2344689.0
81189,1999097.0
81190,4219263.0
81191,5461700.0
81192,4015749.0
81193,2025297.0
81194,4263629.0
81195,2344689.0
81196,3752885.0
81197,1847826.0
81198,3447890.0
81199,3347767.0
81200,7217634.0
81201,3818055.0
81202,2732645.0
81203,2058644.0
81204,4250758.0
81205,2525375.0
81206,3982767.0
81207,5500818.0
81208,4066618.0
81209,2097022.0
81210,8213524.0
81211,2021934.0
81212,2344689.0
81213,6313221.0
81214,3004429.0
81215,4015749.0
81216,1904842.0
81217,3982767.0
81218,2021934.0
81219,6694797.0
81220,3410878.0
81221,1756069.0
81222,2083447.0
81223,5595267.0
81224,3351383.0
81225,1999097.0
81226,1619683.0
81227,1999097.0
81228,3778621.0
81229,2097022.0
81230,5595267.0
81231,4467728.0
81232,7592272.0
81233,2058644.0
81234,4491607.0
81235,5525735.0
81236,2390534.0
81237,1999097.0
81238,4100886.0
81239,1619683.0
81240,2021934.0
81241,2544857.0
81242,4590423.0
81243,6923131.0
81244,3752885.0
81245,3199619.0
81246,2390534.0
81247,2738052.0
81248,3956086.0
81249,1847826.0
81250,2058644.0
81251,4467728.0
81252,3745135.0
81253,7592272.0
81254,2083447.0
81255,3351383.0
81256,2551252.0
81257,7201784.0
81258,3956086.0
81259,2344689.0
81260,3199619.0
81261,2055379.0
81262,3351383.0
81263,2097022.0
81264,3982767.0
81265,2344689.0
81266,3956086.0
81267,2097022.0
81268,6313221.0
81269,1756069.0
81270,3004429.0
81271,7495092.0
81272,2058644.0
81273,5461700.0
81274,3410878.0
81275,3836721.0
81276,4590423.0
81277,4705945.0
81278,3248660.0
81279,8213524.0
81280,3410878.0
81281,2021934.0
81282,3004429.0
81283,2390534.0
81284,2018785.0
81285,3351383.0
81286,6694797.0
81287,2371202.0
81288,5525735.0
81289,2544857.0
81290,1756069.0
81291,6941173.0
81292,3258837.0
81293,3008199.0
81294,4316715.0
81295,2738052.0
81296,1847826.0
81297,2344689.0
81298,5525735.0
81299,3745135.0
81300,2390534.0
81301,3004429.0
81302,3753720.0
81303,2097022.0
81304,4066618.0
81305,3600467.0
81306,3347767.0
81307,2018785.0
81308,3347767.0
81309,1999097.0
81310,4705945.0
81311,2055379.0
81312,8213524.0
81313,5595267.0
81314,3004429.0
81315,3347767.0
81316,3780019.0
81317,1756069.0
81318,4219263.0
81319,3780019.0
81320,4350573.0
81321,1619683.0
81322,2267425.0
81323,7217634.0
81324,2156098.0
81325,2344689.0
81326,4052733.0
81327,3410878.0
81328,5595267.0
81329,2993069.0
81330,3939804.0
81331,1619683.0
81332,1999097.0
81333,4015749.0
81334,4807746.0
81335,3836721.0
81336,2551252.0
81337,6782425.0
81338,4780607.0
81339,1847826.0
81340,1734634.0
81341,3982767.0
81342,2544857.0
81343,1734634.0
81344,2021934.0
81345,5500818.0
81346,1847826.0
81347,4219263.0
81348,3778621.0
81349,2018785.0
81350,3410878.0
81351,2551252.0
81352,2021934.0
81353,2390534.0
81354,2390534.0
81355,2551252.0
81356,4316715.0
81357,2383840.0
81358,2544857.0
81359,3939804.0
81360,2058644.0
81361,2018785.0
81362,3780019.0
81363,2999068.0
81364,1756069.0
81365,2525375.0
81366,6363241.0
81367,6923131.0
81368,2058644.0
81369,2018785.0
81370,4807746.0
81371,6836483.0
81372,4067566.0
81373,5500818.0
81374,7217634.0
81375,3351383.0
81376,4705945.0
81377,6313221.0
81378,2525375.0
81379,3745135.0
81380,3004429.0
81381,1149870.0
81382,3004429.0
81383,1149870.0
81384,9262754.0
81385,1619683.0
81386,3410878.0
81387,1270499.0
81388,3248660.0
81389,7865428.0
81390,1149870.0
81391,3939804.0
81392,3745135.0
81393,1270499.0
81394,4888774.0
81395,2058644.0
81396,3028267.0
81397,5525735.0
81398,2738052.0
81399,3004429.0
81400,8213524.0
81401,2021934.0
81402,2097022.0
81403,4780607.0
81404,4316715.0
81405,7217634.0
81406,3410878.0
81407,5017319.0
81408,2390534.0
81409,2738052.0
81410,3410878.0
81411,1270499.0
81412,5906596.0
81413,4015749.0
81414,3273041.0
81415,4263629.0
81416,3600467.0
81417,2021934.0
81418,2390534.0
81419,3351383.0
81420,4590423.0
81421,2018785.0
81422,1999097.0
81423,2344689.0
81424,2999068.0
81425,3982767.0
81426,3982767.0
81427,8894598.0
81428,2018785.0
81429,1270499.0
81430,7865428.0
81431,6313221.0
81432,2058644.0
81433,4554237.0
81434,6694797.0
81435,1270499.0
81436,3752885.0
81437,5787594.0
81438,1904842.0
81439,4467728.0
81440,5595267.0
81441,2097022.0
81442,1734634.0
81443,1619683.0
81444,4067566.0
81445,2267425.0
81446,1619683.0
81447,4590423.0
81448,4554237.0
81449,1149870.0
81450,1734634.0
81451,8894598.0
81452,6782425.0
81453,6941173.0
81454,2993069.0
81455,3258837.0
81456,3939804.0
81457,1270499.0
81458,1756069.0
81459,3452382.0
81460,5444227.0
81461,3727364.0
81462,3351383.0
81463,3199619.0
81464,6313221.0
81465,1847826.0
81466,2021934.0
81467,4015749.0
81468,2267425.0
81469,2021934.0
81470,2021934.0
81471,3248660.0
81472,2055379.0
81473,2738052.0
81474,3218918.0
81475,2551252.0
81476,2018785.0
81477,6694797.0
81478,2058644.0
81479,2058644.0
81480,4554237.0
81481,6923131.0
81482,2055379.0
81483,3004429.0
81484,1149870.0
81485,3347767.0
81486,9652350.0
81487,2344689.0
81488,4491607.0
81489,2097022.0
81490,2156098.0
81491,3199619.0
81492,4491607.0
81493,4015749.0
81494,7217634.0
81495,2344689.0
81496,4467728.0
81497,3836721.0
81498,8904084.0
81499,8630682.0
81500,3347767.0
81501,2344689.0
81502,4067566.0
81503,1904842.0
81504,3447890.0
81505,5444227.0
81506,1999097.0
81507,4067566.0
81508,7217634.0
81509,7495092.0
81510,3351383.0
81511,5595267.0
81512,3426169.0
81513,3410878.0
81514,3273041.0
81515,3600467.0
81516,4316715.0
81517,2551252.0
81518,5595267.0
81519,3982767.0
81520,1847826.0
81521,2083447.0
81522,4888774.0
81523,1882131.0
81524,5166635.0
81525,1270499.0
81526,2058644.0
81527,5435276.0
81528,3727364.0
81529,4952255.0
81530,1756069.0
81531,3410878.0
81532,1904842.0
81533,3780019.0
81534,3982767.0
81535,2954086.0
81536,2055379.0
81537,3248660.0
81538,7592272.0
81539,2525375.0
81540,5525735.0
81541,2544857.0
81542,2732645.0
81543,5787594.0
81544,2021934.0
81545,4250553.0
81546,2097022.0
81547,2344689.0
81548,2058644.0
81549,1999097.0
81550,3778621.0
81551,4052733.0
81552,6412623.0
81553,4067566.0
81554,7495092.0
81555,8904084.0
81556,3745135.0
81557,8213524.0
81558,3248660.0
81559,7865428.0
81560,4136425.0
81561,2018785.0
81562,2058644.0
81563,1756069.0
81564,3347767.0
81565,6941173.0
81566,3600467.0
81567,4264176.0
81568,1734634.0
81569,2675511.0
81570,3410878.0
81571,1619683.0
81572,5595267.0
81573,1847826.0
81574,3376145.0
81575,1619683.0
81576,2371202.0
81577,3261924.0
81578,2551252.0
81579,6941173.0
81580,3818055.0
81581,3199619.0
81582,7592272.0
81583,2083447.0
81584,4467728.0
81585,1763231.0
81586,5166635.0
81587,2058644.0
81588,2021934.0
81589,4491607.0
81590,3004429.0
81591,2792031.0
81592,4952255.0
81593,2097022.0
81594,3248660.0
81595,2055379.0
81596,3376145.0
81597,3258837.0
81598,2993069.0
81599,2021934.0
81600,1619683.0
81601,3903884.0
81602,3410878.0
81603,1734634.0
81604,3351383.0
81605,3410878.0
81606,7592272.0
81607,8213524.0
81608,4052733.0
81609,3410878.0
81610,2371202.0
81611,2021934.0
81612,2544857.0
81613,4780607.0
81614,3836721.0
81615,6694797.0
81616,6694797.0
81617,4780607.0
81618,1619683.0
81619,1756069.0
81620,13575224.0
81621,2344689.0
81622,3752885.0
81623,3351383.0
81624,2097022.0
81625,4100886.0
81626,6363241.0
81627,3347767.0
81628,7495092.0
81629,5906596.0
81630,4491607.0
81631,1756069.0
81632,3939804.0
81633,8213524.0
81634,3982767.0
81635,3347767.0
81636,2544857.0
81637,4263629.0
81638,4263629.0
81639,5161370.0
81640,2364478.0
81641,2058644.0
81642,4554237.0
81643,3939804.0
81644,3982767.0
81645,4219263.0
81646,7201784.0
81647,3410878.0
81648,2344689.0
81649,4067566.0
81650,1756069.0
81651,2675511.0
81652,5787594.0
81653,5500818.0
81654,6363241.0
81655,4780607.0
81656,2156098.0
81657,3780019.0
81658,1999097.0
81659,2344689.0
81660,1270499.0
81661,8213524.0
81662,8213524.0
81663,2021934.0
81664,4219263.0
81665,2021934.0
81666,9262754.0
81667,2732645.0
81668,2390534.0
81669,2390534.0
81670,2390534.0
81671,6313221.0
81672,2993069.0
81673,1904842.0
81674,3351383.0
81675,1882131.0
81676,2544857.0
81677,6694797.0
81678,3218918.0
81679,2021934.0
81680,4264176.0
81681,3410878.0
81682,1999097.0
81683,3004429.0
81684,4882985.0
81685,2018785.0
81686,3426169.0
81687,6941173.0
81688,4590423.0
81689,2021934.0
81690,1619683.0
81691,4286645.0
81692,2018785.0
81693,5595267.0
81694,1847826.0
81695,1149870.0
81696,1756069.0
81697,2021934.0
81698,7217634.0
81699,1149870.0
81700,6363241.0
81701,1882131.0
81702,3410878.0
81703,7592272.0
81704,8213524.0
81705,5595267.0
81706,3351383.0
81707,2364478.0
81708,8213524.0
81709,2993069.0
81710,6836483.0
81711,4066618.0
81712,8213524.0
81713,4705945.0
81714,1882131.0
81715,2018785.0
81716,4067566.0
81717,8904084.0
81718,4066618.0
81719,2018785.0
81720,2525375.0
81721,2097022.0
81722,1619683.0
81723,4705945.0
81724,2097022.0
81725,3028267.0
81726,2738052.0
81727,4491607.0
81728,1756069.0
81729,4952255.0
81730,2344689.0
81731,3784230.0
81732,4350573.0
81733,1999097.0
81734,3778621.0
81735,3956086.0
81736,2675511.0
81737,2021934.0
81738,3807496.0
81739,2525375.0
81740,7495092.0
81741,2675511.0
81742,3570392.0
81743,1999097.0
81744,1270499.0
81745,4952255.0
81746,1847826.0
81747,3982767.0
81748,4250758.0
81749,2525375.0
81750,2954086.0
81751,7592272.0
81752,4952255.0
81753,7217634.0
81754,7495092.0
81755,2097022.0
81756,1756069.0
81757,3218918.0
81758,1756069.0
81759,3004429.0
81760,2025297.0
81761,4705945.0
81762,5435276.0
81763,8213524.0
81764,2267425.0
81765,1999097.0
81766,3956086.0
81767,1999097.0
81768,1270499.0
81769,3753720.0
81770,3836721.0
81771,3447890.0
81772,2371202.0
81773,3199619.0
81774,6836483.0
81775,4491607.0
81776,2675511.0
81777,1847826.0
81778,1763231.0
81779,2390534.0
81780,6412623.0
81781,3956086.0
81782,3727364.0
81783,2021934.0
81784,2390534.0
81785,3600467.0
81786,1999097.0
81787,1999097.0
81788,3745135.0
81789,2675511.0
81790,3939804.0
81791,1619683.0
81792,4705945.0
81793,3745135.0
81794,1270499.0
81795,3903884.0
81796,4350573.0
81797,2097022.0
81798,3752885.0
81799,3982767.0
81800,2344689.0
81801,3982767.0
81802,3004429.0
81803,2954086.0
81804,1756069.0
81805,2390534.0
81806,3752885.0
81807,5525735.0
81808,2525375.0
81809,2156098.0
81810,2018785.0
81811,5525735.0
81812,3939804.0
81813,2344689.0
81814,2097022.0
81815,1756069.0
81816,2097022.0
81817,6694797.0
81818,3410878.0
81819,2544857.0
81820,3600467.0
81821,7865428.0
81822,2097022.0
81823,3273041.0
81824,3600467.0
81825,3410878.0
81826,3351383.0
81827,3004429.0
81828,2792031.0
81829,3351383.0
81830,13575224.0
81831,4100886.0
81832,2055379.0
81833,7592272.0
81834,3347767.0
81835,5500818.0
81836,3426169.0
81837,2344689.0
81838,1904842.0
81839,7217634.0
81840,2525375.0
81841,2055379.0
81842,4952255.0
81843,5017319.0
81844,4952255.0
81845,1847826.0
81846,8213524.0
81847,2390534.0
81848,1904842.0
81849,3447890.0
81850,2675511.0
81851,2344689.0
81852,3410878.0
81853,1882131.0
81854,6313221.0
81855,3939804.0
81856,3410878.0
81857,3347767.0
81858,3745135.0
81859,3982767.0
81860,5017319.0
81861,4100886.0
81862,1149870.0
81863,2344689.0
81864,5595267.0
81865,3982767.0
81866,4250553.0
81867,3426169.0
81868,3600467.0
81869,2097022.0
81870,5166635.0
81871,3351383.0
81872,3347767.0
81873,3028267.0
81874,4100886.0
81875,3600467.0
81876,3939804.0
81877,4651866.0
81878,3004429.0
81879,3347767.0
81880,1149870.0
81881,3376145.0
81882,2058644.0
81883,2544857.0
81884,3780019.0
81885,1270499.0
81886,4250553.0
81887,4052733.0
81888,8213524.0
81889,7865428.0
81890,2344689.0
81891,2344689.0
81892,1756069.0
81893,1882131.0
81894,4052733.0
81895,5017319.0
81896,3447890.0
81897,4250553.0
81898,6313221.0
81899,5444227.0
81900,3745135.0
81901,3752885.0
81902,3778621.0
81903,8213524.0
81904,2371202.0
81905,2732645.0
81906,16549064.0
81907,3351383.0
81908,3727364.0
81909,7592272.0
81910,3727364.0
81911,2344689.0
81912,1734634.0
81913,3028267.0
81914,8213524.0
81915,6941173.0
81916,7592272.0
81917,8213524.0
81918,2675511.0
81919,3447890.0
81920,1270499.0
81921,3410878.0
81922,2544857.0
81923,4554237.0
81924,6313221.0
81925,3752885.0
81926,4780607.0
81927,2371202.0
81928,4067566.0
81929,4052733.0
81930,3004429.0
81931,4067566.0
81932,6941173.0
81933,1619683.0
81934,3351383.0
81935,4491607.0
81936,2954086.0
81937,2390534.0
81938,4264176.0
81939,2792031.0
81940,2267425.0
81941,2738052.0
81942,2344689.0
81943,3600467.0
81944,3347767.0
81945,7592272.0
81946,3778621.0
81947,3600467.0
81948,6694797.0
81949,4250553.0
81950,1756069.0
81951,3982767.0
81952,3347767.0
81953,2021934.0
81954,2156098.0
81955,3273041.0
81956,2675511.0
81957,1763231.0
81958,1149870.0
81959,6363241.0
81960,2267425.0
81961,8213524.0
81962,2551252.0
81963,3600467.0
81964,5286212.0
81965,4554237.0
81966,2390534.0
81967,3903884.0
81968,1847826.0
81969,1999097.0
81970,2025297.0
81971,4554237.0
81972,4705945.0
81973,3956086.0
81974,3410878.0
81975,4066618.0
81976,4807746.0
81977,1149870.0
81978,2525375.0
81979,7865428.0
81980,5017319.0
81981,2083447.0
81982,7865428.0
81983,7495092.0
81984,6313221.0
81985,2551252.0
81986,3753720.0
81987,3778621.0
81988,4807746.0
81989,2156098.0
81990,3956086.0
81991,3426169.0
81992,2021934.0
81993,2344689.0
81994,5595267.0
81995,1999097.0
81996,6313221.0
81997,8213524.0
81998,3752885.0
81999,5444227.0
82000,1270499.0
82001,1149870.0
82002,4286645.0
82003,7865428.0
82004,2018785.0
82005,2021934.0
82006,6694797.0
82007,3752885.0
82008,1999097.0
82009,2267425.0
82010,1619683.0
82011,3347767.0
82012,3836721.0
82013,2383840.0
82014,4491607.0
82015,3004429.0
82016,2097022.0
82017,4882985.0
82018,5595267.0
82019,2058644.0
82020,2738052.0
82021,2344689.0
82022,4015749.0
82023,7592272.0
82024,4882985.0
82025,2544857.0
82026,9652350.0
82027,2390534.0
82028,2344689.0
82029,7865428.0
82030,3956086.0
82031,1756069.0
82032,3164972.0
82033,6363241.0
82034,4554237.0
82035,1847826.0
82036,5435276.0
82037,4491607.0
82038,2544857.0
82039,6412623.0
82040,1847826.0
82041,3351383.0
82042,3199619.0
82043,2021934.0
82044,1999097.0
82045,9652350.0
82046,5595267.0
82047,2021934.0
82048,4429512.0
82049,4491607.0
82050,3410878.0
82051,2390534.0
82052,1999097.0
82053,3351383.0
82054,3347767.0
82055,3426169.0
82056,9262754.0
82057,8213524.0
82058,2021934.0
82059,1619683.0
82060,4015749.0
82061,4052733.0
82062,1847826.0
82063,3939804.0
82064,2055379.0
82065,4590423.0
82066,2018785.0
82067,3600467.0
82068,3836721.0
82069,3939804.0
82070,4250553.0
82071,2058644.0
82072,3447890.0
82073,4066618.0
82074,1270499.0
82075,6313221.0
82076,3778621.0
82077,2018785.0
82078,6313221.0
82079,4780607.0
82080,2344689.0
82081,4052733.0
82082,2344689.0
82083,1882131.0
82084,5500818.0
82085,3004429.0
82086,9262754.0
82087,4316715.0
82088,8630682.0
82089,3447890.0
82090,2097022.0
82091,2954086.0
82092,2021934.0
82093,2021934.0
82094,2021934.0
82095,7592272.0
82096,3753720.0
82097,2018785.0
82098,1270499.0
82099,2097022.0
82100,3273041.0
82101,3447890.0
82102,7217634.0
82103,1847826.0
82104,4705945.0
82105,1882131.0
82106,1756069.0
82107,3347767.0
82108,1149870.0
82109,3004429.0
82110,2025297.0
82111,5595267.0
82112,1756069.0
82113,4219263.0
82114,3939804.0
82115,4952255.0
82116,2058644.0
82117,5500818.0
82118,2792031.0
82119,2058644.0
82120,1999097.0
82121,1847826.0
82122,1999097.0
82123,6923131.0
82124,1756069.0
82125,1756069.0
82126,1756069.0
82127,4491607.0
82128,2097022.0
82129,3727364.0
82130,1149870.0
82131,1149870.0
82132,2156098.0
82133,3426169.0
82134,4467728.0
82135,3780019.0
82136,4590423.0
82137,4100886.0
82138,2344689.0
82139,4429512.0
82140,1756069.0
82141,5595267.0
82142,5906596.0
82143,2097022.0
82144,3982767.0
82145,2344689.0
82146,4491607.0
82147,3410878.0
82148,6363241.0
82149,2097022.0
82150,1763231.0
82151,4155435.0
82152,2055379.0
82153,5444227.0
82154,2954086.0
82155,2675511.0
82156,5595267.0
82157,3600467.0
82158,2021934.0
82159,6412623.0
82160,3939804.0
82161,3258837.0
82162,2097022.0
82163,4491607.0
82164,2097022.0
82165,2058644.0
82166,3836721.0
82167,2021934.0
82168,5017319.0
82169,4554237.0
82170,5595267.0
82171,2344689.0
82172,3004429.0
82173,7495092.0
82174,2364478.0
82175,4705945.0
82176,8213524.0
82177,4554237.0
82178,4250553.0
82179,1619683.0
82180,2021934.0
82181,6412623.0
82182,2390534.0
82183,1999097.0
82184,3218918.0
82185,3982767.0
82186,6412623.0
82187,2156098.0
82188,1999097.0
82189,4429512.0
82190,8894598.0
82191,3745135.0
82192,7592272.0
82193,3836721.0
82194,3248660.0
82195,2344689.0
82196,5595267.0
82197,4015749.0
82198,4491607.0
82199,3752885.0
82200,3028267.0
82201,4066618.0
82202,3447890.0
82203,6836483.0
82204,4554237.0
82205,1270499.0
82206,3004429.0
82207,7592272.0
82208,2371202.0
82209,8213524.0
82210,4491607.0
82211,2058644.0
82212,2344689.0
82213,3778621.0
82214,2993069.0
82215,3248660.0
82216,1270499.0
82217,3745135.0
82218,2018785.0
82219,1904842.0
82220,6363241.0
82221,5435276.0
82222,3351383.0
82223,6836483.0
82224,3351383.0
82225,3028267.0
82226,5017319.0
82227,1756069.0
82228,4780607.0
82229,3261924.0
82230,2525375.0
82231,4136425.0
82232,3745135.0
82233,5461700.0
82234,4491607.0
82235,2025297.0
82236,2792031.0
82237,2675511.0
82238,7495092.0
82239,2018785.0
82240,3778621.0
82241,3939804.0
82242,3028267.0
82243,3199619.0
82244,2156098.0
82245,3939804.0
82246,3778621.0
82247,1619683.0
82248,4316715.0
82249,6836483.0
82250,1756069.0
82251,4250553.0
82252,6412623.0
82253,4264176.0
82254,3836721.0
82255,2544857.0
82256,3410878.0
82257,4100886.0
82258,6941173.0
82259,2993069.0
82260,3410878.0
82261,1756069.0
82262,3347767.0
82263,5595267.0
82264,2344689.0
82265,3028267.0
82266,2097022.0
82267,6694797.0
82268,7495092.0
82269,3982767.0
82270,2383840.0
82271,1882131.0
82272,1270499.0
82273,2993069.0
82274,6313221.0
82275,3218918.0
82276,3351383.0
82277,3447890.0
82278,5595267.0
82279,4100886.0
82280,8904084.0
82281,7217634.0
82282,9262754.0
82283,4491607.0
82284,9262754.0
82285,3347767.0
82286,2732645.0
82287,2344689.0
82288,5017319.0
82289,5166635.0
82290,3982767.0
82291,6694797.0
82292,4350573.0
82293,1149870.0
82294,5595267.0
82295,4052733.0
82296,1619683.0
82297,2371202.0
82298,3258837.0
82299,3745135.0
82300,7592272.0
82301,4067566.0
82302,1847826.0
82303,4067566.0
82304,3218918.0
82305,3600467.0
82306,1270499.0
82307,3351383.0
82308,6313221.0
82309,3836721.0
82310,3004429.0
82311,3600467.0
82312,1999097.0
82313,2740687.0
82314,3426169.0
82315,2021934.0
82316,7865428.0
82317,5595267.0
82318,1847826.0
82319,6412623.0
82320,5500818.0
82321,2097022.0
82322,5595267.0
82323,1149870.0
82324,3004429.0
82325,8213524.0
82326,9652350.0
82327,5653753.0
82328,2344689.0
82329,4952255.0
82330,4219263.0
82331,3004429.0
82332,4316715.0
82333,2390534.0
82334,2371202.0
82335,3351383.0
82336,1847826.0
82337,3376145.0
82338,3004429.0
82339,2732645.0
82340,7495092.0
82341,3347767.0
82342,1149870.0
82343,2371202.0
82344,7217634.0
82345,2344689.0
82346,3004429.0
82347,2371202.0
82348,3258837.0
82349,3600467.0
82350,5500818.0
82351,2021934.0
82352,8213524.0
82353,2021934.0
82354,1756069.0
82355,4705945.0
82356,4780607.0
82357,6836483.0
82358,2792031.0
82359,4952255.0
82360,4052733.0
82361,2267425.0
82362,2364478.0
82363,3410878.0
82364,3600467.0
82365,3004429.0
82366,2021934.0
82367,1882131.0
82368,1149870.0
82369,4015749.0
82370,2390534.0
82371,3727364.0
82372,1619683.0
82373,2018785.0
82374,6941173.0
82375,3410878.0
82376,2993069.0
82377,2344689.0
82378,3600467.0
82379,4066618.0
82380,2058644.0
82381,3982767.0
82382,3248660.0
82383,1149870.0
82384,2097022.0
82385,4888774.0
82386,1619683.0
82387,3836721.0
82388,2058644.0
82389,6923131.0
82390,6941173.0
82391,4015749.0
82392,3426169.0
82393,2021934.0
82394,6836483.0
82395,2018785.0
82396,2675511.0
82397,9262754.0
82398,4590423.0
82399,2371202.0
82400,1882131.0
82401,6363241.0
82402,4015749.0
82403,1149870.0
82404,5525735.0
82405,2390534.0
82406,1999097.0
82407,4052733.0
82408,1149870.0
82409,6941173.0
82410,5595267.0
82411,3004429.0
82412,5435276.0
82413,5906596.0
82414,1756069.0
82415,2097022.0
82416,6313221.0
82417,2344689.0
82418,4807746.0
82419,2058644.0
82420,4705945.0
82421,1149870.0
82422,4491607.0
82423,2371202.0
82424,1270499.0
82425,1847826.0
82426,2390534.0
82427,2993069.0
82428,4219263.0
82429,3939804.0
82430,2390534.0
82431,2055379.0
82432,1756069.0
82433,2055379.0
82434,6836483.0
82435,3727364.0
82436,2267425.0
82437,1999097.0
82438,6694797.0
82439,1149870.0
82440,3600467.0
82441,4136425.0
82442,5337526.0
82443,3004429.0
82444,3347767.0
82445,2675511.0
82446,9262754.0
82447,2383840.0
82448,1270499.0
82449,8904084.0
82450,3261924.0
82451,2055379.0
82452,3752885.0
82453,4491607.0
82454,4554237.0
82455,4015749.0
82456,3410878.0
82457,4250553.0
82458,4554237.0
82459,3258837.0
82460,5435276.0
82461,3376145.0
82462,4491607.0
82463,5906596.0
82464,4467728.0
82465,4705945.0
82466,2792031.0
82467,1847826.0
82468,3745135.0
82469,6313221.0
82470,1904842.0
82471,2018785.0
82472,2344689.0
82473,5787594.0
82474,1149870.0
82475,7217634.0
82476,3956086.0
82477,3028267.0
82478,3982767.0
82479,2390534.0
82480,5017319.0
82481,2018785.0
82482,7592272.0
82483,9262754.0
82484,2371202.0
82485,3939804.0
82486,2344689.0
82487,5525735.0
82488,2525375.0
82489,3836721.0
82490,4067566.0
82491,3410878.0
82492,7592272.0
82493,5595267.0
82494,2344689.0
82495,3956086.0
82496,3600467.0
82497,4250758.0
82498,3903884.0
82499,5286212.0
82500,2021934.0
82501,3939804.0
82502,3727364.0
82503,6313221.0
82504,1756069.0
82505,3426169.0
82506,3410878.0
82507,2732645.0
82508,4015749.0
82509,3258837.0
82510,3351383.0
82511,5017319.0
82512,3351383.0
82513,3410878.0
82514,1149870.0
82515,3780019.0
82516,3347767.0
82517,4250553.0
82518,3347767.0
82519,2018785.0
82520,3004429.0
82521,2018785.0
82522,2021934.0
82523,3004429.0
82524,2738052.0
82525,3199619.0
82526,4705945.0
82527,2383840.0
82528,3347767.0
82529,3600467.0
82530,1619683.0
82531,3004429.0
82532,1270499.0
82533,2371202.0
82534,2993069.0
82535,6836483.0
82536,3347767.0
82537,5525735.0
82538,5017319.0
82539,1270499.0
82540,1270499.0
82541,6694797.0
82542,5595267.0
82543,3410878.0
82544,2371202.0
82545,1149870.0
82546,3871344.0
82547,4250553.0
82548,3780019.0
82549,4250758.0
82550,2364478.0
82551,3004429.0
82552,3004429.0
82553,4015749.0
82554,3426169.0
82555,2344689.0
82556,4015749.0
82557,6923131.0
82558,1734634.0
82559,3426169.0
82560,1149870.0
82561,3261924.0
82562,9652350.0
82563,3939804.0
82564,5500818.0
82565,4250758.0
82566,3982767.0
82567,3982767.0
82568,4705945.0
82569,3600467.0
82570,3410878.0
82571,6313221.0
82572,5461700.0
82573,1999097.0
82574,3982767.0
82575,3218918.0
82576,3351383.0
82577,4491607.0
82578,3028267.0
82579,4100886.0
82580,3410878.0
82581,6923131.0
82582,5435276.0
82583,3982767.0
82584,2371202.0
82585,6923131.0
82586,4015749.0
82587,7495092.0
82588,2525375.0
82589,7201784.0
82590,5595267.0
82591,2344689.0
82592,4467728.0
82593,3008199.0
82594,6836483.0
82595,2025297.0
82596,5906596.0
82597,1149870.0
82598,3199619.0
82599,3376145.0
82600,2055379.0
82601,3956086.0
82602,3426169.0
82603,7495092.0
82604,1270499.0
82605,1847826.0
82606,4052733.0
82607,6836483.0
82608,4052733.0
82609,3600467.0
82610,3004429.0
82611,3447890.0
82612,3982767.0
82613,2792031.0
82614,6923131.0
82615,3410878.0
82616,1882131.0
82617,1270499.0
82618,4052733.0
82619,4807746.0
82620,3410878.0
82621,7217634.0
82622,2525375.0
82623,7592272.0
82624,2344689.0
82625,2058644.0
82626,3410878.0
82627,3745135.0
82628,2344689.0
82629,5966193.0
82630,4705945.0
82631,1270499.0
82632,5595267.0
82633,4250758.0
82634,2344689.0
82635,4952255.0
82636,1904842.0
82637,2021934.0
82638,4350573.0
82639,5500818.0
82640,3410878.0
82641,4554237.0
82642,4491607.0
82643,3982767.0
82644,3248660.0
82645,3261924.0
82646,3347767.0
82647,4429512.0
82648,3780019.0
82649,5161370.0
82650,3956086.0
82651,2021934.0
82652,3956086.0
82653,4250553.0
82654,2675511.0
82655,1904842.0
82656,4491607.0
82657,2792031.0
82658,1882131.0
82659,1999097.0
82660,4250758.0
82661,4066618.0
82662,1149870.0
82663,2018785.0
82664,1763231.0
82665,4066618.0
82666,5525735.0
82667,3347767.0
82668,6694797.0
82669,3410878.0
82670,1270499.0
82671,6412623.0
82672,2954086.0
82673,2551252.0
82674,2993069.0
82675,2364478.0
82676,2525375.0
82677,3600467.0
82678,3807496.0
82679,3752885.0
82680,2551252.0
82681,8213524.0
82682,1882131.0
82683,6313221.0
82684,6923131.0
82685,1756069.0
82686,7592272.0
82687,1756069.0
82688,1270499.0
82689,2058644.0
82690,5500818.0
82691,3939804.0
82692,2018785.0
82693,7865428.0
82694,3028267.0
82695,1904842.0
82696,3218918.0
82697,3778621.0
82698,2021934.0
82699,1756069.0
82700,1882131.0
82701,2738052.0
82702,3004429.0
82703,4067566.0
82704,1904842.0
82705,2344689.0
82706,1904842.0
82707,2021934.0
82708,1149870.0
82709,2097022.0
82710,3956086.0
82711,3727364.0
82712,3727364.0
82713,3347767.0
82714,2371202.0
82715,5435276.0
82716,2267425.0
82717,2732645.0
82718,4264176.0
82719,5166635.0
82720,3347767.0
82721,4052733.0
82722,3004429.0
82723,2390534.0
82724,4888774.0
82725,2544857.0
82726,4780607.0
82727,4066618.0
82728,3778621.0
82729,3004429.0
82730,8213524.0
82731,5595267.0
82732,2344689.0
82733,2018785.0
82734,3727364.0
82735,4467728.0
82736,3258837.0
82737,1619683.0
82738,2058644.0
82739,1882131.0
82740,3347767.0
82741,1847826.0
82742,2993069.0
82743,3745135.0
82744,8904084.0
82745,3600467.0
82746,4250758.0
82747,4015749.0
82748,2021934.0
82749,5166635.0
82750,3836721.0
82751,4067566.0
82752,2525375.0
82753,4807746.0
82754,5653753.0
82755,3778621.0
82756,4155435.0
82757,6313221.0
82758,3600467.0
82759,1149870.0
82760,3982767.0
82761,3347767.0
82762,2344689.0
82763,3426169.0
82764,3600467.0
82765,2525375.0
82766,5444227.0
82767,2738052.0
82768,2544857.0
82769,2018785.0
82770,3410878.0
82771,7592272.0
82772,6923131.0
82773,2058644.0
82774,3982767.0
82775,7217634.0
82776,1999097.0
82777,2738052.0
82778,3939804.0
82779,4467728.0
82780,2390534.0
82781,4316715.0
82782,3600467.0
82783,4250553.0
82784,1149870.0
82785,1847826.0
82786,7201784.0
82787,3956086.0
82788,6941173.0
82789,2390534.0
82790,7201784.0
82791,1756069.0
82792,2021934.0
82793,3273041.0
82794,3351383.0
82795,6694797.0
82796,2364478.0
82797,4705945.0
82798,2156098.0
82799,2021934.0
82800,3836721.0
82801,3445076.0
82802,1270499.0
82803,2267425.0
82804,3836721.0
82805,2058644.0
82806,2792031.0
82807,3376145.0
82808,1149870.0
82809,6313221.0
82810,2021934.0
82811,3410878.0
82812,4491607.0
82813,2993069.0
82814,1847826.0
82815,7592272.0
82816,6923131.0
82817,1734634.0
82818,8213524.0
82819,3410878.0
82820,4066618.0
82821,3248660.0
82822,3218918.0
82823,6694797.0
82824,3410878.0
82825,3600467.0
82826,3939804.0
82827,1270499.0
82828,1270499.0
82829,2083447.0
82830,2097022.0
82831,2021934.0
82832,2954086.0
82833,2097022.0
82834,3410878.0
82835,4250553.0
82836,3939804.0
82837,1847826.0
82838,8213524.0
82839,1999097.0
82840,4952255.0
82841,1882131.0
82842,3248660.0
82843,4015749.0
82844,2058644.0
82845,1619683.0
82846,3347767.0
82847,2058644.0
82848,3445076.0
82849,6363241.0
82850,5525735.0
82851,5500818.0
82852,5595267.0
82853,2344689.0
82854,2525375.0
82855,3410878.0
82856,8213524.0
82857,4780607.0
82858,5906596.0
82859,3600467.0
82860,7592272.0
82861,4491607.0
82862,4350573.0
82863,4952255.0
82864,4264176.0
82865,8213524.0
82866,2383840.0
82867,1619683.0
82868,2544857.0
82869,8213524.0
82870,1882131.0
82871,2344689.0
82872,1904842.0
82873,4136425.0
82874,2544857.0
82875,1149870.0
82876,4250553.0
82877,3727364.0
82878,1763231.0
82879,4264176.0
82880,3351383.0
82881,3447890.0
82882,1904842.0
82883,1270499.0
82884,4264176.0
82885,7592272.0
82886,7217634.0
82887,2267425.0
82888,1149870.0
82889,3447890.0
82890,3778621.0
82891,3956086.0
82892,7592272.0
82893,5017319.0
82894,2021934.0
82895,4219263.0
82896,3008199.0
82897,3273041.0
82898,3956086.0
82899,1619683.0
82900,1999097.0
82901,1149870.0
82902,4052733.0
82903,3347767.0
82904,1734634.0
82905,4052733.0
82906,4350573.0
82907,1999097.0
82908,6313221.0
82909,3410878.0
82910,4554237.0
82911,2383840.0
82912,4952255.0
82913,4888774.0
82914,8213524.0
82915,2792031.0
82916,2390534.0
82917,2344689.0
82918,2544857.0
82919,1619683.0
82920,2018785.0
82921,4155435.0
82922,2344689.0
82923,2675511.0
82924,4100886.0
82925,2267425.0
82926,2097022.0
82927,1904842.0
82928,1270499.0
82929,2993069.0
82930,3351383.0
82931,1904842.0
82932,3939804.0
82933,4705945.0
82934,4491607.0
82935,2525375.0
82936,7592272.0
82937,5017319.0
82938,1999097.0
82939,3410878.0
82940,2675511.0
82941,1847826.0
82942,1882131.0
82943,1882131.0
82944,1904842.0
82945,2018785.0
82946,2993069.0
82947,2732645.0
82948,7592272.0
82949,7217634.0
82950,3818055.0
82951,2055379.0
82952,2792031.0
82953,3778621.0
82954,2055379.0
82955,1619683.0
82956,1904842.0
82957,4952255.0
82958,3939804.0
82959,1999097.0
82960,4015749.0
82961,3410878.0
82962,3956086.0
82963,3745135.0
82964,2083447.0
82965,2058644.0
82966,2083447.0
82967,5906596.0
82968,3004429.0
82969,3199619.0
82970,4067566.0
82971,8213524.0
82972,3410878.0
82973,2058644.0
82974,6363241.0
82975,4491607.0
82976,2021934.0
82977,1619683.0
82978,3982767.0
82979,1734634.0
82980,3004429.0
82981,4250553.0
82982,3410878.0
82983,5337526.0
82984,4067566.0
82985,1270499.0
82986,3410878.0
82987,3351383.0
82988,1999097.0
82989,6941173.0
82990,1270499.0
82991,5595267.0
82992,2021934.0
82993,1270499.0
82994,1270499.0
82995,1756069.0
82996,1619683.0
82997,2018785.0
82998,4250758.0
82999,1270499.0
83000,2525375.0
83001,8894598.0
83002,1756069.0
83003,4705945.0
83004,2544857.0
83005,6363241.0
83006,2156098.0
83007,1999097.0
83008,4429512.0
83009,4052733.0
83010,5525735.0
83011,1756069.0
83012,6923131.0
83013,5906596.0
83014,3004429.0
83015,4219263.0
83016,3780019.0
83017,5906596.0
83018,5435276.0
83019,3004429.0
83020,3452382.0
83021,1619683.0
83022,3164972.0
83023,3410878.0
83024,5435276.0
83025,1270499.0
83026,2097022.0
83027,3410878.0
83028,3248660.0
83029,4066618.0
83030,4067566.0
83031,1763231.0
83032,2267425.0
83033,2738052.0
83034,4067566.0
83035,3447890.0
83036,4888774.0
83037,3410878.0
83038,2390534.0
83039,6313221.0
83040,1999097.0
83041,9652350.0
83042,4067566.0
83043,2993069.0
83044,8213524.0
83045,2018785.0
83046,2551252.0
83047,3347767.0
83048,8213524.0
83049,1882131.0
83050,2021934.0
83051,1999097.0
83052,13575224.0
83053,4015749.0
83054,4052733.0
83055,5500818.0
83056,3982767.0
83057,7865428.0
83058,3982767.0
83059,3727364.0
83060,4052733.0
83061,3956086.0
83062,5595267.0
83063,1149870.0
83064,1756069.0
83065,6941173.0
83066,7865428.0
83067,4491607.0
83068,4491607.0
83069,3410878.0
83070,3347767.0
83071,3351383.0
83072,3982767.0
83073,5906596.0
83074,1882131.0
83075,1904842.0
83076,4467728.0
83077,1882131.0
83078,4590423.0
83079,2097022.0
83080,2792031.0
83081,1149870.0
83082,1847826.0
83083,3004429.0
83084,4952255.0
83085,4052733.0
83086,1882131.0
83087,2055379.0
83088,2390534.0
83089,1756069.0
83090,2344689.0
83091,1999097.0
83092,4491607.0
83093,1619683.0
83094,1619683.0
83095,4807746.0
83096,3778621.0
83097,1149870.0
83098,2344689.0
83099,2097022.0
83100,3752885.0
83101,2344689.0
83102,4888774.0
83103,4467728.0
83104,2344689.0
83105,1149870.0
83106,3778621.0
83107,3780019.0
83108,3600467.0
83109,5161370.0
83110,1619683.0
83111,2021934.0
83112,4052733.0
83113,2390534.0
83114,4952255.0
83115,2390534.0
83116,2267425.0
83117,3351383.0
83118,3410878.0
83119,5595267.0
83120,4467728.0
83121,4067566.0
83122,5525735.0
83123,2021934.0
83124,4250553.0
83125,4100886.0
83126,1882131.0
83127,2018785.0
83128,2993069.0
83129,2732645.0
83130,1270499.0
83131,3752885.0
83132,3004429.0
83133,3426169.0
83134,8213524.0
83135,5461700.0
83136,2544857.0
83137,2156098.0
83138,1999097.0
83139,6694797.0
83140,3028267.0
83141,2525375.0
83142,2344689.0
83143,4491607.0
83144,5525735.0
83145,5435276.0
83146,1149870.0
83147,2097022.0
83148,7495092.0
83149,5444227.0
83150,3982767.0
83151,5595267.0
83152,3745135.0
83153,4780607.0
83154,5461700.0
83155,4467728.0
83156,4316715.0
83157,2021934.0
83158,4705945.0
83159,2021934.0
83160,7592272.0
83161,4264176.0
83162,2551252.0
83163,2058644.0
83164,3778621.0
83165,3778621.0
83166,6836483.0
83167,3982767.0
83168,4067566.0
83169,3347767.0
83170,3956086.0
83171,3248660.0
83172,2525375.0
83173,1763231.0
83174,3008199.0
83175,3199619.0
83176,3164972.0
83177,3347767.0
83178,3199619.0
83179,7865428.0
83180,8213524.0
83181,1149870.0
83182,2058644.0
83183,2021934.0
83184,3004429.0
83185,6313221.0
83186,4316715.0
83187,2097022.0
83188,4491607.0
83189,1619683.0
83190,3273041.0
83191,3410878.0
83192,3004429.0
83193,1149870.0
83194,1904842.0
83195,1904842.0
83196,2018785.0
83197,4052733.0
83198,3871344.0
83199,2675511.0
83200,3426169.0
83201,4264176.0
83202,3600467.0
83203,5525735.0
83204,4250758.0
83205,6923131.0
83206,2021934.0
83207,2021934.0
83208,3347767.0
83209,1270499.0
83210,2792031.0
83211,6313221.0
83212,1619683.0
83213,3447890.0
83214,2025297.0
83215,2055379.0
83216,1882131.0
83217,1847826.0
83218,1756069.0
83219,2732645.0
83220,3004429.0
83221,3004429.0
83222,2097022.0
83223,3347767.0
83224,6694797.0
83225,4264176.0
83226,2525375.0
83227,4015749.0
83228,2732645.0
83229,1847826.0
83230,4250758.0
83231,6313221.0
83232,3347767.0
83233,2371202.0
83234,4780607.0
83235,4807746.0
83236,3410878.0
83237,2018785.0
83238,5653753.0
83239,2390534.0
83240,1904842.0
83241,2344689.0
83242,2021934.0
83243,8213524.0
83244,4052733.0
83245,4052733.0
83246,2390534.0
83247,4052733.0
83248,3351383.0
83249,5500818.0
83250,2021934.0
83251,3028267.0
83252,3982767.0
83253,4467728.0
83254,6923131.0
83255,2025297.0
83256,4467728.0
83257,3982767.0
83258,5966193.0
83259,4554237.0
83260,3780019.0
83261,6313221.0
83262,3836721.0
83263,6363241.0
83264,1270499.0
83265,6412623.0
83266,4067566.0
83267,6363241.0
83268,4015749.0
83269,4264176.0
83270,1270499.0
83271,3903884.0
83272,2383840.0
83273,2675511.0
83274,3600467.0
83275,1847826.0
83276,7592272.0
83277,4219263.0
83278,1882131.0
83279,3745135.0
83280,1619683.0
83281,7201784.0
83282,5525735.0
83283,5595267.0
83284,7217634.0
83285,2738052.0
83286,9652350.0
83287,3351383.0
83288,3780019.0
83289,4590423.0
83290,1270499.0
83291,3600467.0
83292,5787594.0
83293,3939804.0
83294,6941173.0
83295,7592272.0
83296,1999097.0
83297,2954086.0
83298,7495092.0
83299,5787594.0
83300,1847826.0
83301,1270499.0
83302,5595267.0
83303,7217634.0
83304,1882131.0
83305,3248660.0
83306,3004429.0
83307,4467728.0
83308,4250553.0
83309,3727364.0
83310,5017319.0
83311,3347767.0
83312,1619683.0
83313,3956086.0
83314,4467728.0
83315,3258837.0
83316,3273041.0
83317,5787594.0
83318,4491607.0
83319,5166635.0
83320,1882131.0
83321,3351383.0
83322,3780019.0
83323,4250758.0
83324,7592272.0
83325,2525375.0
83326,3273041.0
83327,2551252.0
83328,6923131.0
83329,2344689.0
83330,3780019.0
83331,3004429.0
83332,3727364.0
83333,2525375.0
83334,2993069.0
83335,2544857.0
83336,3004429.0
83337,1149870.0
83338,1619683.0
83339,3351383.0
83340,3347767.0
83341,3351383.0
83342,3426169.0
83343,1149870.0
83344,8213524.0
83345,3445076.0
83346,6363241.0
83347,5525735.0
83348,5525735.0
83349,7592272.0
83350,4705945.0
83351,3807496.0
83352,3351383.0
83353,3452382.0
83354,8213524.0
83355,2021934.0
83356,3351383.0
83357,4316715.0
83358,2544857.0
83359,7217634.0
83360,6694797.0
83361,2792031.0
83362,6941173.0
83363,7865428.0
83364,5906596.0
83365,1619683.0
83366,3347767.0
83367,6941173.0
83368,1999097.0
83369,2058644.0
83370,2344689.0
83371,2954086.0
83372,1763231.0
83373,2058644.0
83374,2344689.0
83375,4264176.0
83376,4491607.0
83377,1999097.0
83378,3258837.0
83379,3600467.0
83380,2018785.0
83381,2021934.0
83382,8213524.0
83383,4554237.0
83384,6412623.0
83385,2371202.0
83386,1756069.0
83387,2156098.0
83388,1756069.0
83389,9262754.0
83390,3410878.0
83391,2344689.0
83392,4015749.0
83393,2021934.0
83394,4705945.0
83395,1999097.0
83396,1270499.0
83397,2097022.0
83398,2371202.0
83399,4066618.0
83400,1999097.0
83401,3939804.0
83402,2390534.0
83403,2383840.0
83404,3410878.0
83405,7592272.0
83406,3903884.0
83407,5500818.0
83408,8213524.0
83409,3347767.0
83410,2675511.0
83411,5525735.0
83412,4015749.0
83413,2021934.0
83414,6782425.0
83415,5017319.0
83416,5435276.0
83417,2525375.0
83418,2058644.0
83419,6836483.0
83420,1882131.0
83421,5337526.0
83422,7201784.0
83423,3004429.0
83424,3982767.0
83425,3410878.0
83426,3982767.0
83427,4136425.0
83428,3347767.0
83429,4015749.0
83430,5906596.0
83431,4554237.0
83432,3727364.0
83433,1999097.0
83434,1904842.0
83435,6313221.0
83436,1756069.0
83437,2021934.0
83438,2390534.0
83439,3600467.0
83440,1999097.0
83441,1882131.0
83442,3752885.0
83443,5525735.0
83444,5337526.0
83445,3351383.0
83446,4952255.0
83447,1847826.0
83448,4554237.0
83449,3410878.0
83450,7592272.0
83451,2097022.0
83452,2544857.0
83453,2344689.0
83454,2525375.0
83455,4350573.0
83456,1149870.0
83457,2058644.0
83458,7592272.0
83459,7495092.0
83460,3780019.0
83461,3410878.0
83462,4554237.0
83463,1904842.0
83464,3410878.0
83465,4952255.0
83466,2390534.0
83467,2021934.0
83468,1882131.0
83469,1270499.0
83470,2390534.0
83471,4952255.0
83472,3347767.0
83473,3004429.0
83474,8904084.0
83475,5017319.0
83476,1999097.0
83477,4250553.0
83478,1999097.0
83479,5595267.0
83480,3351383.0
83481,6363241.0
83482,7865428.0
83483,5337526.0
83484,2018785.0
83485,3347767.0
83486,2993069.0
83487,3410878.0
83488,3939804.0
83489,3745135.0
83490,4705945.0
83491,6694797.0
83492,8213524.0
83493,3939804.0
83494,7592272.0
83495,3745135.0
83496,1149870.0
83497,1904842.0
83498,2390534.0
83499,1270499.0
83500,2055379.0
83501,1999097.0
83502,2344689.0
83503,2525375.0
83504,1734634.0
83505,1149870.0
83506,2344689.0
83507,2021934.0
83508,1999097.0
83509,5787594.0
83510,5525735.0
83511,7592272.0
83512,3727364.0
83513,1619683.0
83514,6694797.0
83515,2993069.0
83516,6836483.0
83517,1756069.0
83518,3426169.0
83519,1619683.0
83520,3600467.0
83521,4952255.0
83522,4590423.0
83523,3982767.0
83524,1149870.0
83525,2344689.0
83526,4264176.0
83527,3347767.0
83528,6313221.0
83529,2390534.0
83530,4250553.0
83531,3780019.0
83532,5787594.0
83533,8213524.0
83534,3351383.0
83535,2267425.0
83536,3745135.0
83537,1270499.0
83538,3727364.0
83539,3836721.0
83540,4491607.0
83541,4286645.0
83542,2025297.0
83543,1619683.0
83544,2732645.0
83545,1756069.0
83546,2097022.0
83547,7495092.0
83548,1619683.0
83549,2544857.0
83550,2021934.0
83551,3410878.0
83552,5595267.0
83553,3410878.0
83554,5017319.0
83555,8213524.0
83556,1847826.0
83557,2058644.0
83558,3028267.0
83559,7495092.0
83560,2675511.0
83561,6412623.0
83562,1756069.0
83563,3004429.0
83564,3836721.0
83565,6782425.0
83566,1999097.0
83567,3956086.0
83568,3956086.0
83569,1999097.0
83570,1619683.0
83571,3410878.0
83572,1847826.0
83573,8213524.0
83574,2344689.0
83575,2390534.0
83576,2344689.0
83577,4066618.0
83578,4264176.0
83579,3273041.0
83580,4250553.0
83581,2344689.0
83582,1999097.0
83583,1149870.0
83584,1756069.0
83585,3752885.0
83586,4136425.0
83587,2018785.0
83588,3004429.0
83589,2097022.0
83590,4250553.0
83591,3745135.0
83592,1270499.0
83593,4250553.0
83594,3752885.0
83595,1756069.0
83596,2055379.0
83597,2267425.0
83598,2055379.0
83599,2018785.0
83600,6782425.0
83601,4952255.0
83602,4015749.0
83603,6941173.0
83604,4491607.0
83605,7592272.0
83606,2018785.0
83607,2390534.0
83608,2025297.0
83609,1999097.0
83610,4467728.0
83611,3600467.0
83612,2097022.0
83613,3199619.0
83614,3347767.0
83615,3410878.0
83616,3982767.0
83617,3982767.0
83618,2097022.0
83619,1904842.0
83620,5595267.0
83621,2025297.0
83622,1149870.0
83623,3248660.0
83624,4467728.0
83625,2390534.0
83626,4052733.0
83627,2732645.0
83628,4467728.0
83629,3982767.0
83630,3447890.0
83631,3410878.0
83632,1619683.0
83633,6363241.0
83634,1882131.0
83635,5653753.0
83636,3376145.0
83637,3248660.0
83638,4491607.0
83639,1149870.0
83640,2544857.0
83641,1734634.0
83642,4590423.0
83643,1270499.0
83644,2097022.0
83645,5337526.0
83646,5525735.0
83647,1149870.0
83648,3426169.0
83649,4100886.0
83650,4250553.0
83651,2993069.0
83652,4250553.0
83653,3727364.0
83654,5525735.0
83655,3347767.0
83656,5525735.0
83657,4250758.0
83658,3426169.0
83659,1904842.0
83660,4705945.0
83661,6363241.0
83662,4316715.0
83663,1270499.0
83664,3600467.0
83665,2954086.0
83666,1999097.0
83667,3261924.0
83668,1619683.0
83669,3410878.0
83670,4015749.0
83671,1270499.0
83672,3273041.0
83673,7592272.0
83674,8213524.0
83675,3347767.0
83676,1149870.0
83677,2993069.0
83678,2021934.0
83679,1882131.0
83680,2993069.0
83681,2097022.0
83682,4066618.0
83683,3836721.0
83684,7217634.0
83685,1270499.0
83686,3426169.0
83687,7592272.0
83688,2018785.0
83689,1149870.0
83690,3447890.0
83691,2021934.0
83692,7495092.0
83693,2097022.0
83694,2544857.0
83695,2083447.0
83696,3600467.0
83697,4015749.0
83698,3956086.0
83699,6313221.0
83700,1619683.0
83701,4780607.0
83702,4952255.0
83703,4888774.0
83704,1270499.0
83705,4590423.0
83706,5595267.0
83707,3004429.0
83708,4250553.0
83709,3273041.0
83710,2525375.0
83711,4491607.0
83712,2058644.0
83713,1847826.0
83714,1847826.0
83715,7592272.0
83716,2156098.0
83717,1904842.0
83718,2021934.0
83719,3752885.0
83720,2055379.0
83721,2364478.0
83722,2021934.0
83723,5525735.0
83724,4250553.0
83725,3410878.0
83726,2344689.0
83727,6941173.0
83728,2371202.0
83729,3426169.0
83730,4780607.0
83731,4952255.0
83732,4250553.0
83733,3447890.0
83734,3199619.0
83735,3600467.0
83736,8894598.0
83737,8213524.0
83738,2383840.0
83739,2675511.0
83740,3600467.0
83741,1619683.0
83742,6313221.0
83743,7592272.0
83744,4066618.0
83745,3410878.0
83746,2525375.0
83747,1756069.0
83748,3004429.0
83749,4052733.0
83750,2058644.0
83751,2097022.0
83752,3447890.0
83753,8213524.0
83754,5525735.0
83755,3447890.0
83756,3004429.0
83757,5500818.0
83758,2156098.0
83759,4780607.0
83760,2021934.0
83761,2344689.0
83762,8213524.0
83763,2025297.0
83764,6363241.0
83765,3248660.0
83766,3727364.0
83767,2544857.0
83768,5595267.0
83769,3939804.0
83770,1149870.0
83771,2544857.0
83772,1270499.0
83773,3836721.0
83774,8213524.0
83775,6836483.0
83776,4554237.0
83777,2390534.0
83778,2021934.0
83779,3780019.0
83780,1270499.0
83781,5017319.0
83782,2675511.0
83783,4780607.0
83784,4219263.0
83785,2525375.0
83786,3600467.0
83787,3351383.0
83788,2021934.0
83789,1882131.0
83790,8213524.0
83791,3248660.0
83792,2732645.0
83793,3447890.0
83794,1882131.0
83795,4067566.0
83796,2058644.0
83797,1756069.0
83798,8213524.0
83799,6313221.0
83800,4952255.0
83801,3410878.0
83802,2097022.0
83803,1756069.0
83804,2055379.0
83805,2344689.0
83806,2993069.0
83807,2371202.0
83808,1270499.0
83809,3570392.0
83810,4350573.0
83811,2055379.0
83812,3982767.0
83813,5595267.0
83814,4250553.0
83815,2999068.0
83816,9652350.0
83817,4888774.0
83818,2390534.0
83819,7592272.0
83820,2993069.0
83821,6412623.0
83822,2058644.0
83823,4467728.0
83824,7217634.0
83825,9262754.0
83826,3008199.0
83827,4467728.0
83828,2344689.0
83829,3780019.0
83830,7201784.0
83831,1619683.0
83832,3836721.0
83833,2267425.0
83834,4250553.0
83835,4491607.0
83836,3004429.0
83837,4705945.0
83838,2267425.0
83839,1756069.0
83840,4888774.0
83841,2018785.0
83842,4066618.0
83843,2544857.0
83844,5595267.0
83845,2993069.0
83846,2525375.0
83847,3752885.0
83848,3004429.0
83849,4155435.0
83850,2792031.0
83851,3347767.0
83852,3982767.0
83853,3600467.0
83854,1619683.0
83855,3752885.0
83856,4952497.0
83857,2097022.0
83858,4491607.0
83859,3600467.0
83860,3410878.0
83861,2097022.0
83862,2344689.0
83863,1619683.0
83864,3745135.0
83865,1149870.0
83866,2993069.0
83867,2344689.0
83868,3956086.0
83869,4491607.0
83870,3258837.0
83871,2993069.0
83872,7201784.0
83873,7865428.0
83874,2058644.0
83875,4590423.0
83876,4219263.0
83877,2021934.0
83878,2383840.0
83879,2364478.0
83880,6412623.0
83881,5525735.0
83882,3410878.0
83883,4067566.0
83884,3261924.0
83885,2058644.0
83886,9652350.0
83887,4015749.0
83888,3807496.0
83889,2675511.0
83890,3778621.0
83891,2344689.0
83892,6836483.0
83893,3410878.0
83894,4316715.0
83895,7592272.0
83896,1756069.0
83897,3426169.0
83898,6923131.0
83899,4155435.0
83900,4491607.0
83901,2738052.0
83902,3347767.0
83903,3727364.0
83904,4015749.0
83905,2344689.0
83906,5435276.0
83907,2021934.0
83908,3600467.0
83909,2525375.0
83910,3273041.0
83911,1756069.0
83912,3780019.0
83913,3447890.0
83914,1999097.0
83915,3600467.0
83916,4491607.0
83917,1847826.0
83918,3982767.0
83919,4066618.0
83920,6313221.0
83921,4350573.0
83922,5595267.0
83923,4780607.0
83924,3600467.0
83925,6941173.0
83926,1149870.0
83927,2058644.0
83928,2344689.0
83929,2097022.0
83930,8213524.0
83931,2525375.0
83932,4491607.0
83933,3745135.0
83934,3727364.0
83935,6836483.0
83936,1734634.0
83937,2544857.0
83938,4491607.0
83939,1847826.0
83940,2993069.0
83941,4015749.0
83942,2097022.0
83943,3426169.0
83944,3780019.0
83945,6694797.0
83946,3600467.0
83947,3028267.0
83948,2267425.0
83949,4705945.0
83950,3028267.0
83951,6923131.0
83952,3347767.0
83953,4316715.0
83954,2021934.0
83955,2738052.0
83956,4491607.0
83957,1882131.0
83958,1847826.0
83959,5337526.0
83960,2993069.0
83961,2267425.0
83962,8904084.0
83963,3426169.0
83964,1999097.0
83965,2058644.0
83966,2058644.0
83967,2371202.0
83968,6694797.0
83969,6412623.0
83970,1619683.0
83971,3248660.0
83972,2371202.0
83973,2675511.0
83974,2344689.0
83975,8213524.0
83976,1882131.0
83977,2344689.0
83978,4100886.0
83979,4219263.0
83980,3273041.0
83981,2525375.0
83982,2097022.0
83983,6694797.0
83984,1847826.0
83985,4888774.0
83986,8213524.0
83987,2055379.0
83988,3004429.0
83989,2021934.0
83990,1270499.0
83991,1999097.0
83992,2021934.0
83993,2371202.0
83994,1149870.0
83995,1999097.0
83996,6313221.0
83997,3347767.0
83998,4590423.0
83999,2018785.0
84000,1882131.0
84001,2390534.0
84002,3807496.0
84003,1734634.0
84004,4952255.0
84005,3939804.0
84006,4052733.0
84007,3727364.0
84008,1619683.0
84009,9262754.0
84010,3199619.0
84011,4286645.0
84012,5595267.0
84013,3447890.0
84014,3939804.0
84015,2083447.0
84016,2993069.0
84017,2344689.0
84018,3410878.0
84019,1882131.0
84020,8213524.0
84021,3939804.0
84022,1847826.0
84023,7201784.0
84024,3028267.0
84025,3004429.0
84026,5595267.0
84027,9652350.0
84028,4155435.0
84029,3956086.0
84030,6941173.0
84031,6782425.0
84032,2525375.0
84033,3447890.0
84034,5787594.0
84035,1149870.0
84036,5787594.0
84037,1149870.0
84038,3004429.0
84039,2055379.0
84040,2544857.0
84041,2792031.0
84042,2021934.0
84043,4882985.0
84044,1904842.0
84045,4264176.0
84046,2058644.0
84047,8630682.0
84048,6412623.0
84049,1904842.0
84050,2371202.0
84051,5017319.0
84052,6313221.0
84053,3351383.0
84054,1270499.0
84055,4100886.0
84056,3727364.0
84057,2083447.0
84058,3164972.0
84059,2025297.0
84060,4467728.0
84061,3004429.0
84062,6836483.0
84063,3248660.0
84064,3982767.0
84065,3004429.0
84066,6941173.0
84067,3261924.0
84068,3347767.0
84069,6313221.0
84070,1270499.0
84071,3351383.0
84072,5906596.0
84073,4467728.0
84074,1270499.0
84075,8213524.0
84076,4264176.0
84077,3600467.0
84078,2675511.0
84079,1619683.0
84080,4350573.0
84081,6313221.0
84082,2993069.0
84083,4015749.0
84084,2344689.0
84085,7592272.0
84086,1149870.0
84087,3347767.0
84088,2021934.0
84089,2344689.0
84090,3447890.0
84091,7592272.0
84092,2344689.0
84093,2055379.0
84094,5525735.0
84095,7865428.0
84096,5595267.0
84097,6363241.0
84098,4952255.0
84099,5166635.0
84100,2344689.0
84101,3376145.0
84102,2055379.0
84103,8213524.0
84104,3982767.0
84105,1734634.0
84106,4250553.0
84107,4780607.0
84108,3248660.0
84109,1847826.0
84110,2018785.0
84111,1270499.0
84112,3258837.0
84113,2055379.0
84114,3780019.0
84115,1847826.0
84116,3351383.0
84117,1756069.0
84118,1999097.0
84119,4052733.0
84120,4705945.0
84121,2551252.0
84122,8213524.0
84123,3447890.0
84124,3982767.0
84125,4952255.0
84126,3351383.0
84127,2525375.0
84128,5595267.0
84129,2083447.0
84130,4554237.0
84131,5017319.0
84132,4067566.0
84133,3004429.0
84134,4316715.0
84135,2025297.0
84136,1763231.0
84137,3347767.0
84138,2544857.0
84139,4052733.0
84140,2156098.0
84141,3028267.0
84142,4467728.0
84143,1734634.0
84144,1882131.0
84145,3447890.0
84146,8904084.0
84147,5595267.0
84148,2732645.0
84149,2025297.0
84150,4250758.0
84151,6923131.0
84152,2267425.0
84153,2551252.0
84154,4052733.0
84155,2083447.0
84156,2058644.0
84157,1756069.0
84158,2018785.0
84159,2544857.0
84160,4219263.0
84161,3939804.0
84162,1149870.0
84163,1882131.0
84164,5500818.0
84165,4590423.0
84166,6412623.0
84167,7201784.0
84168,5525735.0
84169,4780607.0
84170,4067566.0
84171,3447890.0
84172,3600467.0
84173,2390534.0
84174,3347767.0
84175,4219263.0
84176,4467728.0
84177,1756069.0
84178,2732645.0
84179,3410878.0
84180,3600467.0
84181,1999097.0
84182,3982767.0
84183,3903884.0
84184,9262754.0
84185,3347767.0
84186,2025297.0
84187,3982767.0
84188,2544857.0
84189,4780607.0
84190,6313221.0
84191,6836483.0
84192,1270499.0
84193,5500818.0
84194,6782425.0
84195,2792031.0
84196,5525735.0
84197,7592272.0
84198,2732645.0
84199,7592272.0
84200,2267425.0
84201,2344689.0
84202,1999097.0
84203,7495092.0
84204,3004429.0
84205,2267425.0
84206,3778621.0
84207,2371202.0
84208,4015749.0
84209,3447890.0
84210,7217634.0
84211,2792031.0
84212,3780019.0
84213,5500818.0
84214,5286212.0
84215,1999097.0
84216,5653753.0
84217,1756069.0
84218,4491607.0
84219,2055379.0
84220,5525735.0
84221,3836721.0
84222,4264176.0
84223,4015749.0
84224,2675511.0
84225,1999097.0
84226,4263629.0
84227,2018785.0
84228,3600467.0
84229,1734634.0
84230,3410878.0
84231,4015749.0
84232,2021934.0
84233,6313221.0
84234,3004429.0
84235,2390534.0
84236,3410878.0
84237,1619683.0
84238,3004429.0
84239,2525375.0
84240,2525375.0
84241,2675511.0
84242,2344689.0
84243,8213524.0
84244,6941173.0
84245,2675511.0
84246,4015749.0
84247,3752885.0
84248,3351383.0
84249,1270499.0
84250,2058644.0
84251,8213524.0
84252,2675511.0
84253,5435276.0
84254,2058644.0
84255,1619683.0
84256,4066618.0
84257,2058644.0
84258,6836483.0
84259,1756069.0
84260,7865428.0
84261,2097022.0
84262,3004429.0
84263,2999068.0
84264,4491607.0
84265,4952255.0
84266,2792031.0
84267,2267425.0
84268,6941173.0
84269,2525375.0
84270,3351383.0
84271,1619683.0
84272,4467728.0
84273,5906596.0
84274,2732645.0
84275,1847826.0
84276,3410878.0
84277,1270499.0
84278,3810007.0
84279,1904842.0
84280,3273041.0
84281,3258837.0
84282,3410878.0
84283,2525375.0
84284,8213524.0
84285,8894598.0
84286,3410878.0
84287,5595267.0
84288,2083447.0
84289,7201784.0
84290,4554237.0
84291,3600467.0
84292,3351383.0
84293,1619683.0
84294,2993069.0
84295,4066618.0
84296,3347767.0
84297,3347767.0
84298,2058644.0
84299,1882131.0
84300,2018785.0
84301,2383840.0
84302,3199619.0
84303,6694797.0
84304,3836721.0
84305,6836483.0
84306,3347767.0
84307,6782425.0
84308,3426169.0
84309,5595267.0
84310,1619683.0
84311,4100886.0
84312,1149870.0
84313,1149870.0
84314,19696939.0
84315,4491607.0
84316,2097022.0
84317,2025297.0
84318,5595267.0
84319,3727364.0
84320,2390534.0
84321,3410878.0
84322,5525735.0
84323,4705945.0
84324,16549064.0
84325,2675511.0
84326,3410878.0
84327,1270499.0
84328,1999097.0
84329,9262754.0
84330,1904842.0
84331,2055379.0
84332,3008199.0
84333,13575224.0
84334,2018785.0
84335,1756069.0
84336,3745135.0
84337,1904842.0
84338,2954086.0
84339,2993069.0
84340,2792031.0
84341,4491607.0
84342,4888774.0
84343,2371202.0
84344,1619683.0
84345,1619683.0
84346,5017319.0
84347,1270499.0
84348,1756069.0
84349,2954086.0
84350,6313221.0
84351,2058644.0
84352,2156098.0
84353,3028267.0
84354,7592272.0
84355,6313221.0
84356,7201784.0
84357,3347767.0
84358,1763231.0
84359,3600467.0
84360,2738052.0
84361,4350573.0
84362,3347767.0
84363,3351383.0
84364,3600467.0
84365,7201784.0
84366,2267425.0
84367,3426169.0
84368,3248660.0
84369,2097022.0
84370,3351383.0
84371,5525735.0
84372,2993069.0
84373,3780019.0
84374,3982767.0
84375,2344689.0
84376,1882131.0
84377,1149870.0
84378,2083447.0
84379,2055379.0
84380,4554237.0
84381,3956086.0
84382,4015749.0
84383,1756069.0
84384,2544857.0
84385,3004429.0
84386,3376145.0
84387,3376145.0
84388,1999097.0
84389,3410878.0
84390,3745135.0
84391,3273041.0
84392,4807746.0
84393,3347767.0
84394,3261924.0
84395,7201784.0
84396,5286212.0
84397,1619683.0
84398,2740687.0
84399,3351383.0
84400,2097022.0
84401,4155435.0
84402,2083447.0
84403,3426169.0
84404,3347767.0
84405,2021934.0
84406,1270499.0
84407,3004429.0
84408,3351383.0
84409,1270499.0
84410,5595267.0
84411,4705945.0
84412,3351383.0
84413,2544857.0
84414,3807496.0
84415,3347767.0
84416,6412623.0
84417,9262754.0
84418,2525375.0
84419,4350573.0
84420,6923131.0
84421,2738052.0
84422,3426169.0
84423,3939804.0
84424,4758476.0
84425,3600467.0
84426,4705945.0
84427,2732645.0
84428,5444227.0
84429,2364478.0
84430,2371202.0
84431,4067566.0
84432,5017319.0
84433,7865428.0
84434,2018785.0
84435,4316715.0
84436,4888774.0
84437,1756069.0
84438,3410878.0
84439,3600467.0
84440,2954086.0
84441,2021934.0
84442,1270499.0
84443,4250553.0
84444,3004429.0
84445,3745135.0
84446,2097022.0
84447,2993069.0
84448,6694797.0
84449,1149870.0
84450,2055379.0
84451,1763231.0
84452,1756069.0
84453,3218918.0
84454,4952255.0
84455,2344689.0
84456,3982767.0
84457,2055379.0
84458,2055379.0
84459,4250553.0
84460,3273041.0
84461,1270499.0
84462,1270499.0
84463,4491607.0
84464,2525375.0
84465,16549064.0
84466,6923131.0
84467,2025297.0
84468,8213524.0
84469,3426169.0
84470,3410878.0
84471,3780019.0
84472,5435276.0
84473,3939804.0
84474,3261924.0
84475,3410878.0
84476,5787594.0
84477,4250553.0
84478,2344689.0
84479,2097022.0
84480,3778621.0
84481,4491607.0
84482,3351383.0
84483,2055379.0
84484,8213524.0
84485,2344689.0
84486,2025297.0
84487,4350573.0
84488,1270499.0
84489,1904842.0
84490,4015749.0
84491,1619683.0
84492,3248660.0
84493,2058644.0
84494,4155435.0
84495,3982767.0
84496,3956086.0
84497,1904842.0
84498,3939804.0
84499,2344689.0
84500,3008199.0
84501,2390534.0
84502,2738052.0
84503,4590423.0
84504,6363241.0
84505,4467728.0
84506,1270499.0
84507,4052733.0
84508,1149870.0
84509,1763231.0
84510,4067566.0
84511,6313221.0
84512,5500818.0
84513,8894598.0
84514,4952255.0
84515,2371202.0
84516,3982767.0
84517,5595267.0
84518,5906596.0
84519,2021934.0
84520,2551252.0
84521,3004429.0
84522,3351383.0
84523,8213524.0
84524,8213524.0
84525,4888774.0
84526,2344689.0
84527,1149870.0
84528,3600467.0
84529,3745135.0
84530,2738052.0
84531,1756069.0
84532,4250553.0
84533,4807746.0
84534,3258837.0
84535,3248660.0
84536,1149870.0
84537,4590423.0
84538,2018785.0
84539,1619683.0
84540,4250758.0
84541,3248660.0
84542,3780019.0
84543,3752885.0
84544,3780019.0
84545,5166635.0
84546,1149870.0
84547,4052733.0
84548,6694797.0
84549,1763231.0
84550,4219263.0
84551,2999068.0
84552,3199619.0
84553,9262754.0
84554,4467728.0
84555,3410878.0
84556,6923131.0
84557,2058644.0
84558,2544857.0
84559,2551252.0
84560,2792031.0
84561,4052733.0
84562,3956086.0
84563,3600467.0
84564,2993069.0
84565,1619683.0
84566,5525735.0
84567,1756069.0
84568,3426169.0
84569,2993069.0
84570,1149870.0
84571,2999068.0
84572,1904842.0
84573,4015749.0
84574,3351383.0
84575,1619683.0
84576,2267425.0
84577,4067566.0
84578,3836721.0
84579,1756069.0
84580,8213524.0
84581,1270499.0
84582,5166635.0
84583,3410878.0
84584,13575224.0
84585,1882131.0
84586,3426169.0
84587,3600467.0
84588,9262754.0
84589,2055379.0
84590,3004429.0
84591,2792031.0
84592,1619683.0
84593,3410878.0
84594,1999097.0
84595,3347767.0
84596,4316715.0
84597,2371202.0
84598,4052733.0
84599,8213524.0
84600,3351383.0
84601,8213524.0
84602,2097022.0
84603,2371202.0
84604,9652350.0
84605,3447890.0
84606,3347767.0
84607,4263629.0
84608,4467728.0
84609,3778621.0
84610,2344689.0
84611,4952255.0
84612,3903884.0
84613,2058644.0
84614,1756069.0
84615,2025297.0
84616,6941173.0
84617,3248660.0
84618,4491607.0
84619,4219263.0
84620,3410878.0
84621,8213524.0
84622,2344689.0
84623,5525735.0
84624,2021934.0
84625,4052733.0
84626,2738052.0
84627,3778621.0
84628,3410878.0
84629,2525375.0
84630,3004429.0
84631,1619683.0
84632,1149870.0
84633,3426169.0
84634,3028267.0
84635,2025297.0
84636,3752885.0
84637,4780607.0
84638,4467728.0
84639,3248660.0
84640,3939804.0
84641,2675511.0
84642,2792031.0
84643,6313221.0
84644,3745135.0
84645,2993069.0
84646,2344689.0
84647,7865428.0
84648,2371202.0
84649,1904842.0
84650,2551252.0
84651,4491607.0
84652,5461700.0
84653,5435276.0
84654,6412623.0
84655,2018785.0
84656,4052733.0
84657,3410878.0
84658,1270499.0
84659,6412623.0
84660,6313221.0
84661,1763231.0
84662,3982767.0
84663,6836483.0
84664,9262754.0
84665,2058644.0
84666,6313221.0
84667,2156098.0
84668,5525735.0
84669,2344689.0
84670,5461700.0
84671,3248660.0
84672,1619683.0
84673,6412623.0
84674,3351383.0
84675,3903884.0
84676,5595267.0
84677,3982767.0
84678,2390534.0
84679,1149870.0
84680,3447890.0
84681,2544857.0
84682,4780607.0
84683,6412623.0
84684,2344689.0
84685,2021934.0
84686,4250758.0
84687,8213524.0
84688,3004429.0
84689,2025297.0
84690,9652350.0
84691,6836483.0
84692,3004429.0
84693,3426169.0
84694,6941173.0
84695,2058644.0
84696,2018785.0
84697,2097022.0
84698,2058644.0
84699,2021934.0
84700,4705945.0
84701,5525735.0
84702,2018785.0
84703,3982767.0
84704,2058644.0
84705,3982767.0
84706,3004429.0
84707,5595267.0
84708,4250758.0
84709,5595267.0
84710,3600467.0
84711,4250553.0
84712,1904842.0
84713,3248660.0
84714,1270499.0
84715,6694797.0
84716,4066618.0
84717,2551252.0
84718,1270499.0
84719,3410878.0
84720,1999097.0
84721,6694797.0
84722,2390534.0
84723,3258837.0
84724,3745135.0
84725,4250758.0
84726,2083447.0
84727,1270499.0
84728,1756069.0
84729,2018785.0
84730,6836483.0
84731,5525735.0
84732,4066618.0
84733,3410878.0
84734,4705945.0
84735,3426169.0
84736,3956086.0
84737,3028267.0
84738,3004429.0
84739,1756069.0
84740,2055379.0
84741,2792031.0
84742,4100886.0
84743,5435276.0
84744,3351383.0
84745,3347767.0
84746,4263629.0
84747,3939804.0
84748,1270499.0
84749,8213524.0
84750,4015749.0
84751,3445076.0
84752,3727364.0
84753,1619683.0
84754,1999097.0
84755,2097022.0
84756,5017319.0
84757,16549064.0
84758,3351383.0
84759,2097022.0
84760,2732645.0
84761,3004429.0
84762,4015749.0
84763,3258837.0
84764,6923131.0
84765,5500818.0
84766,3426169.0
84767,3752885.0
84768,2993069.0
84769,3347767.0
84770,2021934.0
84771,2018785.0
84772,3347767.0
84773,2738052.0
84774,3248660.0
84775,1619683.0
84776,3745135.0
84777,3745135.0
84778,2551252.0
84779,3982767.0
84780,2055379.0
84781,2021934.0
84782,2544857.0
84783,5166635.0
84784,3836721.0
84785,5500818.0
84786,3807496.0
84787,1756069.0
84788,5595267.0
84789,2055379.0
84790,3347767.0
84791,2267425.0
84792,1619683.0
84793,2021934.0
84794,1149870.0
84795,2097022.0
84796,2390534.0
84797,5525735.0
84798,3199619.0
84799,4807746.0
84800,3780019.0
84801,2344689.0
84802,2344689.0
84803,2999068.0
84804,3780019.0
84805,2021934.0
84806,1763231.0
84807,2058644.0
84808,1149870.0
84809,3600467.0
84810,5595267.0
84811,9652350.0
84812,2267425.0
84813,6782425.0
84814,6313221.0
84815,7217634.0
84816,4219263.0
84817,3780019.0
84818,3004429.0
84819,6923131.0
84820,2267425.0
84821,1619683.0
84822,2156098.0
84823,3258837.0
84824,3218918.0
84825,2021934.0
84826,2344689.0
84827,3218918.0
84828,2525375.0
84829,3248660.0
84830,3410878.0
84831,4467728.0
84832,3745135.0
84833,13575224.0
84834,4780607.0
84835,2544857.0
84836,4250553.0
84837,6412623.0
84838,4888774.0
84839,3600467.0
84840,4491607.0
84841,2551252.0
84842,3982767.0
84843,4136425.0
84844,3410878.0
84845,5595267.0
84846,2732645.0
84847,2025297.0
84848,3956086.0
84849,4015749.0
84850,2097022.0
84851,3351383.0
84852,2344689.0
84853,7592272.0
84854,2021934.0
84855,5787594.0
84856,2544857.0
84857,2344689.0
84858,2732645.0
84859,1847826.0
84860,6836483.0
84861,1149870.0
84862,2551252.0
84863,3351383.0
84864,1149870.0
84865,3028267.0
84866,2344689.0
84867,3004429.0
84868,1999097.0
84869,3727364.0
84870,4316715.0
84871,2344689.0
84872,3780019.0
84873,2267425.0
84874,2390534.0
84875,3004429.0
84876,7592272.0
84877,3248660.0
84878,4250758.0
84879,7217634.0
84880,3028267.0
84881,3347767.0
84882,4264176.0
84883,2021934.0
84884,2544857.0
84885,1763231.0
84886,4491607.0
84887,2021934.0
84888,4066618.0
84889,3028267.0
84890,2390534.0
84891,3347767.0
84892,3410878.0
84893,4590423.0
84894,6923131.0
84895,2525375.0
84896,6836483.0
84897,3410878.0
84898,8213524.0
84899,4015749.0
84900,6923131.0
84901,3600467.0
84902,2021934.0
84903,5525735.0
84904,3982767.0
84905,3836721.0
84906,4066618.0
84907,8213524.0
84908,1619683.0
84909,4015749.0
84910,3199619.0
84911,3004429.0
84912,3745135.0
84913,2058644.0
84914,3600467.0
84915,3410878.0
84916,2018785.0
84917,4952255.0
84918,2390534.0
84919,3376145.0
84920,4316715.0
84921,2018785.0
84922,2018785.0
84923,2156098.0
84924,2156098.0
84925,3818055.0
84926,3939804.0
84927,4250553.0
84928,6313221.0
84929,1756069.0
84930,1149870.0
84931,1149870.0
84932,3426169.0
84933,2390534.0
84934,4952255.0
84935,3410878.0
84936,4467728.0
84937,5500818.0
84938,6923131.0
84939,3410878.0
84940,7495092.0
84941,1149870.0
84942,3752885.0
84943,4429512.0
84944,8213524.0
84945,3982767.0
84946,4155435.0
84947,3376145.0
84948,4015749.0
84949,3778621.0
84950,2025297.0
84951,3248660.0
84952,8213524.0
84953,5017319.0
84954,7865428.0
84955,6694797.0
84956,5525735.0
84957,3727364.0
84958,6694797.0
84959,2021934.0
84960,2267425.0
84961,5444227.0
84962,4316715.0
84963,4807746.0
84964,6694797.0
84965,3028267.0
84966,3004429.0
84967,2792031.0
84968,3351383.0
84969,4316715.0
84970,1999097.0
84971,2021934.0
84972,4554237.0
84973,3752885.0
84974,2156098.0
84975,2097022.0
84976,4491607.0
84977,4491607.0
84978,2675511.0
84979,4250553.0
84980,2792031.0
84981,4052733.0
84982,4780607.0
84983,2097022.0
84984,1756069.0
84985,2344689.0
84986,1619683.0
84987,4491607.0
84988,3028267.0
84989,5595267.0
84990,8213524.0
84991,5906596.0
84992,5435276.0
84993,4066618.0
84994,3347767.0
84995,1270499.0
84996,1756069.0
84997,8894598.0
84998,3351383.0
84999,3426169.0
85000,4491607.0
85001,1619683.0
85002,4136425.0
85003,5017319.0
85004,1270499.0
85005,1847826.0
85006,2344689.0
85007,3410878.0
85008,3004429.0
85009,7495092.0
85010,3248660.0
85011,1904842.0
85012,3956086.0
85013,2390534.0
85014,3447890.0
85015,2738052.0
85016,1149870.0
85017,2390534.0
85018,3410878.0
85019,3745135.0
85020,2344689.0
85021,2097022.0
85022,7592272.0
85023,4491607.0
85024,5435276.0
85025,3753720.0
85026,3004429.0
85027,3982767.0
85028,5595267.0
85029,2390534.0
85030,5166635.0
85031,4067566.0
85032,3347767.0
85033,2344689.0
85034,3426169.0
85035,6923131.0
85036,3004429.0
85037,3351383.0
85038,3982767.0
85039,2267425.0
85040,2058644.0
85041,1149870.0
85042,3410878.0
85043,5595267.0
85044,2344689.0
85045,1999097.0
85046,3351383.0
85047,2021934.0
85048,4491607.0
85049,3004429.0
85050,3004429.0
85051,3347767.0
85052,1270499.0
85053,7592272.0
85054,2551252.0
85055,1882131.0
85056,3351383.0
85057,4554237.0
85058,1904842.0
85059,1270499.0
85060,1756069.0
85061,2544857.0
85062,6313221.0
85063,2544857.0
85064,1149870.0
85065,6694797.0
85066,2732645.0
85067,5017319.0
85068,2021934.0
85069,3028267.0
85070,2055379.0
85071,8213524.0
85072,2675511.0
85073,3600467.0
85074,7495092.0
85075,4052733.0
85076,3600467.0
85077,6694797.0
85078,2738052.0
85079,2738052.0
85080,6923131.0
85081,9262754.0
85082,2954086.0
85083,2021934.0
85084,3426169.0
85085,2055379.0
85086,3956086.0
85087,2675511.0
85088,3447890.0
85089,2954086.0
85090,3351383.0
85091,1619683.0
85092,5525735.0
85093,2021934.0
85094,2344689.0
85095,6694797.0
85096,6782425.0
85097,2371202.0
85098,1734634.0
85099,2083447.0
85100,4491607.0
85101,4052733.0
85102,4015749.0
85103,2551252.0
85104,9262754.0
85105,4155435.0
85106,2993069.0
85107,4219263.0
85108,3199619.0
85109,8213524.0
85110,6941173.0
85111,6941173.0
85112,2383840.0
85113,2058644.0
85114,4888774.0
85115,3410878.0
85116,2675511.0
85117,1734634.0
85118,3445076.0
85119,2021934.0
85120,3745135.0
85121,7592272.0
85122,4491607.0
85123,1270499.0
85124,6941173.0
85125,4888774.0
85126,3600467.0
85127,7592272.0
85128,8894598.0
85129,2383840.0
85130,3004429.0
85131,3982767.0
85132,2058644.0
85133,2390534.0
85134,2025297.0
85135,4590423.0
85136,2371202.0
85137,7201784.0
85138,7592272.0
85139,9262754.0
85140,2954086.0
85141,3727364.0
85142,1847826.0
85143,8904084.0
85144,3004429.0
85145,4554237.0
85146,1756069.0
85147,6313221.0
85148,5595267.0
85149,3347767.0
85150,3410878.0
85151,3956086.0
85152,3004429.0
85153,2792031.0
85154,3447890.0
85155,4250553.0
85156,4491607.0
85157,7201784.0
85158,2344689.0
85159,3376145.0
85160,2344689.0
85161,3810007.0
85162,2344689.0
85163,7201784.0
85164,4882985.0
85165,3004429.0
85166,2344689.0
85167,4952255.0
85168,2371202.0
85169,2018785.0
85170,2083447.0
85171,6941173.0
85172,4052733.0
85173,4067566.0
85174,6694797.0
85175,2525375.0
85176,3600467.0
85177,4882985.0
85178,3351383.0
85179,6923131.0
85180,3004429.0
85181,3956086.0
85182,1847826.0
85183,3426169.0
85184,3982767.0
85185,1270499.0
85186,2156098.0
85187,3410878.0
85188,2058644.0
85189,2097022.0
85190,3347767.0
85191,3261924.0
85192,2390534.0
85193,5525735.0
85194,3752885.0
85195,2156098.0
85196,2371202.0
85197,2364478.0
85198,3028267.0
85199,3939804.0
85200,5595267.0
85201,6923131.0
85202,3351383.0
85203,3028267.0
85204,3982767.0
85205,2390534.0
85206,8213524.0
85207,4491607.0
85208,6412623.0
85209,2371202.0
85210,1999097.0
85211,7495092.0
85212,2058644.0
85213,3752885.0
85214,3347767.0
85215,2344689.0
85216,1619683.0
85217,3836721.0
85218,2018785.0
85219,7217634.0
85220,3982767.0
85221,5435276.0
85222,4952255.0
85223,3351383.0
85224,6694797.0
85225,7865428.0
85226,3347767.0
85227,3351383.0
85228,1270499.0
85229,2544857.0
85230,6923131.0
85231,2055379.0
85232,2055379.0
85233,5595267.0
85234,5525735.0
85235,7592272.0
85236,1999097.0
85237,6941173.0
85238,1904842.0
85239,2025297.0
85240,1734634.0
85241,3903884.0
85242,2267425.0
85243,3778621.0
85244,4286645.0
85245,1999097.0
85246,3600467.0
85247,2525375.0
85248,4052733.0
85249,3351383.0
85250,1847826.0
85251,4491607.0
85252,1270499.0
85253,4155435.0
85254,7217634.0
85255,3753720.0
85256,4467728.0
85257,2371202.0
85258,2344689.0
85259,1619683.0
85260,1882131.0
85261,3351383.0
85262,3028267.0
85263,3447890.0
85264,4263629.0
85265,3745135.0
85266,4780607.0
85267,4952255.0
85268,1882131.0
85269,2390534.0
85270,3956086.0
85271,1763231.0
85272,4807746.0
85273,4590423.0
85274,2738052.0
85275,4250553.0
85276,3447890.0
85277,3752885.0
85278,4250553.0
85279,3218918.0
85280,5906596.0
85281,2344689.0
85282,3982767.0
85283,3939804.0
85284,5653753.0
85285,4705945.0
85286,3939804.0
85287,5017319.0
85288,2344689.0
85289,1882131.0
85290,3426169.0
85291,5500818.0
85292,1734634.0
85293,1756069.0
85294,2344689.0
85295,2021934.0
85296,2792031.0
85297,1999097.0
85298,3939804.0
85299,7592272.0
85300,2544857.0
85301,3347767.0
85302,3903884.0
85303,6412623.0
85304,4491607.0
85305,1270499.0
85306,4316715.0
85307,3347767.0
85308,3028267.0
85309,3351383.0
85310,4807746.0
85311,3004429.0
85312,4264176.0
85313,3410878.0
85314,2083447.0
85315,4015749.0
85316,1999097.0
85317,6941173.0
85318,7217634.0
85319,2021934.0
85320,2544857.0
85321,3956086.0
85322,4067566.0
85323,5595267.0
85324,5595267.0
85325,2021934.0
85326,3004429.0
85327,2344689.0
85328,1999097.0
85329,3410878.0
85330,6782425.0
85331,6836483.0
85332,2390534.0
85333,2344689.0
85334,3836721.0
85335,2083447.0
85336,2018785.0
85337,16549064.0
85338,4590423.0
85339,6313221.0
85340,3778621.0
85341,2058644.0
85342,6941173.0
85343,4250553.0
85344,4316715.0
85345,4066618.0
85346,2551252.0
85347,3376145.0
85348,3351383.0
85349,3600467.0
85350,5595267.0
85351,8213524.0
85352,1756069.0
85353,8213524.0
85354,3426169.0
85355,3199619.0
85356,2738052.0
85357,4219263.0
85358,3780019.0
85359,6782425.0
85360,1619683.0
85361,2344689.0
85362,3351383.0
85363,3939804.0
85364,3982767.0
85365,3956086.0
85366,3752885.0
85367,2021934.0
85368,5906596.0
85369,4316715.0
85370,3351383.0
85371,7201784.0
85372,1270499.0
85373,3273041.0
85374,2371202.0
85375,5595267.0
85376,8904084.0
85377,9262754.0
85378,3426169.0
85379,7495092.0
85380,2018785.0
85381,2058644.0
85382,1619683.0
85383,4491607.0
85384,1149870.0
85385,2792031.0
85386,2025297.0
85387,9652350.0
85388,1619683.0
85389,1882131.0
85390,2364478.0
85391,2390534.0
85392,4952255.0
85393,1734634.0
85394,4491607.0
85395,2390534.0
85396,2999068.0
85397,2383840.0
85398,4554237.0
85399,6941173.0
85400,9652350.0
85401,1999097.0
85402,7865428.0
85403,2675511.0
85404,1270499.0
85405,2097022.0
85406,2058644.0
85407,2544857.0
85408,8213524.0
85409,4705945.0
85410,3248660.0
85411,4952255.0
85412,1882131.0
85413,8213524.0
85414,2055379.0
85415,3982767.0
85416,1734634.0
85417,1756069.0
85418,2055379.0
85419,2738052.0
85420,1149870.0
85421,1619683.0
85422,1619683.0
85423,3426169.0
85424,3745135.0
85425,2551252.0
85426,4316715.0
85427,1999097.0
85428,4100886.0
85429,3752885.0
85430,5161370.0
85431,8213524.0
85432,3600467.0
85433,3982767.0
85434,5166635.0
85435,2344689.0
85436,4250758.0
85437,5653753.0
85438,2544857.0
85439,2021934.0
85440,2058644.0
85441,2267425.0
85442,2993069.0
85443,3956086.0
85444,7217634.0
85445,2018785.0
85446,3351383.0
85447,1904842.0
85448,3836721.0
85449,1756069.0
85450,4250553.0
85451,2551252.0
85452,1999097.0
85453,2792031.0
85454,1756069.0
85455,6941173.0
85456,3780019.0
85457,3410878.0
85458,7865428.0
85459,5435276.0
85460,4219263.0
85461,3351383.0
85462,3780019.0
85463,3199619.0
85464,3784230.0
85465,2021934.0
85466,2058644.0
85467,3248660.0
85468,4590423.0
85469,6836483.0
85470,4066618.0
85471,3164972.0
85472,1756069.0
85473,3745135.0
85474,3752885.0
85475,4491607.0
85476,4100886.0
85477,1999097.0
85478,5787594.0
85479,1270499.0
85480,4807746.0
85481,2055379.0
85482,3727364.0
85483,1619683.0
85484,3347767.0
85485,2058644.0
85486,2018785.0
85487,2058644.0
85488,2344689.0
85489,6694797.0
85490,3347767.0
85491,2344689.0
85492,4263629.0
85493,4250758.0
85494,4705945.0
85495,2097022.0
85496,3004429.0
85497,5906596.0
85498,3218918.0
85499,2551252.0
85500,2083447.0
85501,1270499.0
85502,2544857.0
85503,2058644.0
85504,3447890.0
85505,5906596.0
85506,3351383.0
85507,3956086.0
85508,3410878.0
85509,3982767.0
85510,7201784.0
85511,2544857.0
85512,1904842.0
85513,4052733.0
85514,3745135.0
85515,3004429.0
85516,1999097.0
85517,2055379.0
85518,5906596.0
85519,3836721.0
85520,2018785.0
85521,2055379.0
85522,1619683.0
85523,5017319.0
85524,1756069.0
85525,1904842.0
85526,3004429.0
85527,3004429.0
85528,2156098.0
85529,4219263.0
85530,2021934.0
85531,4100886.0
85532,4491607.0
85533,5653753.0
85534,6923131.0
85535,6363241.0
85536,4067566.0
85537,4066618.0
85538,3347767.0
85539,2021934.0
85540,3727364.0
85541,7865428.0
85542,3871344.0
85543,6923131.0
85544,2383840.0
85545,3982767.0
85546,6782425.0
85547,2344689.0
85548,3347767.0
85549,4263629.0
85550,3028267.0
85551,5595267.0
85552,1904842.0
85553,2018785.0
85554,1999097.0
85555,4066618.0
85556,2954086.0
85557,6313221.0
85558,3008199.0
85559,4705945.0
85560,3004429.0
85561,2021934.0
85562,6923131.0
85563,6694797.0
85564,2058644.0
85565,4952255.0
85566,2544857.0
85567,2954086.0
85568,4219263.0
85569,3028267.0
85570,2344689.0
85571,3410878.0
85572,4705945.0
85573,4066618.0
85574,4952255.0
85575,2544857.0
85576,3004429.0
85577,3745135.0
85578,1619683.0
85579,2058644.0
85580,7592272.0
85581,5525735.0
85582,1999097.0
85583,7495092.0
85584,3218918.0
85585,4350573.0
85586,4952255.0
85587,3426169.0
85588,8213524.0
85589,4554237.0
85590,2018785.0
85591,2993069.0
85592,5906596.0
85593,1847826.0
85594,2364478.0
85595,3903884.0
85596,3939804.0
85597,7217634.0
85598,7592272.0
85599,7217634.0
85600,7217634.0
85601,2018785.0
85602,1999097.0
85603,5595267.0
85604,3939804.0
85605,2732645.0
85606,2055379.0
85607,6363241.0
85608,6363241.0
85609,3982767.0
85610,6412623.0
85611,4491607.0
85612,2525375.0
85613,4052733.0
85614,5500818.0
85615,9262754.0
85616,1734634.0
85617,5906596.0
85618,2993069.0
85619,4015749.0
85620,1270499.0
85621,3982767.0
85622,7217634.0
85623,2390534.0
85624,5787594.0
85625,4250553.0
85626,3376145.0
85627,3780019.0
85628,1756069.0
85629,1619683.0
85630,4264176.0
85631,2993069.0
85632,2993069.0
85633,2344689.0
85634,3956086.0
85635,1756069.0
85636,3982767.0
85637,3600467.0
85638,7201784.0
85639,6836483.0
85640,2021934.0
85641,2738052.0
85642,2993069.0
85643,9262754.0
85644,1149870.0
85645,2344689.0
85646,3939804.0
85647,2097022.0
85648,2371202.0
85649,7201784.0
85650,2732645.0
85651,3376145.0
85652,2344689.0
85653,3351383.0
85654,1619683.0
85655,2018785.0
85656,5500818.0
85657,7592272.0
85658,1882131.0
85659,8213524.0
85660,7865428.0
85661,3780019.0
85662,4705945.0
85663,3600467.0
85664,5595267.0
85665,1270499.0
85666,3004429.0
85667,7592272.0
85668,3351383.0
85669,3939804.0
85670,3351383.0
85671,3004429.0
85672,5017319.0
85673,5595267.0
85674,8213524.0
85675,4554237.0
85676,3351383.0
85677,3347767.0
85678,2732645.0
85679,3004429.0
85680,2954086.0
85681,2058644.0
85682,3004429.0
85683,4554237.0
85684,6412623.0
85685,4651866.0
85686,4350573.0
85687,3727364.0
85688,4590423.0
85689,2018785.0
85690,2058644.0
85691,6923131.0
85692,3956086.0
85693,2525375.0
85694,2018785.0
85695,3836721.0
85696,9652350.0
85697,3410878.0
85698,4590423.0
85699,2675511.0
85700,8213524.0
85701,4590423.0
85702,1149870.0
85703,2993069.0
85704,6782425.0
85705,3445076.0
85706,4491607.0
85707,1904842.0
85708,2954086.0
85709,1882131.0
85710,2544857.0
85711,1999097.0
85712,6941173.0
85713,2732645.0
85714,5595267.0
85715,6941173.0
85716,7495092.0
85717,3836721.0
85718,1882131.0
85719,3600467.0
85720,3780019.0
85721,2344689.0
85722,3956086.0
85723,3426169.0
85724,3780019.0
85725,4952255.0
85726,3351383.0
85727,3982767.0
85728,1619683.0
85729,2267425.0
85730,6412623.0
85731,3347767.0
85732,1847826.0
85733,9262754.0
85734,3982767.0
85735,4882985.0
85736,8213524.0
85737,7217634.0
85738,2156098.0
85739,7592272.0
85740,3426169.0
85741,2344689.0
85742,4705945.0
85743,3745135.0
85744,2058644.0
85745,3600467.0
85746,4807746.0
85747,2267425.0
85748,6836483.0
85749,3376145.0
85750,6836483.0
85751,3008199.0
85752,7495092.0
85753,5525735.0
85754,2551252.0
85755,4067566.0
85756,3273041.0
85757,1149870.0
85758,3248660.0
85759,2055379.0
85760,8904084.0
85761,2097022.0
85762,3199619.0
85763,3447890.0
85764,2055379.0
85765,1847826.0
85766,4491607.0
85767,1619683.0
85768,1149870.0
85769,2021934.0
85770,2058644.0
85771,5787594.0
85772,3745135.0
85773,1619683.0
85774,3273041.0
85775,4219263.0
85776,3347767.0
85777,3745135.0
85778,7201784.0
85779,2021934.0
85780,1149870.0
85781,2018785.0
85782,6313221.0
85783,1756069.0
85784,3004429.0
85785,6836483.0
85786,3982767.0
85787,4350573.0
85788,3745135.0
85789,2544857.0
85790,4952255.0
85791,4491607.0
85792,2097022.0
85793,2058644.0
85794,3410878.0
85795,3028267.0
85796,2344689.0
85797,6923131.0
85798,4554237.0
85799,5286212.0
85800,4250758.0
85801,2021934.0
85802,9652350.0
85803,2055379.0
85804,2097022.0
85805,8213524.0
85806,2267425.0
85807,2055379.0
85808,4052733.0
85809,3807496.0
85810,3982767.0
85811,2371202.0
85812,3410878.0
85813,5966193.0
85814,3410878.0
85815,2055379.0
85816,1904842.0
85817,3347767.0
85818,3004429.0
85819,2993069.0
85820,1847826.0
85821,2058644.0
85822,6412623.0
85823,3347767.0
85824,3347767.0
85825,3376145.0
85826,2544857.0
85827,2999068.0
85828,2344689.0
85829,4705945.0
85830,6313221.0
85831,1619683.0
85832,2097022.0
85833,3780019.0
85834,3351383.0
85835,2344689.0
85836,2390534.0
85837,2792031.0
85838,13575224.0
85839,2344689.0
85840,2344689.0
85841,2025297.0
85842,6313221.0
85843,7217634.0
85844,2738052.0
85845,3410878.0
85846,6313221.0
85847,3745135.0
85848,4015749.0
85849,5017319.0
85850,2267425.0
85851,1270499.0
85852,3939804.0
85853,3807496.0
85854,2058644.0
85855,2675511.0
85856,2025297.0
85857,3351383.0
85858,2156098.0
85859,4705945.0
85860,1882131.0
85861,4067566.0
85862,3447890.0
85863,2544857.0
85864,3570392.0
85865,3780019.0
85866,2021934.0
85867,3752885.0
85868,1756069.0
85869,3376145.0
85870,3426169.0
85871,2551252.0
85872,4015749.0
85873,2675511.0
85874,4067566.0
85875,6313221.0
85876,8213524.0
85877,1756069.0
85878,2055379.0
85879,2525375.0
85880,2344689.0
85881,5337526.0
85882,7592272.0
85883,1270499.0
85884,3004429.0
85885,4491607.0
85886,3347767.0
85887,2018785.0
85888,3780019.0
85889,3028267.0
85890,2025297.0
85891,7592272.0
85892,2097022.0
85893,2021934.0
85894,1999097.0
85895,3600467.0
85896,3351383.0
85897,3376145.0
85898,4952255.0
85899,3982767.0
85900,2018785.0
85901,2371202.0
85902,7495092.0
85903,2344689.0
85904,3410878.0
85905,3939804.0
85906,1904842.0
85907,3351383.0
85908,4807746.0
85909,3982767.0
85910,8213524.0
85911,2371202.0
85912,3410878.0
85913,7217634.0
85914,1756069.0
85915,2792031.0
85916,1734634.0
85917,1847826.0
85918,1999097.0
85919,3939804.0
85920,6923131.0
85921,1756069.0
85922,3600467.0
85923,4264176.0
85924,8213524.0
85925,1882131.0
85926,4316715.0
85927,7201784.0
85928,2993069.0
85929,3452382.0
85930,1999097.0
85931,7592272.0
85932,2058644.0
85933,2021934.0
85934,6694797.0
85935,4952255.0
85936,3745135.0
85937,2371202.0
85938,4705945.0
85939,4554237.0
85940,2344689.0
85941,2097022.0
85942,5906596.0
85943,1619683.0
85944,4952255.0
85945,3600467.0
85946,2544857.0
85947,5595267.0
85948,4952255.0
85949,3752885.0
85950,1149870.0
85951,3258837.0
85952,2018785.0
85953,1149870.0
85954,6782425.0
85955,1882131.0
85956,3447890.0
85957,2018785.0
85958,4491607.0
85959,4350573.0
85960,4705945.0
85961,1149870.0
85962,2021934.0
85963,9262754.0
85964,2383840.0
85965,4067566.0
85966,3752885.0
85967,1756069.0
85968,2021934.0
85969,2544857.0
85970,3600467.0
85971,4429512.0
85972,6923131.0
85973,4052733.0
85974,2055379.0
85975,2021934.0
85976,2954086.0
85977,9652350.0
85978,2025297.0
85979,5500818.0
85980,2390534.0
85981,2097022.0
85982,2097022.0
85983,4155435.0
85984,1619683.0
85985,5525735.0
85986,3410878.0
85987,4100886.0
85988,2097022.0
85989,7217634.0
85990,3445076.0
85991,2792031.0
85992,8213524.0
85993,2267425.0
85994,3753720.0
85995,2025297.0
85996,5906596.0
85997,1882131.0
85998,2344689.0
85999,7592272.0
86000,1270499.0
86001,4952497.0
86002,2371202.0
86003,1882131.0
86004,3376145.0
86005,2792031.0
86006,3410878.0
86007,3410878.0
86008,4590423.0
86009,2058644.0
86010,6941173.0
86011,1999097.0
86012,3164972.0
86013,2021934.0
86014,3218918.0
86015,6694797.0
86016,1882131.0
86017,2344689.0
86018,3745135.0
86019,2018785.0
86020,2097022.0
86021,4491607.0
86022,3426169.0
86023,7495092.0
86024,2021934.0
86025,3939804.0
86026,2792031.0
86027,3753720.0
86028,3982767.0
86029,6313221.0
86030,1882131.0
86031,3347767.0
86032,2993069.0
86033,3447890.0
86034,2021934.0
86035,1619683.0
86036,4015749.0
86037,3004429.0
86038,4491607.0
86039,3347767.0
86040,5017319.0
86041,2018785.0
86042,4250553.0
86043,7217634.0
86044,2344689.0
86045,3347767.0
86046,4554237.0
86047,1847826.0
86048,3199619.0
86049,4888774.0
86050,2055379.0
86051,7495092.0
86052,4263629.0
86053,3600467.0
86054,2025297.0
86055,3351383.0
86056,6941173.0
86057,1999097.0
86058,2371202.0
86059,2018785.0
86060,4554237.0
86061,2544857.0
86062,2156098.0
86063,7495092.0
86064,1756069.0
86065,4250553.0
86066,1756069.0
86067,4015749.0
86068,2551252.0
86069,1619683.0
86070,8213524.0
86071,3347767.0
86072,2097022.0
86073,1734634.0
86074,1270499.0
86075,3004429.0
86076,3426169.0
86077,3351383.0
86078,1847826.0
86079,7217634.0
86080,1999097.0
86081,3752885.0
86082,2344689.0
86083,9262754.0
86084,3982767.0
86085,3347767.0
86086,4780607.0
86087,4491607.0
86088,3347767.0
86089,3351383.0
86090,1149870.0
86091,1270499.0
86092,3248660.0
86093,4316715.0
86094,2267425.0
86095,3248660.0
86096,4952255.0
86097,1270499.0
86098,4350573.0
86099,3347767.0
86100,3410878.0
86101,5525735.0
86102,3447890.0
86103,1756069.0
86104,2371202.0
86105,2021934.0
86106,2993069.0
86107,2018785.0
86108,1149870.0
86109,9262754.0
86110,8213524.0
86111,2097022.0
86112,1619683.0
86113,3745135.0
86114,1149870.0
86115,2083447.0
86116,4491607.0
86117,3347767.0
86118,4554237.0
86119,1619683.0
86120,6836483.0
86121,8213524.0
86122,3004429.0
86123,2097022.0
86124,9652350.0
86125,2390534.0
86126,1904842.0
86127,6941173.0
86128,4052733.0
86129,2344689.0
86130,6313221.0
86131,1270499.0
86132,4590423.0
86133,1999097.0
86134,6412623.0
86135,6923131.0
86136,2055379.0
86137,4350573.0
86138,3004429.0
86139,2675511.0
86140,3600467.0
86141,6412623.0
86142,3745135.0
86143,2544857.0
86144,1999097.0
86145,2544857.0
86146,3982767.0
86147,3410878.0
86148,3600467.0
86149,7592272.0
86150,4100886.0
86151,3410878.0
86152,2058644.0
86153,3982767.0
86154,2267425.0
86155,3426169.0
86156,4429512.0
86157,2999068.0
86158,4952255.0
86159,3745135.0
86160,2390534.0
86161,3982767.0
86162,4952255.0
86163,1270499.0
86164,4807746.0
86165,2344689.0
86166,7865428.0
86167,3956086.0
86168,3956086.0
86169,2675511.0
86170,3447890.0
86171,3939804.0
86172,4052733.0
86173,9652350.0
86174,1270499.0
86175,1999097.0
86176,3780019.0
86177,4554237.0
86178,3164972.0
86179,4286645.0
86180,4066618.0
86181,4100886.0
86182,3745135.0
86183,2544857.0
86184,1149870.0
86185,3780019.0
86186,2732645.0
86187,4952255.0
86188,4316715.0
86189,2544857.0
86190,7217634.0
86191,4067566.0
86192,4316715.0
86193,2058644.0
86194,1149870.0
86195,3426169.0
86196,4350573.0
86197,7592272.0
86198,2954086.0
86199,2544857.0
86200,8904084.0
86201,2018785.0
86202,3745135.0
86203,5595267.0
86204,3347767.0
86205,4067566.0
86206,6782425.0
86207,3004429.0
86208,1756069.0
86209,7865428.0
86210,2544857.0
86211,1149870.0
86212,2371202.0
86213,4491607.0
86214,3939804.0
86215,1847826.0
86216,3347767.0
86217,3600467.0
86218,4952497.0
86219,5500818.0
86220,3982767.0
86221,6836483.0
86222,4491607.0
86223,4263629.0
86224,3351383.0
86225,3956086.0
86226,1270499.0
86227,2021934.0
86228,3248660.0
86229,4350573.0
86230,1756069.0
86231,2018785.0
86232,7865428.0
86233,4554237.0
86234,3028267.0
86235,4554237.0
86236,3982767.0
86237,3447890.0
86238,4882985.0
86239,2344689.0
86240,6313221.0
86241,6412623.0
86242,4067566.0
86243,5017319.0
86244,2390534.0
86245,3903884.0
86246,2097022.0
86247,7865428.0
86248,7865428.0
86249,2267425.0
86250,4467728.0
86251,5653753.0
86252,3807496.0
86253,3410878.0
86254,4467728.0
86255,3347767.0
86256,1882131.0
86257,6412623.0
86258,2390534.0
86259,1999097.0
86260,4067566.0
86261,4467728.0
86262,1619683.0
86263,3600467.0
86264,2390534.0
86265,4467728.0
86266,3445076.0
86267,2058644.0
86268,3347767.0
86269,1756069.0
86270,4554237.0
86271,2021934.0
86272,6363241.0
86273,4316715.0
86274,6941173.0
86275,3982767.0
86276,4015749.0
86277,3347767.0
86278,2364478.0
86279,1999097.0
86280,2058644.0
86281,3347767.0
86282,4491607.0
86283,2544857.0
86284,3410878.0
86285,2018785.0
86286,1904842.0
86287,6836483.0
86288,1149870.0
86289,5166635.0
86290,7865428.0
86291,2371202.0
86292,1882131.0
86293,8213524.0
86294,3780019.0
86295,3600467.0
86296,4250553.0
86297,3836721.0
86298,7217634.0
86299,4705945.0
86300,4467728.0
86301,1756069.0
86302,1270499.0
86303,3956086.0
86304,3982767.0
86305,6313221.0
86306,3004429.0
86307,6363241.0
86308,2344689.0
86309,5017319.0
86310,3004429.0
86311,5595267.0
86312,2058644.0
86313,1734634.0
86314,3004429.0
86315,2954086.0
86316,3745135.0
86317,3600467.0
86318,7592272.0
86319,4882985.0
86320,2675511.0
86321,2525375.0
86322,4952255.0
86323,2390534.0
86324,4250553.0
86325,3258837.0
86326,4316715.0
86327,1270499.0
86328,1847826.0
86329,1756069.0
86330,1270499.0
86331,4705945.0
86332,2018785.0
86333,7865428.0
86334,2058644.0
86335,2018785.0
86336,1734634.0
86337,2018785.0
86338,4264176.0
86339,4705945.0
86340,5906596.0
86341,3727364.0
86342,3261924.0
86343,3836721.0
86344,2999068.0
86345,3426169.0
86346,3426169.0
86347,6363241.0
86348,8213524.0
86349,2058644.0
86350,2551252.0
86351,3600467.0
86352,1734634.0
86353,6313221.0
86354,4066618.0
86355,7217634.0
86356,2021934.0
86357,1882131.0
86358,1149870.0
86359,2390534.0
86360,2156098.0
86361,3447890.0
86362,2156098.0
86363,8213524.0
86364,1847826.0
86365,3778621.0
86366,3410878.0
86367,4350573.0
86368,3426169.0
86369,4263629.0
86370,3004429.0
86371,3376145.0
86372,2021934.0
86373,2267425.0
86374,2021934.0
86375,4066618.0
86376,2021934.0
86377,3752885.0
86378,5500818.0
86379,2344689.0
86380,2544857.0
86381,3028267.0
86382,4350573.0
86383,9652350.0
86384,1756069.0
86385,6412623.0
86386,3410878.0
86387,3600467.0
86388,3004429.0
86389,4015749.0
86390,16549064.0
86391,4100886.0
86392,2058644.0
86393,4219263.0
86394,4316715.0
86395,2021934.0
86396,2097022.0
86397,3004429.0
86398,5500818.0
86399,1619683.0
86400,3745135.0
86401,3261924.0
86402,1619683.0
86403,5444227.0
86404,1999097.0
86405,2097022.0
86406,6941173.0
86407,1619683.0
86408,1270499.0
86409,6412623.0
86410,2058644.0
86411,3745135.0
86412,6941173.0
86413,4467728.0
86414,2021934.0
86415,2058644.0
86416,3939804.0
86417,1847826.0
86418,1882131.0
86419,4264176.0
86420,4155435.0
86421,4780607.0
86422,3351383.0
86423,3745135.0
86424,5525735.0
86425,2021934.0
86426,5787594.0
86427,2021934.0
86428,2083447.0
86429,6412623.0
86430,2390534.0
86431,4015749.0
86432,3410878.0
86433,6694797.0
86434,2993069.0
86435,2732645.0
86436,4250553.0
86437,3351383.0
86438,3600467.0
86439,3410878.0
86440,1756069.0
86441,7201784.0
86442,1882131.0
86443,4052733.0
86444,4350573.0
86445,5435276.0
86446,5787594.0
86447,2058644.0
86448,6694797.0
86449,2025297.0
86450,4136425.0
86451,4882985.0
86452,2021934.0
86453,2344689.0
86454,3351383.0
86455,1734634.0
86456,6941173.0
86457,2390534.0
86458,4316715.0
86459,3956086.0
86460,4554237.0
86461,4350573.0
86462,3939804.0
86463,5435276.0
86464,3956086.0
86465,2021934.0
86466,4705945.0
86467,3745135.0
86468,5525735.0
86469,4491607.0
86470,3447890.0
86471,6694797.0
86472,2058644.0
86473,6836483.0
86474,2344689.0
86475,2525375.0
86476,3410878.0
86477,3752885.0
86478,3347767.0
86479,4250758.0
86480,6363241.0
86481,6923131.0
86482,2344689.0
86483,2344689.0
86484,3347767.0
86485,5500818.0
86486,3028267.0
86487,6941173.0
86488,3410878.0
86489,2344689.0
86490,6412623.0
86491,3004429.0
86492,1270499.0
86493,2344689.0
86494,2525375.0
86495,4264176.0
86496,2999068.0
86497,3376145.0
86498,4052733.0
86499,3745135.0
86500,3447890.0
86501,4250553.0
86502,3351383.0
86503,4286645.0
86504,3218918.0
86505,3780019.0
86506,7217634.0
86507,2390534.0
86508,4250758.0
86509,2525375.0
86510,3351383.0
86511,5444227.0
86512,2021934.0
86513,2055379.0
86514,1904842.0
86515,2058644.0
86516,3745135.0
86517,3347767.0
86518,5595267.0
86519,6412623.0
86520,2551252.0
86521,2344689.0
86522,6313221.0
86523,2344689.0
86524,1756069.0
86525,1756069.0
86526,1999097.0
86527,2058644.0
86528,3218918.0
86529,3347767.0
86530,1149870.0
86531,4052733.0
86532,6694797.0
86533,8213524.0
86534,3778621.0
86535,3426169.0
86536,4250758.0
86537,6313221.0
86538,2058644.0
86539,1999097.0
86540,4590423.0
86541,1847826.0
86542,7495092.0
86543,5337526.0
86544,2018785.0
86545,2344689.0
86546,2021934.0
86547,2344689.0
86548,3028267.0
86549,2390534.0
86550,3351383.0
86551,1763231.0
86552,5653753.0
86553,2344689.0
86554,7201784.0
86555,4100886.0
86556,4250758.0
86557,8213524.0
86558,4952255.0
86559,2021934.0
86560,4882985.0
86561,3982767.0
86562,3347767.0
86563,7865428.0
86564,3410878.0
86565,1149870.0
86566,5461700.0
86567,1756069.0
86568,5595267.0
86569,1619683.0
86570,1270499.0
86571,5525735.0
86572,3982767.0
86573,4780607.0
86574,3258837.0
86575,3780019.0
86576,2390534.0
86577,1149870.0
86578,3004429.0
86579,1999097.0
86580,4705945.0
86581,5525735.0
86582,3218918.0
86583,4250758.0
86584,1904842.0
86585,2675511.0
86586,2732645.0
86587,1882131.0
86588,1999097.0
86589,7217634.0
86590,6363241.0
86591,4952255.0
86592,2018785.0
86593,2018785.0
86594,2371202.0
86595,4952255.0
86596,2344689.0
86597,2544857.0
86598,1999097.0
86599,3004429.0
86600,3351383.0
86601,2021934.0
86602,3376145.0
86603,4350573.0
86604,3347767.0
86605,1619683.0
86606,4250553.0
86607,1734634.0
86608,2993069.0
86609,2390534.0
86610,4250758.0
86611,3753720.0
86612,2544857.0
86613,3028267.0
86614,7592272.0
86615,1847826.0
86616,6923131.0
86617,2675511.0
86618,4807746.0
86619,4052733.0
86620,7592272.0
86621,6923131.0
86622,3939804.0
86623,2018785.0
86624,3600467.0
86625,3956086.0
86626,3376145.0
86627,3004429.0
86628,3939804.0
86629,6941173.0
86630,8213524.0
86631,5017319.0
86632,1882131.0
86633,2097022.0
86634,3351383.0
86635,2993069.0
86636,2344689.0
86637,2732645.0
86638,2390534.0
86639,2018785.0
86640,2018785.0
86641,2097022.0
86642,2954086.0
86643,5906596.0
86644,3727364.0
86645,16549064.0
86646,5787594.0
86647,3836721.0
86648,4250553.0
86649,2055379.0
86650,4015749.0
86651,4264176.0
86652,2021934.0
86653,7217634.0
86654,2021934.0
86655,1882131.0
86656,1149870.0
86657,2390534.0
86658,2055379.0
86659,8213524.0
86660,4250553.0
86661,4491607.0
86662,3939804.0
86663,1999097.0
86664,1619683.0
86665,3600467.0
86666,2018785.0
86667,1619683.0
86668,4350573.0
86669,2732645.0
86670,2364478.0
86671,2954086.0
86672,4888774.0
86673,2156098.0
86674,9262754.0
86675,1763231.0
86676,3164972.0
86677,6412623.0
86678,2018785.0
86679,2058644.0
86680,2083447.0
86681,2267425.0
86682,1270499.0
86683,3004429.0
86684,3600467.0
86685,2344689.0
86686,9262754.0
86687,2018785.0
86688,8213524.0
86689,4491607.0
86690,3745135.0
86691,3261924.0
86692,3351383.0
86693,6836483.0
86694,1756069.0
86695,2344689.0
86696,1270499.0
86697,7865428.0
86698,2267425.0
86699,1904842.0
86700,2525375.0
86701,2675511.0
86702,1999097.0
86703,1847826.0
86704,2083447.0
86705,2390534.0
86706,2021934.0
86707,6941173.0
86708,1149870.0
86709,1734634.0
86710,4219263.0
86711,3939804.0
86712,4219263.0
86713,2390534.0
86714,3410878.0
86715,4263629.0
86716,1756069.0
86717,6782425.0
86718,3982767.0
86719,7592272.0
86720,3780019.0
86721,3410878.0
86722,1904842.0
86723,3600467.0
86724,1763231.0
86725,4250553.0
86726,1149870.0
86727,4780607.0
86728,4250553.0
86729,3600467.0
86730,3939804.0
86731,3982767.0
86732,3956086.0
86733,3778621.0
86734,3004429.0
86735,3351383.0
86736,2097022.0
86737,3956086.0
86738,3347767.0
86739,4888774.0
86740,5787594.0
86741,4067566.0
86742,2344689.0
86743,3004429.0
86744,5787594.0
86745,4316715.0
86746,1734634.0
86747,6694797.0
86748,2097022.0
86749,4250553.0
86750,3956086.0
86751,4705945.0
86752,2083447.0
86753,4067566.0
86754,2156098.0
86755,4100886.0
86756,5595267.0
86757,2083447.0
86758,2344689.0
86759,2058644.0
86760,4491607.0
86761,4316715.0
86762,9262754.0
86763,1619683.0
86764,1734634.0
86765,3347767.0
86766,6313221.0
86767,3273041.0
86768,1734634.0
86769,1882131.0
86770,4467728.0
86771,3600467.0
86772,1149870.0
86773,3447890.0
86774,2018785.0
86775,2021934.0
86776,6313221.0
86777,3600467.0
86778,7592272.0
86779,4491607.0
86780,5435276.0
86781,8904084.0
86782,3351383.0
86783,6313221.0
86784,4263629.0
86785,2267425.0
86786,7865428.0
86787,1756069.0
86788,4350573.0
86789,3004429.0
86790,3410878.0
86791,7217634.0
86792,5525735.0
86793,1904842.0
86794,2018785.0
86795,4250553.0
86796,2025297.0
86797,4491607.0
86798,3600467.0
86799,3447890.0
86800,4316715.0
86801,4066618.0
86802,1619683.0
86803,1734634.0
86804,2551252.0
86805,1149870.0
86806,1882131.0
86807,2021934.0
86808,3028267.0
86809,3836721.0
86810,1756069.0
86811,6412623.0
86812,2267425.0
86813,2551252.0
86814,1756069.0
86815,4467728.0
86816,4491607.0
86817,4264176.0
86818,3939804.0
86819,5461700.0
86820,4316715.0
86821,5461700.0
86822,2058644.0
86823,1763231.0
86824,4952255.0
86825,6412623.0
86826,3410878.0
86827,4888774.0
86828,1619683.0
86829,3780019.0
86830,2055379.0
86831,3410878.0
86832,4155435.0
86833,9652350.0
86834,3199619.0
86835,7495092.0
86836,4316715.0
86837,3351383.0
86838,4155435.0
86839,2551252.0
86840,2156098.0
86841,2675511.0
86842,2525375.0
86843,2344689.0
86844,3727364.0
86845,3347767.0
86846,3445076.0
86847,3351383.0
86848,2344689.0
86849,3903884.0
86850,2371202.0
86851,2021934.0
86852,3410878.0
86853,2732645.0
86854,4491607.0
86855,1882131.0
86856,2675511.0
86857,1270499.0
86858,3778621.0
86859,1756069.0
86860,2792031.0
86861,4067566.0
86862,2021934.0
86863,2993069.0
86864,4316715.0
86865,4052733.0
86866,2058644.0
86867,2097022.0
86868,4350573.0
86869,1619683.0
86870,4250553.0
86871,3351383.0
86872,3939804.0
86873,3982767.0
86874,1270499.0
86875,2344689.0
86876,1756069.0
86877,8904084.0
86878,7495092.0
86879,3447890.0
86880,1999097.0
86881,3261924.0
86882,4590423.0
86883,1756069.0
86884,5500818.0
86885,2021934.0
86886,3351383.0
86887,3199619.0
86888,2097022.0
86889,2055379.0
86890,2018785.0
86891,4350573.0
86892,1619683.0
86893,2018785.0
86894,3982767.0
86895,1999097.0
86896,3218918.0
86897,7592272.0
86898,3347767.0
86899,6412623.0
86900,2021934.0
86901,3600467.0
86902,9262754.0
86903,2993069.0
86904,6836483.0
86905,1999097.0
86906,8213524.0
86907,3004429.0
86908,5595267.0
86909,6363241.0
86910,1149870.0
86911,3347767.0
86912,2344689.0
86913,4015749.0
86914,3351383.0
86915,3410878.0
86916,4250553.0
86917,4263629.0
86918,3261924.0
86919,4066618.0
86920,3351383.0
86921,1904842.0
86922,1882131.0
86923,3347767.0
86924,1847826.0
86925,9262754.0
86926,5461700.0
86927,7865428.0
86928,2058644.0
86929,3347767.0
86930,6313221.0
86931,2954086.0
86932,3939804.0
86933,4554237.0
86934,6836483.0
86935,5595267.0
86936,3004429.0
86937,2792031.0
86938,4882985.0
86939,3426169.0
86940,3982767.0
86941,4350573.0
86942,6694797.0
86943,1763231.0
86944,1270499.0
86945,3351383.0
86946,5595267.0
86947,3807496.0
86948,1270499.0
86949,3347767.0
86950,2021934.0
86951,8904084.0
86952,2055379.0
86953,3028267.0
86954,4264176.0
86955,2792031.0
86956,1847826.0
86957,1904842.0
86958,3376145.0
86959,2097022.0
86960,5595267.0
86961,1270499.0
86962,2058644.0
86963,7865428.0
86964,5500818.0
86965,6941173.0
86966,4491607.0
86967,2097022.0
86968,2267425.0
86969,3447890.0
86970,1270499.0
86971,2792031.0
86972,4491607.0
86973,1619683.0
86974,5500818.0
86975,3347767.0
86976,7201784.0
86977,1756069.0
86978,7217634.0
86979,2999068.0
86980,5166635.0
86981,1999097.0
86982,3807496.0
86983,1904842.0
86984,2021934.0
86985,6836483.0
86986,5906596.0
86987,2544857.0
86988,1756069.0
86989,4219263.0
86990,2390534.0
86991,2732645.0
86992,3347767.0
86993,4491607.0
86994,5653753.0
86995,1999097.0
86996,1756069.0
86997,1270499.0
86998,1619683.0
86999,3028267.0
87000,4067566.0
87001,1882131.0
87002,2544857.0
87003,2390534.0
87004,3410878.0
87005,3028267.0
87006,1270499.0
87007,1756069.0
87008,3780019.0
87009,5435276.0
87010,1619683.0
87011,3410878.0
87012,5595267.0
87013,5166635.0
87014,3376145.0
87015,1270499.0
87016,3807496.0
87017,5595267.0
87018,2344689.0
87019,2344689.0
87020,4350573.0
87021,4651866.0
87022,1763231.0
87023,3351383.0
87024,1270499.0
87025,3347767.0
87026,3982767.0
87027,4590423.0
87028,3347767.0
87029,4015749.0
87030,2732645.0
87031,3351383.0
87032,5166635.0
87033,2344689.0
87034,2058644.0
87035,2371202.0
87036,7592272.0
87037,2025297.0
87038,4100886.0
87039,6313221.0
87040,2058644.0
87041,4316715.0
87042,6836483.0
87043,2097022.0
87044,7865428.0
87045,3600467.0
87046,1619683.0
87047,6412623.0
87048,4807746.0
87049,8213524.0
87050,4250758.0
87051,4491607.0
87052,5525735.0
87053,3982767.0
87054,2732645.0
87055,2792031.0
87056,3780019.0
87057,3273041.0
87058,4780607.0
87059,2018785.0
87060,5444227.0
87061,2021934.0
87062,2055379.0
87063,3410878.0
87064,1882131.0
87065,2738052.0
87066,3745135.0
87067,3004429.0
87068,2675511.0
87069,3745135.0
87070,2390534.0
87071,2551252.0
87072,3351383.0
87073,4780607.0
87074,3600467.0
87075,7592272.0
87076,3745135.0
87077,1270499.0
87078,1847826.0
87079,2551252.0
87080,3410878.0
87081,1270499.0
87082,1270499.0
87083,2371202.0
87084,2544857.0
87085,3447890.0
87086,2675511.0
87087,5017319.0
87088,3410878.0
87089,2993069.0
87090,3982767.0
87091,4882985.0
87092,3347767.0
87093,1270499.0
87094,2999068.0
87095,3004429.0
87096,2344689.0
87097,6941173.0
87098,2097022.0
87099,2021934.0
87100,3004429.0
87101,2544857.0
87102,3445076.0
87103,4554237.0
87104,4554237.0
87105,1999097.0
87106,2738052.0
87107,7201784.0
87108,2544857.0
87109,7592272.0
87110,4067566.0
87111,4882985.0
87112,3351383.0
87113,2525375.0
87114,2390534.0
87115,1756069.0
87116,2525375.0
87117,1763231.0
87118,3426169.0
87119,1270499.0
87120,2018785.0
87121,1847826.0
87122,2344689.0
87123,4052733.0
87124,1763231.0
87125,1619683.0
87126,3410878.0
87127,3410878.0
87128,2156098.0
87129,1999097.0
87130,6313221.0
87131,2021934.0
87132,2344689.0
87133,3347767.0
87134,3982767.0
87135,2544857.0
87136,3376145.0
87137,5461700.0
87138,6694797.0
87139,1756069.0
87140,1756069.0
87141,2390534.0
87142,3745135.0
87143,1756069.0
87144,7217634.0
87145,4952255.0
87146,3745135.0
87147,8213524.0
87148,6923131.0
87149,6694797.0
87150,4429512.0
87151,5444227.0
87152,5337526.0
87153,2383840.0
87154,3445076.0
87155,7865428.0
87156,3939804.0
87157,1999097.0
87158,1756069.0
87159,3376145.0
87160,7592272.0
87161,2544857.0
87162,2018785.0
87163,1619683.0
87164,1270499.0
87165,3028267.0
87166,1756069.0
87167,1756069.0
87168,1270499.0
87169,4316715.0
87170,4264176.0
87171,3410878.0
87172,2383840.0
87173,4554237.0
87174,5017319.0
87175,1999097.0
87176,1763231.0
87177,2544857.0
87178,4250553.0
87179,1619683.0
87180,3426169.0
87181,1904842.0
87182,1619683.0
87183,4250553.0
87184,4350573.0
87185,2058644.0
87186,3752885.0
87187,1999097.0
87188,3199619.0
87189,2021934.0
87190,2993069.0
87191,7495092.0
87192,4015749.0
87193,3273041.0
87194,6836483.0
87195,4705945.0
87196,3347767.0
87197,4100886.0
87198,2732645.0
87199,5461700.0
87200,6941173.0
87201,1270499.0
87202,2344689.0
87203,2344689.0
87204,2021934.0
87205,1270499.0
87206,1756069.0
87207,4780607.0
87208,2344689.0
87209,4467728.0
87210,3410878.0
87211,4491607.0
87212,1756069.0
87213,1999097.0
87214,1882131.0
87215,2364478.0
87216,3347767.0
87217,6313221.0
87218,4807746.0
87219,3745135.0
87220,3600467.0
87221,1763231.0
87222,7592272.0
87223,7592272.0
87224,3939804.0
87225,1149870.0
87226,1149870.0
87227,3600467.0
87228,6836483.0
87229,3778621.0
87230,4491607.0
87231,3376145.0
87232,3447890.0
87233,3376145.0
87234,7217634.0
87235,2018785.0
87236,4952255.0
87237,5435276.0
87238,2021934.0
87239,2021934.0
87240,3273041.0
87241,1149870.0
87242,5017319.0
87243,3376145.0
87244,9262754.0
87245,1756069.0
87246,7865428.0
87247,3939804.0
87248,1999097.0
87249,4705945.0
87250,1847826.0
87251,2083447.0
87252,1619683.0
87253,3410878.0
87254,2344689.0
87255,4467728.0
87256,2058644.0
87257,1999097.0
87258,6941173.0
87259,1270499.0
87260,1734634.0
87261,4250553.0
87262,5966193.0
87263,7201784.0
87264,2097022.0
87265,2058644.0
87266,3376145.0
87267,2097022.0
87268,7217634.0
87269,3347767.0
87270,6941173.0
87271,6412623.0
87272,1999097.0
87273,3028267.0
87274,2344689.0
87275,9262754.0
87276,9652350.0
87277,3600467.0
87278,3982767.0
87279,3753720.0
87280,3410878.0
87281,2383840.0
87282,2058644.0
87283,2021934.0
87284,2544857.0
87285,2675511.0
87286,1999097.0
87287,4467728.0
87288,3426169.0
87289,5787594.0
87290,6941173.0
87291,4491607.0
87292,3600467.0
87293,2156098.0
87294,5595267.0
87295,3727364.0
87296,3939804.0
87297,3426169.0
87298,8894598.0
87299,3347767.0
87300,2058644.0
87301,5435276.0
87302,3004429.0
87303,2058644.0
87304,8213524.0
87305,6313221.0
87306,2993069.0
87307,4263629.0
87308,3982767.0
87309,4250553.0
87310,2267425.0
87311,2097022.0
87312,2344689.0
87313,3600467.0
87314,3982767.0
87315,1149870.0
87316,3600467.0
87317,1756069.0
87318,1619683.0
87319,3410878.0
87320,9652350.0
87321,5595267.0
87322,3351383.0
87323,6941173.0
87324,2097022.0
87325,4052733.0
87326,3410878.0
87327,4264176.0
87328,5337526.0
87329,3982767.0
87330,3745135.0
87331,3347767.0
87332,4491607.0
87333,4100886.0
87334,1763231.0
87335,1999097.0
87336,2344689.0
87337,4052733.0
87338,6363241.0
87339,5966193.0
87340,3351383.0
87341,1149870.0
87342,5595267.0
87343,4952255.0
87344,2525375.0
87345,3351383.0
87346,6412623.0
87347,6836483.0
87348,3903884.0
87349,3351383.0
87350,1756069.0
87351,1999097.0
87352,3410878.0
87353,2675511.0
87354,6694797.0
87355,2732645.0
87356,2344689.0
87357,3939804.0
87358,13575224.0
87359,4467728.0
87360,3410878.0
87361,7201784.0
87362,3745135.0
87363,2792031.0
87364,3199619.0
87365,4250758.0
87366,3939804.0
87367,1999097.0
87368,6313221.0
87369,4705945.0
87370,1270499.0
87371,3780019.0
87372,2954086.0
87373,1270499.0
87374,5595267.0
87375,1270499.0
87376,3347767.0
87377,7865428.0
87378,2544857.0
87379,3745135.0
87380,4250553.0
87381,2344689.0
87382,5017319.0
87383,5595267.0
87384,3351383.0
87385,1904842.0
87386,4590423.0
87387,1847826.0
87388,2525375.0
87389,3903884.0
87390,2993069.0
87391,16549064.0
87392,1904842.0
87393,4264176.0
87394,3410878.0
87395,3600467.0
87396,3600467.0
87397,2018785.0
87398,3376145.0
87399,7495092.0
87400,1149870.0
87401,2344689.0
87402,5595267.0
87403,6782425.0
87404,2267425.0
87405,3956086.0
87406,1756069.0
87407,3351383.0
87408,4554237.0
87409,1999097.0
87410,6694797.0
87411,2055379.0
87412,2675511.0
87413,4066618.0
87414,3410878.0
87415,4015749.0
87416,3347767.0
87417,2551252.0
87418,6836483.0
87419,1999097.0
87420,2390534.0
87421,4264176.0
87422,1882131.0
87423,3351383.0
87424,1270499.0
87425,2058644.0
87426,1270499.0
87427,2383840.0
87428,2344689.0
87429,3778621.0
87430,5444227.0
87431,4015749.0
87432,4015749.0
87433,3745135.0
87434,2025297.0
87435,1756069.0
87436,3836721.0
87437,3347767.0
87438,8213524.0
87439,3347767.0
87440,3351383.0
87441,3447890.0
87442,3028267.0
87443,1270499.0
87444,6412623.0
87445,6363241.0
87446,2267425.0
87447,7495092.0
87448,3347767.0
87449,3445076.0
87450,2390534.0
87451,5525735.0
87452,3347767.0
87453,3745135.0
87454,2792031.0
87455,2344689.0
87456,2021934.0
87457,6836483.0
87458,7217634.0
87459,9262754.0
87460,3410878.0
87461,3956086.0
87462,4316715.0
87463,3199619.0
87464,5017319.0
87465,2058644.0
87466,2097022.0
87467,3780019.0
87468,3426169.0
87469,3727364.0
87470,8904084.0
87471,6313221.0
87472,1734634.0
87473,2675511.0
87474,8213524.0
87475,3426169.0
87476,1149870.0
87477,1149870.0
87478,3836721.0
87479,1756069.0
87480,3199619.0
87481,3780019.0
87482,2021934.0
87483,4316715.0
87484,5595267.0
87485,5525735.0
87486,3351383.0
87487,2097022.0
87488,1904842.0
87489,4100886.0
87490,7592272.0
87491,1763231.0
87492,9262754.0
87493,3600467.0
87494,1270499.0
87495,3426169.0
87496,5286212.0
87497,8904084.0
87498,4705945.0
87499,3028267.0
87500,3347767.0
87501,3956086.0
87502,1904842.0
87503,1270499.0
87504,3028267.0
87505,2097022.0
87506,1756069.0
87507,3258837.0
87508,2364478.0
87509,2738052.0
87510,5435276.0
87511,2954086.0
87512,6941173.0
87513,4052733.0
87514,3939804.0
87515,4316715.0
87516,3273041.0
87517,4491607.0
87518,2738052.0
87519,4888774.0
87520,3447890.0
87521,7865428.0
87522,1270499.0
87523,3956086.0
87524,1882131.0
87525,4264176.0
87526,1999097.0
87527,5444227.0
87528,7592272.0
87529,8904084.0
87530,4888774.0
87531,3008199.0
87532,2390534.0
87533,2058644.0
87534,1619683.0
87535,7217634.0
87536,2732645.0
87537,2993069.0
87538,1619683.0
87539,2383840.0
87540,2371202.0
87541,2344689.0
87542,4052733.0
87543,2021934.0
87544,2058644.0
87545,1270499.0
87546,2390534.0
87547,2097022.0
87548,1149870.0
87549,3376145.0
87550,9652350.0
87551,3752885.0
87552,3004429.0
87553,3939804.0
87554,3248660.0
87555,4067566.0
87556,3347767.0
87557,6941173.0
87558,7201784.0
87559,2732645.0
87560,2021934.0
87561,2267425.0
87562,2371202.0
87563,1882131.0
87564,1149870.0
87565,3982767.0
87566,3258837.0
87567,2018785.0
87568,1847826.0
87569,3028267.0
87570,8213524.0
87571,4250758.0
87572,3347767.0
87573,2738052.0
87574,3261924.0
87575,3004429.0
87576,3600467.0
87577,4052733.0
87578,3410878.0
87579,4882985.0
87580,4882985.0
87581,8213524.0
87582,1763231.0
87583,2740687.0
87584,8213524.0
87585,1847826.0
87586,4651866.0
87587,7495092.0
87588,7865428.0
87589,7217634.0
87590,5787594.0
87591,4250553.0
87592,2018785.0
87593,3745135.0
87594,3028267.0
87595,6313221.0
87596,4219263.0
87597,2055379.0
87598,3248660.0
87599,2344689.0
87600,4136425.0
87601,2058644.0
87602,1619683.0
87603,1847826.0
87604,2058644.0
87605,4888774.0
87606,2344689.0
87607,2018785.0
87608,8213524.0
87609,1734634.0
87610,3258837.0
87611,2021934.0
87612,2344689.0
87613,2021934.0
87614,2390534.0
87615,5500818.0
87616,1763231.0
87617,3351383.0
87618,3745135.0
87619,8904084.0
87620,7217634.0
87621,2021934.0
87622,2551252.0
87623,4316715.0
87624,3447890.0
87625,4882985.0
87626,3780019.0
87627,4491607.0
87628,3248660.0
87629,6836483.0
87630,2344689.0
87631,3727364.0
87632,2390534.0
87633,1882131.0
87634,1904842.0
87635,4554237.0
87636,2364478.0
87637,1882131.0
87638,4491607.0
87639,1756069.0
87640,2344689.0
87641,4491607.0
87642,9262754.0
87643,5444227.0
87644,3447890.0
87645,4015749.0
87646,2551252.0
87647,2544857.0
87648,7592272.0
87649,1756069.0
87650,2732645.0
87651,2344689.0
87652,4250553.0
87653,3410878.0
87654,2993069.0
87655,3218918.0
87656,3410878.0
87657,2018785.0
87658,1756069.0
87659,2097022.0
87660,2058644.0
87661,5525735.0
87662,8213524.0
87663,2732645.0
87664,3727364.0
87665,4554237.0
87666,5166635.0
87667,2058644.0
87668,1619683.0
87669,5595267.0
87670,2018785.0
87671,2097022.0
87672,3410878.0
87673,3982767.0
87674,2993069.0
87675,6363241.0
87676,4263629.0
87677,8213524.0
87678,8904084.0
87679,7201784.0
87680,4250758.0
87681,3982767.0
87682,4952255.0
87683,3778621.0
87684,4467728.0
87685,3807496.0
87686,8904084.0
87687,2364478.0
87688,3780019.0
87689,3028267.0
87690,3426169.0
87691,1756069.0
87692,3956086.0
87693,2058644.0
87694,3727364.0
87695,1270499.0
87696,2371202.0
87697,3956086.0
87698,1270499.0
87699,3836721.0
87700,1270499.0
87701,2156098.0
87702,6782425.0
87703,3218918.0
87704,3956086.0
87705,1999097.0
87706,1904842.0
87707,2792031.0
87708,8213524.0
87709,2371202.0
87710,2083447.0
87711,4136425.0
87712,2097022.0
87713,5461700.0
87714,2544857.0
87715,4705945.0
87716,3410878.0
87717,3452382.0
87718,3351383.0
87719,6923131.0
87720,3836721.0
87721,8213524.0
87722,2993069.0
87723,2344689.0
87724,2021934.0
87725,3753720.0
87726,4067566.0
87727,1270499.0
87728,4316715.0
87729,6412623.0
87730,1149870.0
87731,7865428.0
87732,3199619.0
87733,7217634.0
87734,7495092.0
87735,1999097.0
87736,4015749.0
87737,3780019.0
87738,4015749.0
87739,2954086.0
87740,2018785.0
87741,3600467.0
87742,2018785.0
87743,2083447.0
87744,4250758.0
87745,2383840.0
87746,5787594.0
87747,1619683.0
87748,2018785.0
87749,2018785.0
87750,4590423.0
87751,3939804.0
87752,1619683.0
87753,5525735.0
87754,1270499.0
87755,3447890.0
87756,2792031.0
87757,3727364.0
87758,1847826.0
87759,2018785.0
87760,3778621.0
87761,4015749.0
87762,9652350.0
87763,1847826.0
87764,4467728.0
87765,3008199.0
87766,2267425.0
87767,3956086.0
87768,4952255.0
87769,3807496.0
87770,3982767.0
87771,2025297.0
87772,3600467.0
87773,2551252.0
87774,3258837.0
87775,3028267.0
87776,3004429.0
87777,8213524.0
87778,3780019.0
87779,2018785.0
87780,3447890.0
87781,4491607.0
87782,6923131.0
87783,2018785.0
87784,3028267.0
87785,4067566.0
87786,3347767.0
87787,4015749.0
87788,3347767.0
87789,3004429.0
87790,2055379.0
87791,5500818.0
87792,4316715.0
87793,1882131.0
87794,7201784.0
87795,2954086.0
87796,1756069.0
87797,1756069.0
87798,4429512.0
87799,3778621.0
87800,3452382.0
87801,1999097.0
87802,4015749.0
87803,2055379.0
87804,2267425.0
87805,2021934.0
87806,1999097.0
87807,3447890.0
87808,1999097.0
87809,3261924.0
87810,1999097.0
87811,2732645.0
87812,2344689.0
87813,4250758.0
87814,1270499.0
87815,3004429.0
87816,3410878.0
87817,1149870.0
87818,2055379.0
87819,2390534.0
87820,1270499.0
87821,8213524.0
87822,3410878.0
87823,6923131.0
87824,5337526.0
87825,1763231.0
87826,1882131.0
87827,3939804.0
87828,1882131.0
87829,2021934.0
87830,3600467.0
87831,8213524.0
87832,8213524.0
87833,7217634.0
87834,6313221.0
87835,1847826.0
87836,3004429.0
87837,4705945.0
87838,3273041.0
87839,3426169.0
87840,3376145.0
87841,1619683.0
87842,6694797.0
87843,6782425.0
87844,3004429.0
87845,4491607.0
87846,2740687.0
87847,3351383.0
87848,2025297.0
87849,6313221.0
87850,1149870.0
87851,3939804.0
87852,2544857.0
87853,4250553.0
87854,5500818.0
87855,8213524.0
87856,1270499.0
87857,4219263.0
87858,3780019.0
87859,1270499.0
87860,2792031.0
87861,4952255.0
87862,1999097.0
87863,3351383.0
87864,1756069.0
87865,1756069.0
87866,2371202.0
87867,1999097.0
87868,4316715.0
87869,7201784.0
87870,2525375.0
87871,6313221.0
87872,6313221.0
87873,2993069.0
87874,5166635.0
87875,1756069.0
87876,2021934.0
87877,2364478.0
87878,4100886.0
87879,4350573.0
87880,5161370.0
87881,5787594.0
87882,2018785.0
87883,7865428.0
87884,8213524.0
87885,3004429.0
87886,2390534.0
87887,1882131.0
87888,4491607.0
87889,2551252.0
87890,2344689.0
87891,4250758.0
87892,1756069.0
87893,1882131.0
87894,5161370.0
87895,3004429.0
87896,1149870.0
87897,3600467.0
87898,3939804.0
87899,6941173.0
87900,2390534.0
87901,4429512.0
87902,4952255.0
87903,3273041.0
87904,1756069.0
87905,2544857.0
87906,2544857.0
87907,3745135.0
87908,6694797.0
87909,4350573.0
87910,4590423.0
87911,1270499.0
87912,5525735.0
87913,2675511.0
87914,3956086.0
87915,2364478.0
87916,3939804.0
87917,3351383.0
87918,2018785.0
87919,3600467.0
87920,5595267.0
87921,5461700.0
87922,5595267.0
87923,2021934.0
87924,2267425.0
87925,6313221.0
87926,3351383.0
87927,3008199.0
87928,3004429.0
87929,5653753.0
87930,2954086.0
87931,2156098.0
87932,6941173.0
87933,1149870.0
87934,4316715.0
87935,5461700.0
87936,1734634.0
87937,2018785.0
87938,4015749.0
87939,1999097.0
87940,1904842.0
87941,4250553.0
87942,4807746.0
87943,4888774.0
87944,4067566.0
87945,2344689.0
87946,2390534.0
87947,3347767.0
87948,3376145.0
87949,2021934.0
87950,4316715.0
87951,5166635.0
87952,2021934.0
87953,4350573.0
87954,6363241.0
87955,2025297.0
87956,6412623.0
87957,3956086.0
87958,1270499.0
87959,2525375.0
87960,1882131.0
87961,2018785.0
87962,6313221.0
87963,2021934.0
87964,2021934.0
87965,3008199.0
87966,4888774.0
87967,6923131.0
87968,6412623.0
87969,5595267.0
87970,5525735.0
87971,3410878.0
87972,1756069.0
87973,1999097.0
87974,1734634.0
87975,3347767.0
87976,2732645.0
87977,5500818.0
87978,1847826.0
87979,3351383.0
87980,3347767.0
87981,4066618.0
87982,4554237.0
87983,1756069.0
87984,3410878.0
87985,4316715.0
87986,8894598.0
87987,4882985.0
87988,3745135.0
87989,7201784.0
87990,4219263.0
87991,1999097.0
87992,1149870.0
87993,2525375.0
87994,6694797.0
87995,3008199.0
87996,4250758.0
87997,4250553.0
87998,4015749.0
87999,2021934.0
88000,4100886.0
88001,2525375.0
88002,3028267.0
88003,1847826.0
88004,1619683.0
88005,2525375.0
88006,3199619.0
88007,2018785.0
88008,9262754.0
88009,2544857.0
88010,3445076.0
88011,3939804.0
88012,3939804.0
88013,8213524.0
88014,2021934.0
88015,1904842.0
88016,6836483.0
88017,3351383.0
88018,2055379.0
88019,5595267.0
88020,9652350.0
88021,3410878.0
88022,4429512.0
88023,4491607.0
88024,4155435.0
88025,2371202.0
88026,3410878.0
88027,1619683.0
88028,4467728.0
88029,7865428.0
88030,2055379.0
88031,2390534.0
88032,3982767.0
88033,6836483.0
88034,3780019.0
88035,3807496.0
88036,2267425.0
88037,4590423.0
88038,3939804.0
88039,2344689.0
88040,7865428.0
88041,4066618.0
88042,2390534.0
88043,2371202.0
88044,2792031.0
88045,2097022.0
88046,2097022.0
88047,3004429.0
88048,2993069.0
88049,2344689.0
88050,6313221.0
88051,4952255.0
88052,2097022.0
88053,1619683.0
88054,3447890.0
88055,7495092.0
88056,4219263.0
88057,1149870.0
88058,3600467.0
88059,3600467.0
88060,3426169.0
88061,4067566.0
88062,4705945.0
88063,5595267.0
88064,5653753.0
88065,3447890.0
88066,3410878.0
88067,2371202.0
88068,2058644.0
88069,3426169.0
88070,6313221.0
88071,4136425.0
88072,3745135.0
88073,1270499.0
88074,6941173.0
88075,4807746.0
88076,4705945.0
88077,2018785.0
88078,4052733.0
88079,7592272.0
88080,8213524.0
88081,1999097.0
88082,8213524.0
88083,3727364.0
88084,3745135.0
88085,5595267.0
88086,3410878.0
88087,2383840.0
88088,6363241.0
88089,3004429.0
88090,2018785.0
88091,7495092.0
88092,3248660.0
88093,2732645.0
88094,3745135.0
88095,3778621.0
88096,4015749.0
88097,3939804.0
88098,5906596.0
88099,2097022.0
88100,4705945.0
88101,4952255.0
88102,7592272.0
88103,3347767.0
88104,3600467.0
88105,4467728.0
88106,3410878.0
88107,1999097.0
88108,1999097.0
88109,1756069.0
88110,3426169.0
88111,2732645.0
88112,1882131.0
88113,3982767.0
88114,4882985.0
88115,2018785.0
88116,6782425.0
88117,8213524.0
88118,5017319.0
88119,2021934.0
88120,4264176.0
88121,7201784.0
88122,2018785.0
88123,3956086.0
88124,2525375.0
88125,3347767.0
88126,2267425.0
88127,5500818.0
88128,6313221.0
88129,5166635.0
88130,3745135.0
88131,1756069.0
88132,3004429.0
88133,1999097.0
88134,1270499.0
88135,1756069.0
88136,5461700.0
88137,7592272.0
88138,2021934.0
88139,6782425.0
88140,3351383.0
88141,5595267.0
88142,1756069.0
88143,5461700.0
88144,3410878.0
88145,2021934.0
88146,3004429.0
88147,6412623.0
88148,3347767.0
88149,2267425.0
88150,2364478.0
88151,3351383.0
88152,3426169.0
88153,3351383.0
88154,4467728.0
88155,4491607.0
88156,3600467.0
88157,2156098.0
88158,2738052.0
88159,4467728.0
88160,5787594.0
88161,2544857.0
88162,1999097.0
88163,2021934.0
88164,1149870.0
88165,1270499.0
88166,5906596.0
88167,6313221.0
88168,1619683.0
88169,2021934.0
88170,2344689.0
88171,2267425.0
88172,1999097.0
88173,1149870.0
88174,2675511.0
88175,2732645.0
88176,1999097.0
88177,4350573.0
88178,2544857.0
88179,1756069.0
88180,13575224.0
88181,4467728.0
88182,9652350.0
88183,3600467.0
88184,1756069.0
88185,3778621.0
88186,3600467.0
88187,2058644.0
88188,6412623.0
88189,1619683.0
88190,1619683.0
88191,2390534.0
88192,1619683.0
88193,2390534.0
88194,1999097.0
88195,2738052.0
88196,8213524.0
88197,3807496.0
88198,3600467.0
88199,2021934.0
88200,2021934.0
88201,1619683.0
88202,3410878.0
88203,1619683.0
88204,3836721.0
88205,6694797.0
88206,6313221.0
88207,2738052.0
88208,1149870.0
88209,9262754.0
88210,4316715.0
88211,2792031.0
88212,8213524.0
88213,3273041.0
88214,2792031.0
88215,4952255.0
88216,3347767.0
88217,3745135.0
88218,4952255.0
88219,9652350.0
88220,8894598.0
88221,1999097.0
88222,5444227.0
88223,3218918.0
88224,4066618.0
88225,4052733.0
88226,3004429.0
88227,5017319.0
88228,6694797.0
88229,3351383.0
88230,4155435.0
88231,3347767.0
88232,4100886.0
88233,2058644.0
88234,3351383.0
88235,3261924.0
88236,2390534.0
88237,6836483.0
88238,4780607.0
88239,1270499.0
88240,6923131.0
88241,5017319.0
88242,3447890.0
88243,6694797.0
88244,3982767.0
88245,8894598.0
88246,2018785.0
88247,8904084.0
88248,1270499.0
88249,3745135.0
88250,6363241.0
88251,3004429.0
88252,2018785.0
88253,3426169.0
88254,7217634.0
88255,3199619.0
88256,3752885.0
88257,3570392.0
88258,3445076.0
88259,2055379.0
88260,6941173.0
88261,3426169.0
88262,4554237.0
88263,5787594.0
88264,3752885.0
88265,2738052.0
88266,3447890.0
88267,4491607.0
88268,4467728.0
88269,2390534.0
88270,2021934.0
88271,4286645.0
88272,4491607.0
88273,4250553.0
88274,3982767.0
88275,3956086.0
88276,1882131.0
88277,2993069.0
88278,3028267.0
88279,6836483.0
88280,2675511.0
88281,2344689.0
88282,3410878.0
88283,3028267.0
88284,3982767.0
88285,2954086.0
88286,3426169.0
88287,3347767.0
88288,5653753.0
88289,3218918.0
88290,3028267.0
88291,3410878.0
88292,2364478.0
88293,2551252.0
88294,2058644.0
88295,3778621.0
88296,1999097.0
88297,2021934.0
88298,2021934.0
88299,1999097.0
88300,8904084.0
88301,2058644.0
88302,3780019.0
88303,3445076.0
88304,9262754.0
88305,1619683.0
88306,2344689.0
88307,7201784.0
88308,2058644.0
88309,2018785.0
88310,3410878.0
88311,4467728.0
88312,1882131.0
88313,3600467.0
88314,5166635.0
88315,2018785.0
88316,3752885.0
88317,2055379.0
88318,3410878.0
88319,2390534.0
88320,1756069.0
88321,5444227.0
88322,2344689.0
88323,4316715.0
88324,2732645.0
88325,2018785.0
88326,2097022.0
88327,5286212.0
88328,6923131.0
88329,2390534.0
88330,4250553.0
88331,4952255.0
88332,2390534.0
88333,1149870.0
88334,2551252.0
88335,5017319.0
88336,3982767.0
88337,1882131.0
88338,4882985.0
88339,7592272.0
88340,3745135.0
88341,2058644.0
88342,7201784.0
88343,4015749.0
88344,2021934.0
88345,7217634.0
88346,4067566.0
88347,3351383.0
88348,1619683.0
88349,3248660.0
88350,8213524.0
88351,3982767.0
88352,3347767.0
88353,2058644.0
88354,5166635.0
88355,4015749.0
88356,1149870.0
88357,4888774.0
88358,3351383.0
88359,2344689.0
88360,3600467.0
88361,5500818.0
88362,1149870.0
88363,7592272.0
88364,2058644.0
88365,3903884.0
88366,4807746.0
88367,6782425.0
88368,3982767.0
88369,3753720.0
88370,1734634.0
88371,6313221.0
88372,1149870.0
88373,2055379.0
88374,4015749.0
88375,2097022.0
88376,2156098.0
88377,2738052.0
88378,7201784.0
88379,3004429.0
88380,4067566.0
88381,2551252.0
88382,8213524.0
88383,3752885.0
88384,5595267.0
88385,2018785.0
88386,4052733.0
88387,2383840.0
88388,2025297.0
88389,2267425.0
88390,3780019.0
88391,6313221.0
88392,3351383.0
88393,2097022.0
88394,4882985.0
88395,3752885.0
88396,2097022.0
88397,2097022.0
88398,2675511.0
88399,6313221.0
88400,3600467.0
88401,2732645.0
88402,2344689.0
88403,4286645.0
88404,2390534.0
88405,4219263.0
88406,2055379.0
88407,3347767.0
88408,2021934.0
88409,8213524.0
88410,1619683.0
88411,2993069.0
88412,1882131.0
88413,4264176.0
88414,5444227.0
88415,1756069.0
88416,4491607.0
88417,3004429.0
88418,2344689.0
88419,2390534.0
88420,1756069.0
88421,2344689.0
88422,3351383.0
88423,2371202.0
88424,1763231.0
88425,3939804.0
88426,3004429.0
88427,2675511.0
88428,2097022.0
88429,1756069.0
88430,2058644.0
88431,3028267.0
88432,6694797.0
88433,3410878.0
88434,5500818.0
88435,3004429.0
88436,1270499.0
88437,3426169.0
88438,1999097.0
88439,3410878.0
88440,3939804.0
88441,3956086.0
88442,2055379.0
88443,4491607.0
88444,8904084.0
88445,4491607.0
88446,2055379.0
88447,6363241.0
88448,4590423.0
88449,4250758.0
88450,3248660.0
88451,4219263.0
88452,3600467.0
88453,3982767.0
88454,9262754.0
88455,5166635.0
88456,4554237.0
88457,5166635.0
88458,1270499.0
88459,3410878.0
88460,2021934.0
88461,6412623.0
88462,4554237.0
88463,2390534.0
88464,3004429.0
88465,3956086.0
88466,2021934.0
88467,3956086.0
88468,1999097.0
88469,6836483.0
88470,7201784.0
88471,6313221.0
88472,4155435.0
88473,1847826.0
88474,2018785.0
88475,1763231.0
88476,6313221.0
88477,2675511.0
88478,6313221.0
88479,3807496.0
88480,1149870.0
88481,1847826.0
88482,3745135.0
88483,3778621.0
88484,3347767.0
88485,3351383.0
88486,3028267.0
88487,1763231.0
88488,3218918.0
88489,3347767.0
88490,2097022.0
88491,3410878.0
88492,3600467.0
88493,7201784.0
88494,6836483.0
88495,3004429.0
88496,2097022.0
88497,3780019.0
88498,3351383.0
88499,3351383.0
88500,3004429.0
88501,7217634.0
88502,3727364.0
88503,2021934.0
88504,7865428.0
88505,6313221.0
88506,3745135.0
88507,1270499.0
88508,3939804.0
88509,2383840.0
88510,1619683.0
88511,3445076.0
88512,1149870.0
88513,4316715.0
88514,2097022.0
88515,5166635.0
88516,1756069.0
88517,3004429.0
88518,4491607.0
88519,8904084.0
88520,1904842.0
88521,1999097.0
88522,6941173.0
88523,1734634.0
88524,1149870.0
88525,4067566.0
88526,2058644.0
88527,5595267.0
88528,9652350.0
88529,3261924.0
88530,1756069.0
88531,3447890.0
88532,1999097.0
88533,3903884.0
88534,3248660.0
88535,3982767.0
88536,2021934.0
88537,6412623.0
88538,6412623.0
88539,2738052.0
88540,1619683.0
88541,6923131.0
88542,2097022.0
88543,3570392.0
88544,2344689.0
88545,3376145.0
88546,2018785.0
88547,1270499.0
88548,4100886.0
88549,3745135.0
88550,3199619.0
88551,1999097.0
88552,4590423.0
88553,3452382.0
88554,1904842.0
88555,2675511.0
88556,1847826.0
88557,2018785.0
88558,1756069.0
88559,1756069.0
88560,3807496.0
88561,6412623.0
88562,2021934.0
88563,3347767.0
88564,6363241.0
88565,4015749.0
88566,4807746.0
88567,1999097.0
88568,3258837.0
88569,1882131.0
88570,2792031.0
88571,4015749.0
88572,3600467.0
88573,5435276.0
88574,4952255.0
88575,3982767.0
88576,3347767.0
88577,1756069.0
88578,6363241.0
88579,3347767.0
88580,3258837.0
88581,4067566.0
88582,3836721.0
88583,2018785.0
88584,4952255.0
88585,4052733.0
88586,2097022.0
88587,3410878.0
88588,5787594.0
88589,2018785.0
88590,1270499.0
88591,4136425.0
88592,2344689.0
88593,5525735.0
88594,3248660.0
88595,1619683.0
88596,4219263.0
88597,2025297.0
88598,7865428.0
88599,2993069.0
88600,2383840.0
88601,4491607.0
88602,1999097.0
88603,3745135.0
88604,4067566.0
88605,3780019.0
88606,1847826.0
88607,1149870.0
88608,1149870.0
88609,3447890.0
88610,3004429.0
88611,1270499.0
88612,1847826.0
88613,3218918.0
88614,3447890.0
88615,3780019.0
88616,2792031.0
88617,5166635.0
88618,3410878.0
88619,8213524.0
88620,3410878.0
88621,4067566.0
88622,1619683.0
88623,3410878.0
88624,7201784.0
88625,3351383.0
88626,1756069.0
88627,2058644.0
88628,3426169.0
88629,8630682.0
88630,3426169.0
88631,5595267.0
88632,3004429.0
88633,4705945.0
88634,3727364.0
88635,4467728.0
88636,3410878.0
88637,2058644.0
88638,6694797.0
88639,2344689.0
88640,3351383.0
88641,2018785.0
88642,3982767.0
88643,1734634.0
88644,3248660.0
88645,1882131.0
88646,8213524.0
88647,3004429.0
88648,4350573.0
88649,2344689.0
88650,4952255.0
88651,6694797.0
88652,1734634.0
88653,3410878.0
88654,2021934.0
88655,7217634.0
88656,5500818.0
88657,2344689.0
88658,4467728.0
88659,3426169.0
88660,3376145.0
88661,2021934.0
88662,4250553.0
88663,1999097.0
88664,7865428.0
88665,3248660.0
88666,3347767.0
88667,3447890.0
88668,2018785.0
88669,3778621.0
88670,4467728.0
88671,6941173.0
88672,2344689.0
88673,2267425.0
88674,1763231.0
88675,3351383.0
88676,2371202.0
88677,1882131.0
88678,3347767.0
88679,2058644.0
88680,2097022.0
88681,4350573.0
88682,1734634.0
88683,2025297.0
88684,2390534.0
88685,4590423.0
88686,2544857.0
88687,2058644.0
88688,2156098.0
88689,7495092.0
88690,3426169.0
88691,1270499.0
88692,3982767.0
88693,4219263.0
88694,3248660.0
88695,2732645.0
88696,1882131.0
88697,3982767.0
88698,3745135.0
88699,2390534.0
88700,3410878.0
88701,2390534.0
88702,8904084.0
88703,4350573.0
88704,2097022.0
88705,2055379.0
88706,5906596.0
88707,3351383.0
88708,2021934.0
88709,2021934.0
88710,5595267.0
88711,3600467.0
88712,2390534.0
88713,3426169.0
88714,4250758.0
88715,3351383.0
88716,7592272.0
88717,3745135.0
88718,6694797.0
88719,2544857.0
88720,1763231.0
88721,5166635.0
88722,4491607.0
88723,1270499.0
88724,5906596.0
88725,5525735.0
88726,6941173.0
88727,2993069.0
88728,6836483.0
88729,3410878.0
88730,1619683.0
88731,6836483.0
88732,2732645.0
88733,1756069.0
88734,5435276.0
88735,3351383.0
88736,3426169.0
88737,4780607.0
88738,4590423.0
88739,5595267.0
88740,8894598.0
88741,9262754.0
88742,6363241.0
88743,3753720.0
88744,4250553.0
88745,8213524.0
88746,2021934.0
88747,2267425.0
88748,3004429.0
88749,5525735.0
88750,1999097.0
88751,3600467.0
88752,2058644.0
88753,1756069.0
88754,2344689.0
88755,2993069.0
88756,1847826.0
88757,7592272.0
88758,2344689.0
88759,6694797.0
88760,2058644.0
88761,3956086.0
88762,1882131.0
88763,2675511.0
88764,3745135.0
88765,8213524.0
88766,6313221.0
88767,3452382.0
88768,3780019.0
88769,2344689.0
88770,1904842.0
88771,2018785.0
88772,3351383.0
88773,3982767.0
88774,8213524.0
88775,1756069.0
88776,4250553.0
88777,3956086.0
88778,3753720.0
88779,4067566.0
88780,1847826.0
88781,6941173.0
88782,1999097.0
88783,3426169.0
88784,3753720.0
88785,3248660.0
88786,4264176.0
88787,4052733.0
88788,2675511.0
88789,3939804.0
88790,4264176.0
88791,2344689.0
88792,2018785.0
88793,4052733.0
88794,1999097.0
88795,3956086.0
88796,6923131.0
88797,3028267.0
88798,4316715.0
88799,3447890.0
88800,3199619.0
88801,3347767.0
88802,1882131.0
88803,3956086.0
88804,6363241.0
88805,8894598.0
88806,2058644.0
88807,2021934.0
88808,7217634.0
88809,4491607.0
88810,3956086.0
88811,3939804.0
88812,3903884.0
88813,3347767.0
88814,5595267.0
88815,2371202.0
88816,4052733.0
88817,3004429.0
88818,5500818.0
88819,1149870.0
88820,4491607.0
88821,3939804.0
88822,1270499.0
88823,3248660.0
88824,3982767.0
88825,4015749.0
88826,3939804.0
88827,3410878.0
88828,2058644.0
88829,4491607.0
88830,1149870.0
88831,3780019.0
88832,1999097.0
88833,3600467.0
88834,1734634.0
88835,4590423.0
88836,4491607.0
88837,2738052.0
88838,2390534.0
88839,4350573.0
88840,4066618.0
88841,2055379.0
88842,4015749.0
88843,5017319.0
88844,1619683.0
88845,2732645.0
88846,2390534.0
88847,1999097.0
88848,3982767.0
88849,4590423.0
88850,8904084.0
88851,4066618.0
88852,5595267.0
88853,2021934.0
88854,3004429.0
88855,13575224.0
88856,2097022.0
88857,3004429.0
88858,2344689.0
88859,3982767.0
88860,3410878.0
88861,2097022.0
88862,4015749.0
88863,6923131.0
88864,3939804.0
88865,3426169.0
88866,3836721.0
88867,4155435.0
88868,4952255.0
88869,2058644.0
88870,16549064.0
88871,2097022.0
88872,3600467.0
88873,2344689.0
88874,1999097.0
88875,4316715.0
88876,1904842.0
88877,6313221.0
88878,5444227.0
88879,1999097.0
88880,3410878.0
88881,6313221.0
88882,1756069.0
88883,1270499.0
88884,7217634.0
88885,2993069.0
88886,2021934.0
88887,2025297.0
88888,2525375.0
88889,5595267.0
88890,2732645.0
88891,7592272.0
88892,3780019.0
88893,6836483.0
88894,3410878.0
88895,2390534.0
88896,6941173.0
88897,6412623.0
88898,1904842.0
88899,2344689.0
88900,2792031.0
88901,3447890.0
88902,5787594.0
88903,3347767.0
88904,1999097.0
88905,6694797.0
88906,3982767.0
88907,1904842.0
88908,2954086.0
88909,1847826.0
88910,1882131.0
88911,4066618.0
88912,3836721.0
88913,6836483.0
88914,3347767.0
88915,3447890.0
88916,2055379.0
88917,6694797.0
88918,3261924.0
88919,1999097.0
88920,2018785.0
88921,5500818.0
88922,1999097.0
88923,1999097.0
88924,4250553.0
88925,3410878.0
88926,2371202.0
88927,1882131.0
88928,4350573.0
88929,2267425.0
88930,4052733.0
88931,6313221.0
88932,1756069.0
88933,2525375.0
88934,4015749.0
88935,4250553.0
88936,3982767.0
88937,4250553.0
88938,5500818.0
88939,2018785.0
88940,2058644.0
88941,1149870.0
88942,6313221.0
88943,3727364.0
88944,7592272.0
88945,7592272.0
88946,2156098.0
88947,4651866.0
88948,2021934.0
88949,3807496.0
88950,3982767.0
88951,1619683.0
88952,4350573.0
88953,2055379.0
88954,2267425.0
88955,2371202.0
88956,3028267.0
88957,2156098.0
88958,3956086.0
88959,2156098.0
88960,3836721.0
88961,2097022.0
88962,3410878.0
88963,3939804.0
88964,9652350.0
88965,2018785.0
88966,8213524.0
88967,3028267.0
88968,1149870.0
88969,4491607.0
88970,3727364.0
88971,2018785.0
88972,1999097.0
88973,1999097.0
88974,8213524.0
88975,3028267.0
88976,2018785.0
88977,2675511.0
88978,2055379.0
88979,5435276.0
88980,4491607.0
88981,2021934.0
88982,3903884.0
88983,7217634.0
88984,2544857.0
88985,3836721.0
88986,2267425.0
88987,4250758.0
88988,3218918.0
88989,1756069.0
88990,2993069.0
88991,6941173.0
88992,3261924.0
88993,1619683.0
88994,9262754.0
88995,7865428.0
88996,2792031.0
88997,3745135.0
88998,3410878.0
88999,2732645.0
89000,4952255.0
89001,3410878.0
89002,2390534.0
89003,5966193.0
89004,5595267.0
89005,4780607.0
89006,3956086.0
89007,4705945.0
89008,7201784.0
89009,1619683.0
89010,3982767.0
89011,1999097.0
89012,3261924.0
89013,5595267.0
89014,4888774.0
89015,5017319.0
89016,4350573.0
89017,6412623.0
89018,7592272.0
89019,9652350.0
89020,2732645.0
89021,7201784.0
89022,3351383.0
89023,3347767.0
89024,4250553.0
89025,3410878.0
89026,2993069.0
89027,7217634.0
89028,1270499.0
89029,1882131.0
89030,3004429.0
89031,2055379.0
89032,2021934.0
89033,1904842.0
89034,4429512.0
89035,2344689.0
89036,3258837.0
89037,3410878.0
89038,2371202.0
89039,3752885.0
89040,4350573.0
89041,3447890.0
89042,4067566.0
89043,6313221.0
89044,3745135.0
89045,3248660.0
89046,4554237.0
89047,3410878.0
89048,7592272.0
89049,3600467.0
89050,3410878.0
89051,2055379.0
89052,4316715.0
89053,3752885.0
89054,1756069.0
89055,1999097.0
89056,1270499.0
89057,2018785.0
89058,8213524.0
89059,2058644.0
89060,4067566.0
89061,4067566.0
89062,7201784.0
89063,2732645.0
89064,4052733.0
89065,2544857.0
89066,4888774.0
89067,3351383.0
89068,6941173.0
89069,6313221.0
89070,3447890.0
89071,3351383.0
89072,4264176.0
89073,2544857.0
89074,1904842.0
89075,1756069.0
89076,1734634.0
89077,6363241.0
89078,5787594.0
89079,4100886.0
89080,2993069.0
89081,7495092.0
89082,2267425.0
89083,2390534.0
89084,2156098.0
89085,3410878.0
89086,2156098.0
89087,2097022.0
89088,2390534.0
89089,4651866.0
89090,7865428.0
89091,2993069.0
89092,2993069.0
89093,5525735.0
89094,3410878.0
89095,3956086.0
89096,5787594.0
89097,4100886.0
89098,2021934.0
89099,1882131.0
89100,2544857.0
89101,4264176.0
89102,2018785.0
89103,2058644.0
89104,4807746.0
89105,4888774.0
89106,6412623.0
89107,6313221.0
89108,8213524.0
89109,2390534.0
89110,4705945.0
89111,4491607.0
89112,3836721.0
89113,5787594.0
89114,2018785.0
89115,2371202.0
89116,2025297.0
89117,1756069.0
89118,4015749.0
89119,1882131.0
89120,3410878.0
89121,2083447.0
89122,5525735.0
89123,6782425.0
89124,2792031.0
89125,2097022.0
89126,3376145.0
89127,2018785.0
89128,3199619.0
89129,7217634.0
89130,6836483.0
89131,3248660.0
89132,9262754.0
89133,2732645.0
89134,9262754.0
89135,4067566.0
89136,8213524.0
89137,2390534.0
89138,3778621.0
89139,2732645.0
89140,2525375.0
89141,1756069.0
89142,5444227.0
89143,3452382.0
89144,3004429.0
89145,1999097.0
89146,2058644.0
89147,4952255.0
89148,2993069.0
89149,3351383.0
89150,1756069.0
89151,3745135.0
89152,2097022.0
89153,6836483.0
89154,5500818.0
89155,6782425.0
89156,3376145.0
89157,2551252.0
89158,6836483.0
89159,1756069.0
89160,4491607.0
89161,7495092.0
89162,3351383.0
89163,3903884.0
89164,8213524.0
89165,3410878.0
89166,1756069.0
89167,3836721.0
89168,2344689.0
89169,6694797.0
89170,6941173.0
89171,3780019.0
89172,3447890.0
89173,3780019.0
89174,3903884.0
89175,3004429.0
89176,4052733.0
89177,1904842.0
89178,3410878.0
89179,4590423.0
89180,1270499.0
89181,2738052.0
89182,3600467.0
89183,3939804.0
89184,2738052.0
89185,3426169.0
89186,4250553.0
89187,7865428.0
89188,1270499.0
89189,6313221.0
89190,2018785.0
89191,4316715.0
89192,2021934.0
89193,1999097.0
89194,2097022.0
89195,7201784.0
89196,1763231.0
89197,1619683.0
89198,3248660.0
89199,4952255.0
89200,3410878.0
89201,3426169.0
89202,3410878.0
89203,3982767.0
89204,1270499.0
89205,2018785.0
89206,2083447.0
89207,2021934.0
89208,5906596.0
89209,2390534.0
89210,3258837.0
89211,2018785.0
89212,3426169.0
89213,4052733.0
89214,1756069.0
89215,3780019.0
89216,1756069.0
89217,3248660.0
89218,2058644.0
89219,3780019.0
89220,3778621.0
89221,1763231.0
89222,3570392.0
89223,3410878.0
89224,5787594.0
89225,1619683.0
89226,4066618.0
89227,3939804.0
89228,2525375.0
89229,7592272.0
89230,2344689.0
89231,3752885.0
89232,3273041.0
89233,4067566.0
89234,3248660.0
89235,2267425.0
89236,5337526.0
89237,3982767.0
89238,1756069.0
89239,1149870.0
89240,5500818.0
89241,5017319.0
89242,3351383.0
89243,2058644.0
89244,2097022.0
89245,2390534.0
89246,5444227.0
89247,8630682.0
89248,6412623.0
89249,2371202.0
89250,16549064.0
89251,3982767.0
89252,3807496.0
89253,3445076.0
89254,2018785.0
89255,1756069.0
89256,3351383.0
89257,5435276.0
89258,2551252.0
89259,2344689.0
89260,8213524.0
89261,6313221.0
89262,4554237.0
89263,3600467.0
89264,6782425.0
89265,2371202.0
89266,2544857.0
89267,4015749.0
89268,4100886.0
89269,3004429.0
89270,1904842.0
89271,9652350.0
89272,2344689.0
89273,4015749.0
89274,1149870.0
89275,2732645.0
89276,4780607.0
89277,2675511.0
89278,1756069.0
89279,5337526.0
89280,2344689.0
89281,3347767.0
89282,1904842.0
89283,2732645.0
89284,3028267.0
89285,3982767.0
89286,2021934.0
89287,5435276.0
89288,3218918.0
89289,2344689.0
89290,3982767.0
89291,8213524.0
89292,3410878.0
89293,1619683.0
89294,4100886.0
89295,4807746.0
89296,1904842.0
89297,2371202.0
89298,2058644.0
89299,1619683.0
89300,2097022.0
89301,2018785.0
89302,4250553.0
89303,3836721.0
89304,4067566.0
89305,2021934.0
89306,4491607.0
89307,4067566.0
89308,5500818.0
89309,2058644.0
89310,1149870.0
89311,3753720.0
89312,1882131.0
89313,1756069.0
89314,7201784.0
89315,2018785.0
89316,3004429.0
89317,3347767.0
89318,3410878.0
89319,2344689.0
89320,2058644.0
89321,3745135.0
89322,3727364.0
89323,4250758.0
89324,3028267.0
89325,1619683.0
89326,2383840.0
89327,5595267.0
89328,2018785.0
89329,2364478.0
89330,4780607.0
89331,2021934.0
89332,1882131.0
89333,1270499.0
89334,3818055.0
89335,1619683.0
89336,3261924.0
89337,3745135.0
89338,2344689.0
89339,5435276.0
89340,5500818.0
89341,7495092.0
89342,5787594.0
89343,3347767.0
89344,4250553.0
89345,6313221.0
89346,3376145.0
89347,1847826.0
89348,3778621.0
89349,2675511.0
89350,3939804.0
89351,3261924.0
89352,4067566.0
89353,2371202.0
89354,3004429.0
89355,2364478.0
89356,1149870.0
89357,3836721.0
89358,2083447.0
89359,2267425.0
89360,1756069.0
89361,2344689.0
89362,2390534.0
89363,1270499.0
89364,4491607.0
89365,2732645.0
89366,6782425.0
89367,2390534.0
89368,2390534.0
89369,5337526.0
89370,2344689.0
89371,3410878.0
89372,3258837.0
89373,3982767.0
89374,2018785.0
89375,2792031.0
89376,1734634.0
89377,3426169.0
89378,1734634.0
89379,4052733.0
89380,7592272.0
89381,3600467.0
89382,1270499.0
89383,2344689.0
89384,3600467.0
89385,6836483.0
89386,6836483.0
89387,2525375.0
89388,5595267.0
89389,4491607.0
89390,1619683.0
89391,2544857.0
89392,4015749.0
89393,2954086.0
89394,4052733.0
89395,1270499.0
89396,1270499.0
89397,5595267.0
89398,4052733.0
89399,2021934.0
89400,4155435.0
89401,3347767.0
89402,9262754.0
89403,6923131.0
89404,3351383.0
89405,1847826.0
89406,3778621.0
89407,2083447.0
89408,4052733.0
89409,2544857.0
89410,1904842.0
89411,2993069.0
89412,1999097.0
89413,1999097.0
89414,3351383.0
89415,3447890.0
89416,2390534.0
89417,2383840.0
89418,1882131.0
89419,2156098.0
89420,5787594.0
89421,4263629.0
89422,4052733.0
89423,3600467.0
89424,2390534.0
89425,6412623.0
89426,7592272.0
89427,6313221.0
89428,3218918.0
89429,4467728.0
89430,3600467.0
89431,3778621.0
89432,4136425.0
89433,2097022.0
89434,2025297.0
89435,7592272.0
89436,3410878.0
89437,5444227.0
89438,2025297.0
89439,3351383.0
89440,3004429.0
89441,2058644.0
89442,6313221.0
89443,6363241.0
89444,3982767.0
89445,6313221.0
89446,1847826.0
89447,3752885.0
89448,5461700.0
89449,3004429.0
89450,2390534.0
89451,2390534.0
89452,4250758.0
89453,1149870.0
89454,2156098.0
89455,3410878.0
89456,5500818.0
89457,2021934.0
89458,5787594.0
89459,2267425.0
89460,7592272.0
89461,2344689.0
89462,5500818.0
89463,1619683.0
89464,2344689.0
89465,2383840.0
89466,1882131.0
89467,3410878.0
89468,6836483.0
89469,2058644.0
89470,8904084.0
89471,4136425.0
89472,2058644.0
89473,3347767.0
89474,4316715.0
89475,1847826.0
89476,3218918.0
89477,5444227.0
89478,3351383.0
89479,3199619.0
89480,2383840.0
89481,3780019.0
89482,7592272.0
89483,3218918.0
89484,3982767.0
89485,1619683.0
89486,3982767.0
89487,2732645.0
89488,2383840.0
89489,6313221.0
89490,4491607.0
89491,2732645.0
89492,2738052.0
89493,4491607.0
89494,4350573.0
89495,1847826.0
89496,2058644.0
89497,4219263.0
89498,3818055.0
89499,2097022.0
89500,3248660.0
89501,4015749.0
89502,4705945.0
89503,1270499.0
89504,3780019.0
89505,3004429.0
89506,9652350.0
89507,5653753.0
89508,3903884.0
89509,1882131.0
89510,6923131.0
89511,3445076.0
89512,3004429.0
89513,8213524.0
89514,6836483.0
89515,1734634.0
89516,2021934.0
89517,3258837.0
89518,2058644.0
89519,6694797.0
89520,3410878.0
89521,2344689.0
89522,2018785.0
89523,7592272.0
89524,4250553.0
89525,8213524.0
89526,2993069.0
89527,3780019.0
89528,1734634.0
89529,5525735.0
89530,5337526.0
89531,3745135.0
89532,3351383.0
89533,6363241.0
89534,3273041.0
89535,4250758.0
89536,2344689.0
89537,1756069.0
89538,5525735.0
89539,1619683.0
89540,4316715.0
89541,3410878.0
89542,4264176.0
89543,2055379.0
89544,1149870.0
89545,7592272.0
89546,4350573.0
89547,1619683.0
89548,6412623.0
89549,2344689.0
89550,2525375.0
89551,3982767.0
89552,3410878.0
89553,3982767.0
89554,2021934.0
89555,8904084.0
89556,1149870.0
89557,5166635.0
89558,2267425.0
89559,3218918.0
89560,8213524.0
89561,5500818.0
89562,6412623.0
89563,1847826.0
89564,3752885.0
89565,5286212.0
89566,5444227.0
89567,3004429.0
89568,3447890.0
89569,4219263.0
89570,1149870.0
89571,3351383.0
89572,1270499.0
89573,2055379.0
89574,6412623.0
89575,1999097.0
89576,3004429.0
89577,3445076.0
89578,2021934.0
89579,1999097.0
89580,3727364.0
89581,4554237.0
89582,5525735.0
89583,3745135.0
89584,2544857.0
89585,6836483.0
89586,2993069.0
89587,1999097.0
89588,3351383.0
89589,3028267.0
89590,4219263.0
89591,3351383.0
89592,2058644.0
89593,7201784.0
89594,3600467.0
89595,1882131.0
89596,1999097.0
89597,2675511.0
89598,3347767.0
89599,1756069.0
89600,5525735.0
89601,3780019.0
89602,2018785.0
89603,2390534.0
89604,4067566.0
89605,2156098.0
89606,4052733.0
89607,3956086.0
89608,2344689.0
89609,3903884.0
89610,1763231.0
89611,4705945.0
89612,2058644.0
89613,2371202.0
89614,2055379.0
89615,2344689.0
89616,1847826.0
89617,3778621.0
89618,1270499.0
89619,3004429.0
89620,6313221.0
89621,2792031.0
89622,3008199.0
89623,3351383.0
89624,3836721.0
89625,4491607.0
89626,4467728.0
89627,3447890.0
89628,7217634.0
89629,3028267.0
89630,2058644.0
89631,5595267.0
89632,3956086.0
89633,8213524.0
89634,3410878.0
89635,7865428.0
89636,7495092.0
89637,3410878.0
89638,4350573.0
89639,2390534.0
89640,4491607.0
89641,2675511.0
89642,1847826.0
89643,2021934.0
89644,2544857.0
89645,4250553.0
89646,3004429.0
89647,1756069.0
89648,5787594.0
89649,2097022.0
89650,2371202.0
89651,4219263.0
89652,4052733.0
89653,1270499.0
89654,7865428.0
89655,1149870.0
89656,2083447.0
89657,2390534.0
89658,2055379.0
89659,3780019.0
89660,4250553.0
89661,2344689.0
89662,4052733.0
89663,2058644.0
89664,4100886.0
89665,3600467.0
89666,2371202.0
89667,9262754.0
89668,3982767.0
89669,2993069.0
89670,2383840.0
89671,3939804.0
89672,5525735.0
89673,3258837.0
89674,4264176.0
89675,3410878.0
89676,3004429.0
89677,2544857.0
89678,3752885.0
89679,3351383.0
89680,2018785.0
89681,2792031.0
89682,8213524.0
89683,2551252.0
89684,4651866.0
89685,4807746.0
89686,4100886.0
89687,3376145.0
89688,4590423.0
89689,1847826.0
89690,5595267.0
89691,3752885.0
89692,6941173.0
89693,3600467.0
89694,3351383.0
89695,2058644.0
89696,3982767.0
89697,6782425.0
89698,3745135.0
89699,6313221.0
89700,4250758.0
89701,3004429.0
89702,1270499.0
89703,1847826.0
89704,2371202.0
89705,3600467.0
89706,3410878.0
89707,1904842.0
89708,4705945.0
89709,3447890.0
89710,6941173.0
89711,3028267.0
89712,2999068.0
89713,2525375.0
89714,1882131.0
89715,2097022.0
89716,3956086.0
89717,3351383.0
89718,2156098.0
89719,1619683.0
89720,4491607.0
89721,3347767.0
89722,6782425.0
89723,1999097.0
89724,6782425.0
89725,4250758.0
89726,4250553.0
89727,2021934.0
89728,2993069.0
89729,9652350.0
89730,5906596.0
89731,3982767.0
89732,3426169.0
89733,2544857.0
89734,3351383.0
89735,4263629.0
89736,3028267.0
89737,2058644.0
89738,4888774.0
89739,2732645.0
89740,2390534.0
89741,1763231.0
89742,3410878.0
89743,4100886.0
89744,3447890.0
89745,3273041.0
89746,3028267.0
89747,6363241.0
89748,3836721.0
89749,2097022.0
89750,4250553.0
89751,1619683.0
89752,2018785.0
89753,2344689.0
89754,3351383.0
89755,2058644.0
89756,4219263.0
89757,2544857.0
89758,3426169.0
89759,5525735.0
89760,13575224.0
89761,4066618.0
89762,7592272.0
89763,3004429.0
89764,2021934.0
89765,4590423.0
89766,3903884.0
89767,6363241.0
89768,2025297.0
89769,1270499.0
89770,6941173.0
89771,2544857.0
89772,4491607.0
89773,3956086.0
89774,3347767.0
89775,3745135.0
89776,2525375.0
89777,1149870.0
89778,1734634.0
89779,7592272.0
89780,3426169.0
89781,2058644.0
89782,1904842.0
89783,4052733.0
89784,4467728.0
89785,3778621.0
89786,1734634.0
89787,3982767.0
89788,1999097.0
89789,4052733.0
89790,1619683.0
89791,4491607.0
89792,3982767.0
89793,2675511.0
89794,4350573.0
89795,6412623.0
89796,2390534.0
89797,1763231.0
89798,4705945.0
89799,4250553.0
89800,1270499.0
89801,1847826.0
89802,2544857.0
89803,4350573.0
89804,2371202.0
89805,3410878.0
89806,6694797.0
89807,1763231.0
89808,3164972.0
89809,2544857.0
89810,1270499.0
89811,2371202.0
89812,4250553.0
89813,4590423.0
89814,2999068.0
89815,3004429.0
89816,4067566.0
89817,4100886.0
89818,1149870.0
89819,3447890.0
89820,3807496.0
89821,1882131.0
89822,2021934.0
89823,2993069.0
89824,5444227.0
89825,5525735.0
89826,3347767.0
89827,4316715.0
89828,4100886.0
89829,3939804.0
89830,1882131.0
89831,3004429.0
89832,2525375.0
89833,3939804.0
89834,3727364.0
89835,5525735.0
89836,2267425.0
89837,2018785.0
89838,3218918.0
89839,3745135.0
89840,6694797.0
89841,5595267.0
89842,3426169.0
89843,3445076.0
89844,4067566.0
89845,6836483.0
89846,3351383.0
89847,3351383.0
89848,3248660.0
89849,8213524.0
89850,2018785.0
89851,1149870.0
89852,4651866.0
89853,4888774.0
89854,7217634.0
89855,3410878.0
89856,6923131.0
89857,3426169.0
89858,2993069.0
89859,5595267.0
89860,2738052.0
89861,1904842.0
89862,4467728.0
89863,1999097.0
89864,3004429.0
89865,1149870.0
89866,7201784.0
89867,2058644.0
89868,1756069.0
89869,3248660.0
89870,2021934.0
89871,4250553.0
89872,1847826.0
89873,2025297.0
89874,4807746.0
89875,2058644.0
89876,3410878.0
89877,5500818.0
89878,2018785.0
89879,4052733.0
89880,3347767.0
89881,4554237.0
89882,2058644.0
89883,1756069.0
89884,2055379.0
89885,4100886.0
89886,4316715.0
89887,2018785.0
89888,2993069.0
89889,2058644.0
89890,1904842.0
89891,2344689.0
89892,3600467.0
89893,4705945.0
89894,3347767.0
89895,4491607.0
89896,1882131.0
89897,1904842.0
89898,2058644.0
89899,4155435.0
89900,2551252.0
89901,1619683.0
89902,2371202.0
89903,4807746.0
89904,5444227.0
89905,4807746.0
89906,2097022.0
89907,5461700.0
89908,1999097.0
89909,3004429.0
89910,3248660.0
89911,4952255.0
89912,9262754.0
89913,1270499.0
89914,2344689.0
89915,16549064.0
89916,2344689.0
89917,5500818.0
89918,3351383.0
89919,3347767.0
89920,3004429.0
89921,2383840.0
89922,2156098.0
89923,3273041.0
89924,1619683.0
89925,2371202.0
89926,5166635.0
89927,6313221.0
89928,8213524.0
89929,5161370.0
89930,2083447.0
89931,3004429.0
89932,7495092.0
89933,4263629.0
89934,1904842.0
89935,6412623.0
89936,1999097.0
89937,6363241.0
89938,2993069.0
89939,5525735.0
89940,2025297.0
89941,3258837.0
89942,2018785.0
89943,3903884.0
89944,4264176.0
89945,2344689.0
89946,3028267.0
89947,1847826.0
89948,1999097.0
89949,3410878.0
89950,2544857.0
89951,2021934.0
89952,3004429.0
89953,3164972.0
89954,3778621.0
89955,2732645.0
89956,2018785.0
89957,5461700.0
89958,3836721.0
89959,4316715.0
89960,4052733.0
89961,4316715.0
89962,4015749.0
89963,4015749.0
89964,3410878.0
89965,2551252.0
89966,2371202.0
89967,3004429.0
89968,6313221.0
89969,3258837.0
89970,2055379.0
89971,3426169.0
89972,5966193.0
89973,1756069.0
89974,1270499.0
89975,2018785.0
89976,2021934.0
89977,2344689.0
89978,2390534.0
89979,3727364.0
89980,1756069.0
89981,3248660.0
89982,2097022.0
89983,3982767.0
89984,4952255.0
89985,4067566.0
89986,2018785.0
89987,2267425.0
89988,3351383.0
89989,3004429.0
89990,1756069.0
89991,3871344.0
89992,4350573.0
89993,3004429.0
89994,7495092.0
89995,4067566.0
89996,3376145.0
89997,3258837.0
89998,4263629.0
89999,3347767.0
90000,5595267.0
90001,6313221.0
90002,4350573.0
90003,3218918.0
90004,5444227.0
90005,2344689.0
90006,2097022.0
90007,1999097.0
90008,2732645.0
90009,3727364.0
90010,2055379.0
90011,3410878.0
90012,2344689.0
90013,4100886.0
90014,1756069.0
90015,2083447.0
90016,3410878.0
90017,2675511.0
90018,1270499.0
90019,1847826.0
90020,1149870.0
90021,5595267.0
90022,3410878.0
90023,1847826.0
90024,7495092.0
90025,3410878.0
90026,2097022.0
90027,3982767.0
90028,2364478.0
90029,1999097.0
90030,6313221.0
90031,3778621.0
90032,3426169.0
90033,1999097.0
90034,2371202.0
90035,4491607.0
90036,3218918.0
90037,3727364.0
90038,3982767.0
90039,2097022.0
90040,4888774.0
90041,4067566.0
90042,3780019.0
90043,6313221.0
90044,5595267.0
90045,1756069.0
90046,3347767.0
90047,3347767.0
90048,3807496.0
90049,4350573.0
90050,1619683.0
90051,9262754.0
90052,3982767.0
90053,7217634.0
90054,2675511.0
90055,7592272.0
90056,6836483.0
90057,2018785.0
90058,7495092.0
90059,3351383.0
90060,4705945.0
90061,2344689.0
90062,3939804.0
90063,9262754.0
90064,3199619.0
90065,5444227.0
90066,4952255.0
90067,4067566.0
90068,3600467.0
90069,2097022.0
90070,5595267.0
90071,3410878.0
90072,4590423.0
90073,5017319.0
90074,1763231.0
90075,2021934.0
90076,7592272.0
90077,2551252.0
90078,5166635.0
90079,1149870.0
90080,4888774.0
90081,4250553.0
90082,2371202.0
90083,5525735.0
90084,1149870.0
90085,1270499.0
90086,2390534.0
90087,5525735.0
90088,1756069.0
90089,2792031.0
90090,3218918.0
90091,1999097.0
90092,5595267.0
90093,4554237.0
90094,1149870.0
90095,3004429.0
90096,5461700.0
90097,4316715.0
90098,2058644.0
90099,3956086.0
90100,3745135.0
90101,2732645.0
90102,2344689.0
90103,4705945.0
90104,3004429.0
90105,2383840.0
90106,1999097.0
90107,3351383.0
90108,1149870.0
90109,1999097.0
90110,3028267.0
90111,9262754.0
90112,2018785.0
90113,2344689.0
90114,3004429.0
90115,4952255.0
90116,5595267.0
90117,3939804.0
90118,1270499.0
90119,5166635.0
90120,2021934.0
90121,6412623.0
90122,1999097.0
90123,4015749.0
90124,2344689.0
90125,1619683.0
90126,3982767.0
90127,2732645.0
90128,3778621.0
90129,1999097.0
90130,4807746.0
90131,1756069.0
90132,4264176.0
90133,4052733.0
90134,3807496.0
90135,1149870.0
90136,1882131.0
90137,4015749.0
90138,3445076.0
90139,5500818.0
90140,4250553.0
90141,3248660.0
90142,6363241.0
90143,2025297.0
90144,4052733.0
90145,2551252.0
90146,2390534.0
90147,2364478.0
90148,6836483.0
90149,2675511.0
90150,2097022.0
90151,1756069.0
90152,4491607.0
90153,4250553.0
90154,2021934.0
90155,6412623.0
90156,2544857.0
90157,2740687.0
90158,3004429.0
90159,2675511.0
90160,2525375.0
90161,5595267.0
90162,4952255.0
90163,2383840.0
90164,2738052.0
90165,1847826.0
90166,2058644.0
90167,2390534.0
90168,1270499.0
90169,1847826.0
90170,4015749.0
90171,4590423.0
90172,3939804.0
90173,2993069.0
90174,3447890.0
90175,3939804.0
90176,2544857.0
90177,3778621.0
90178,3982767.0
90179,1999097.0
90180,3351383.0
90181,2344689.0
90182,2344689.0
90183,8213524.0
90184,1734634.0
90185,8213524.0
90186,2525375.0
90187,3956086.0
90188,1270499.0
90189,4350573.0
90190,2993069.0
90191,1847826.0
90192,1756069.0
90193,2097022.0
90194,3426169.0
90195,1999097.0
90196,3004429.0
90197,2390534.0
90198,6694797.0
90199,6694797.0
90200,3351383.0
90201,1270499.0
90202,2344689.0
90203,7217634.0
90204,1149870.0
90205,3903884.0
90206,3780019.0
90207,4554237.0
90208,2792031.0
90209,5435276.0
90210,4952255.0
90211,4780607.0
90212,1999097.0
90213,3410878.0
90214,1619683.0
90215,1734634.0
90216,1847826.0
90217,7217634.0
90218,3982767.0
90219,4066618.0
90220,3939804.0
90221,5787594.0
90222,3836721.0
90223,4467728.0
90224,3347767.0
90225,6923131.0
90226,3752885.0
90227,6836483.0
90228,8904084.0
90229,3727364.0
90230,2058644.0
90231,1999097.0
90232,8213524.0
90233,4286645.0
90234,1904842.0
90235,2344689.0
90236,1999097.0
90237,6941173.0
90238,3426169.0
90239,3028267.0
90240,3347767.0
90241,2267425.0
90242,8213524.0
90243,2021934.0
90244,2551252.0
90245,2383840.0
90246,3426169.0
90247,1999097.0
90248,2544857.0
90249,4467728.0
90250,7217634.0
90251,2018785.0
90252,3452382.0
90253,1756069.0
90254,5595267.0
90255,1270499.0
90256,3347767.0
90257,2954086.0
90258,6923131.0
90259,4554237.0
90260,3982767.0
90261,4491607.0
90262,2344689.0
90263,2525375.0
90264,4952255.0
90265,3258837.0
90266,5337526.0
90267,1999097.0
90268,2371202.0
90269,4067566.0
90270,2344689.0
90271,3410878.0
90272,3351383.0
90273,3410878.0
90274,4780607.0
90275,2390534.0
90276,4807746.0
90277,2390534.0
90278,6782425.0
90279,2525375.0
90280,3004429.0
90281,2344689.0
90282,2018785.0
90283,1270499.0
90284,3410878.0
90285,3600467.0
90286,4316715.0
90287,6694797.0
90288,2058644.0
90289,3410878.0
90290,2097022.0
90291,3600467.0
90292,9262754.0
90293,2055379.0
90294,3028267.0
90295,6923131.0
90296,1999097.0
90297,4263629.0
90298,2025297.0
90299,2021934.0
90300,7217634.0
90301,5500818.0
90302,1999097.0
90303,1149870.0
90304,3410878.0
90305,3248660.0
90306,3956086.0
90307,3199619.0
90308,2544857.0
90309,2058644.0
90310,3351383.0
90311,3351383.0
90312,1882131.0
90313,4807746.0
90314,3199619.0
90315,6694797.0
90316,8213524.0
90317,4705945.0
90318,3982767.0
90319,6412623.0
90320,3028267.0
90321,1763231.0
90322,2021934.0
90323,1882131.0
90324,3410878.0
90325,2018785.0
90326,3939804.0
90327,8213524.0
90328,1904842.0
90329,4264176.0
90330,4491607.0
90331,7592272.0
90332,3410878.0
90333,4888774.0
90334,1619683.0
90335,5525735.0
90336,1882131.0
90337,4052733.0
90338,3426169.0
90339,2018785.0
90340,3753720.0
90341,5337526.0
90342,6313221.0
90343,4264176.0
90344,3347767.0
90345,1999097.0
90346,2364478.0
90347,8213524.0
90348,4705945.0
90349,1763231.0
90350,1999097.0
90351,3351383.0
90352,4952255.0
90353,6313221.0
90354,2675511.0
90355,3982767.0
90356,5595267.0
90357,2344689.0
90358,3426169.0
90359,1882131.0
90360,4067566.0
90361,6313221.0
90362,4015749.0
90363,8904084.0
90364,2371202.0
90365,5166635.0
90366,4554237.0
90367,1904842.0
90368,2390534.0
90369,2999068.0
90370,4705945.0
90371,2021934.0
90372,4491607.0
90373,3248660.0
90374,2058644.0
90375,4100886.0
90376,3410878.0
90377,2738052.0
90378,2097022.0
90379,7592272.0
90380,4052733.0
90381,3199619.0
90382,6313221.0
90383,2058644.0
90384,7217634.0
90385,4250553.0
90386,1999097.0
90387,3447890.0
90388,1904842.0
90389,3351383.0
90390,4250553.0
90391,4052733.0
90392,4250758.0
90393,3347767.0
90394,2792031.0
90395,1763231.0
90396,2344689.0
90397,6694797.0
90398,1847826.0
90399,3351383.0
90400,3727364.0
90401,4250553.0
90402,3600467.0
90403,4882985.0
90404,4250553.0
90405,4350573.0
90406,6941173.0
90407,1270499.0
90408,4100886.0
90409,2390534.0
90410,2097022.0
90411,1882131.0
90412,2732645.0
90413,4429512.0
90414,3745135.0
90415,1999097.0
90416,1847826.0
90417,2738052.0
90418,6941173.0
90419,2097022.0
90420,2390534.0
90421,1734634.0
90422,4888774.0
90423,3982767.0
90424,6836483.0
90425,3836721.0
90426,1847826.0
90427,4052733.0
90428,3028267.0
90429,2344689.0
90430,1999097.0
90431,2993069.0
90432,2018785.0
90433,3004429.0
90434,2738052.0
90435,1270499.0
90436,5595267.0
90437,4491607.0
90438,4888774.0
90439,3351383.0
90440,2055379.0
90441,2021934.0
90442,6694797.0
90443,3004429.0
90444,1756069.0
90445,2371202.0
90446,3807496.0
90447,3273041.0
90448,2544857.0
90449,3982767.0
90450,3410878.0
90451,4554237.0
90452,8904084.0
90453,4780607.0
90454,4882985.0
90455,3351383.0
90456,2675511.0
90457,3351383.0
90458,1270499.0
90459,3426169.0
90460,1149870.0
90461,2792031.0
90462,3452382.0
90463,1756069.0
90464,3600467.0
90465,3004429.0
90466,6363241.0
90467,3447890.0
90468,3347767.0
90469,4952255.0
90470,3410878.0
90471,9262754.0
90472,1756069.0
90473,4491607.0
90474,5461700.0
90475,2018785.0
90476,1149870.0
90477,1999097.0
90478,2371202.0
90479,1270499.0
90480,1999097.0
90481,5595267.0
90482,4067566.0
90483,3753720.0
90484,1619683.0
90485,3410878.0
90486,4590423.0
90487,3982767.0
90488,1270499.0
90489,2390534.0
90490,2792031.0
90491,1270499.0
90492,2021934.0
90493,1270499.0
90494,8904084.0
90495,3004429.0
90496,8904084.0
90497,4888774.0
90498,2021934.0
90499,6313221.0
90500,7201784.0
90501,1904842.0
90502,2097022.0
90503,5595267.0
90504,3600467.0
90505,3273041.0
90506,6694797.0
90507,3727364.0
90508,1619683.0
90509,3410878.0
90510,1999097.0
90511,3351383.0
90512,9262754.0
90513,1904842.0
90514,4491607.0
90515,5525735.0
90516,2999068.0
90517,4807746.0
90518,8904084.0
90519,6412623.0
90520,4066618.0
90521,2058644.0
90522,4263629.0
90523,3199619.0
90524,2525375.0
90525,3376145.0
90526,7592272.0
90527,3004429.0
90528,3745135.0
90529,1847826.0
90530,3780019.0
90531,2156098.0
90532,3939804.0
90533,1149870.0
90534,1619683.0
90535,4807746.0
90536,4264176.0
90537,2993069.0
90538,3351383.0
90539,4467728.0
90540,1619683.0
90541,4888774.0
90542,6313221.0
90543,6923131.0
90544,3273041.0
90545,3778621.0
90546,4250758.0
90547,2344689.0
90548,4705945.0
90549,3807496.0
90550,2083447.0
90551,4491607.0
90552,2097022.0
90553,4882985.0
90554,3410878.0
90555,4491607.0
90556,5595267.0
90557,6694797.0
90558,1763231.0
90559,3351383.0
90560,3982767.0
90561,5166635.0
90562,2525375.0
90563,7201784.0
90564,4052733.0
90565,3410878.0
90566,3199619.0
90567,2993069.0
90568,4780607.0
90569,4067566.0
90570,3447890.0
90571,3780019.0
90572,4250553.0
90573,4052733.0
90574,3347767.0
90575,3727364.0
90576,3727364.0
90577,6313221.0
90578,1149870.0
90579,3745135.0
90580,7495092.0
90581,3836721.0
90582,4554237.0
90583,6694797.0
90584,2738052.0
90585,4590423.0
90586,4067566.0
90587,3447890.0
90588,2083447.0
90589,3261924.0
90590,4590423.0
90591,7217634.0
90592,1904842.0
90593,5500818.0
90594,2675511.0
90595,1619683.0
90596,3836721.0
90597,4250553.0
90598,2018785.0
90599,3982767.0
90600,5966193.0
90601,4952255.0
90602,3347767.0
90603,2390534.0
90604,3939804.0
90605,3600467.0
90606,3982767.0
90607,4467728.0
90608,6694797.0
90609,1619683.0
90610,2058644.0
90611,3410878.0
90612,2344689.0
90613,2055379.0
90614,8904084.0
90615,7495092.0
90616,2390534.0
90617,1619683.0
90618,2058644.0
90619,7495092.0
90620,4467728.0
90621,6313221.0
90622,3273041.0
90623,2344689.0
90624,3600467.0
90625,4066618.0
90626,3752885.0
90627,3410878.0
90628,2732645.0
90629,6941173.0
90630,3780019.0
90631,4952255.0
90632,2390534.0
90633,3376145.0
90634,3004429.0
90635,4316715.0
90636,3004429.0
90637,1149870.0
90638,6313221.0
90639,3351383.0
90640,3600467.0
90641,2344689.0
90642,3376145.0
90643,8213524.0
90644,1619683.0
90645,2390534.0
90646,5966193.0
90647,3199619.0
90648,1847826.0
90649,3347767.0
90650,7592272.0
90651,1619683.0
90652,5906596.0
90653,2344689.0
90654,3347767.0
90655,4807746.0
90656,1149870.0
90657,1270499.0
90658,4882985.0
90659,4100886.0
90660,2021934.0
90661,2021934.0
90662,2021934.0
90663,2390534.0
90664,3410878.0
90665,3248660.0
90666,7495092.0
90667,6941173.0
90668,1756069.0
90669,3261924.0
90670,2267425.0
90671,4952255.0
90672,3745135.0
90673,3410878.0
90674,3218918.0
90675,1149870.0
90676,1882131.0
90677,3780019.0
90678,2732645.0
90679,2344689.0
90680,3956086.0
90681,2018785.0
90682,2058644.0
90683,1734634.0
90684,3600467.0
90685,5595267.0
90686,4250553.0
90687,2390534.0
90688,2993069.0
90689,2097022.0
90690,4705945.0
90691,1619683.0
90692,5286212.0
90693,2055379.0
90694,3956086.0
90695,1149870.0
90696,3351383.0
90697,1619683.0
90698,1904842.0
90699,5595267.0
90700,1882131.0
90701,5595267.0
90702,2058644.0
90703,5595267.0
90704,1270499.0
90705,1882131.0
90706,8213524.0
90707,3956086.0
90708,3261924.0
90709,3347767.0
90710,4052733.0
90711,3939804.0
90712,2544857.0
90713,2999068.0
90714,1999097.0
90715,4264176.0
90716,1847826.0
90717,3982767.0
90718,3939804.0
90719,1149870.0
90720,3004429.0
90721,1756069.0
90722,3939804.0
90723,3447890.0
90724,3351383.0
90725,3956086.0
90726,2371202.0
90727,5525735.0
90728,1619683.0
90729,1999097.0
90730,1756069.0
90731,3347767.0
90732,3445076.0
90733,2344689.0
90734,1619683.0
90735,2083447.0
90736,4952255.0
90737,3004429.0
90738,3351383.0
90739,4554237.0
90740,4651866.0
90741,3939804.0
90742,1149870.0
90743,3600467.0
90744,2097022.0
90745,3939804.0
90746,2792031.0
90747,1619683.0
90748,1756069.0
90749,8904084.0
90750,1270499.0
90751,3426169.0
90752,4952255.0
90753,3982767.0
90754,3410878.0
90755,4052733.0
90756,3028267.0
90757,3745135.0
90758,3727364.0
90759,1882131.0
90760,1999097.0
90761,3426169.0
90762,2021934.0
90763,6313221.0
90764,5595267.0
90765,2551252.0
90766,7592272.0
90767,9262754.0
90768,1619683.0
90769,3347767.0
90770,3982767.0
90771,3347767.0
90772,2058644.0
90773,6836483.0
90774,1763231.0
90775,3410878.0
90776,1149870.0
90777,2738052.0
90778,2097022.0
90779,2525375.0
90780,3028267.0
90781,3745135.0
90782,2018785.0
90783,5525735.0
90784,3745135.0
90785,3248660.0
90786,1270499.0
90787,2058644.0
90788,3745135.0
90789,4015749.0
90790,4052733.0
90791,3956086.0
90792,5595267.0
90793,9262754.0
90794,1734634.0
90795,3903884.0
90796,2551252.0
90797,3004429.0
90798,1270499.0
90799,6923131.0
90800,1270499.0
90801,3903884.0
90802,1847826.0
90803,4264176.0
90804,2058644.0
90805,2021934.0
90806,4780607.0
90807,2525375.0
90808,2390534.0
90809,2097022.0
90810,4952255.0
90811,1619683.0
90812,1149870.0
90813,9262754.0
90814,4219263.0
90815,4286645.0
90816,4780607.0
90817,3258837.0
90818,4952255.0
90819,4952255.0
90820,1734634.0
90821,2390534.0
90822,4015749.0
90823,2675511.0
90824,2058644.0
90825,6313221.0
90826,6836483.0
90827,4952255.0
90828,4952255.0
90829,2058644.0
90830,2390534.0
90831,4052733.0
90832,3727364.0
90833,1847826.0
90834,3004429.0
90835,1619683.0
90836,4780607.0
90837,3164972.0
90838,3778621.0
90839,2058644.0
90840,7592272.0
90841,2344689.0
90842,3351383.0
90843,1149870.0
90844,3028267.0
90845,3600467.0
90846,1619683.0
90847,4263629.0
90848,2344689.0
90849,3939804.0
90850,3807496.0
90851,2344689.0
90852,3004429.0
90853,3218918.0
90854,2383840.0
90855,2675511.0
90856,3258837.0
90857,4467728.0
90858,4155435.0
90859,2544857.0
90860,5017319.0
90861,3004429.0
90862,3261924.0
90863,1270499.0
90864,6313221.0
90865,8904084.0
90866,4780607.0
90867,4067566.0
90868,2792031.0
90869,2371202.0
90870,5435276.0
90871,3745135.0
90872,1619683.0
90873,6836483.0
90874,4250553.0
90875,3199619.0
90876,4952255.0
90877,3004429.0
90878,2390534.0
90879,3600467.0
90880,7592272.0
90881,3347767.0
90882,2525375.0
90883,3351383.0
90884,7217634.0
90885,3600467.0
90886,3351383.0
90887,2055379.0
90888,3836721.0
90889,5653753.0
90890,2344689.0
90891,3600467.0
90892,5444227.0
90893,2544857.0
90894,7495092.0
90895,1270499.0
90896,3028267.0
90897,6412623.0
90898,2740687.0
90899,1756069.0
90900,3004429.0
90901,1882131.0
90902,2344689.0
90903,2021934.0
90904,1763231.0
90905,4491607.0
90906,3982767.0
90907,1149870.0
90908,7865428.0
90909,4316715.0
90910,1149870.0
90911,3004429.0
90912,6412623.0
90913,6836483.0
90914,2675511.0
90915,2732645.0
90916,3982767.0
90917,4100886.0
90918,2156098.0
90919,7495092.0
90920,6923131.0
90921,2018785.0
90922,6836483.0
90923,6923131.0
90924,6923131.0
90925,6694797.0
90926,2344689.0
90927,2021934.0
90928,2097022.0
90929,4780607.0
90930,6313221.0
90931,4067566.0
90932,6836483.0
90933,3164972.0
90934,3218918.0
90935,1619683.0
90936,1882131.0
90937,2675511.0
90938,2021934.0
90939,3939804.0
90940,3752885.0
90941,6694797.0
90942,1847826.0
90943,3982767.0
90944,4491607.0
90945,4491607.0
90946,3004429.0
90947,2025297.0
90948,2097022.0
90949,3982767.0
90950,3426169.0
90951,6363241.0
90952,3410878.0
90953,1756069.0
90954,1882131.0
90955,2732645.0
90956,1149870.0
90957,2544857.0
90958,3982767.0
90959,2390534.0
90960,6694797.0
90961,9262754.0
90962,2383840.0
90963,1756069.0
90964,2390534.0
90965,4264176.0
90966,2371202.0
90967,3410878.0
90968,2344689.0
90969,3600467.0
90970,1882131.0
90971,1619683.0
90972,2097022.0
90973,4263629.0
90974,4155435.0
90975,1756069.0
90976,4554237.0
90977,4100886.0
90978,1619683.0
90979,3028267.0
90980,1882131.0
90981,4554237.0
90982,3447890.0
90983,7217634.0
90984,8213524.0
90985,4264176.0
90986,6782425.0
90987,3982767.0
90988,2058644.0
90989,3273041.0
90990,3351383.0
90991,3351383.0
90992,5500818.0
90993,5525735.0
90994,3745135.0
90995,3028267.0
90996,4590423.0
90997,5595267.0
90998,3939804.0
90999,5500818.0
91000,1763231.0
91001,3426169.0
91002,2364478.0
91003,3218918.0
91004,1149870.0
91005,2021934.0
91006,6941173.0
91007,2344689.0
91008,5500818.0
91009,7495092.0
91010,3780019.0
91011,4888774.0
91012,1756069.0
91013,3376145.0
91014,3447890.0
91015,4250758.0
91016,2390534.0
91017,1999097.0
91018,1619683.0
91019,3351383.0
91020,5017319.0
91021,4052733.0
91022,4067566.0
91023,2371202.0
91024,1619683.0
91025,1756069.0
91026,4491607.0
91027,1270499.0
91028,7592272.0
91029,2344689.0
91030,3410878.0
91031,3258837.0
91032,3351383.0
91033,2097022.0
91034,3452382.0
91035,4491607.0
91036,3248660.0
91037,13575224.0
91038,4888774.0
91039,2156098.0
91040,2097022.0
91041,1149870.0
91042,2993069.0
91043,2025297.0
91044,2792031.0
91045,3836721.0
91046,2021934.0
91047,2058644.0
91048,7201784.0
91049,4491607.0
91050,7201784.0
91051,5595267.0
91052,5017319.0
91053,2097022.0
91054,5787594.0
91055,5337526.0
91056,5595267.0
91057,2058644.0
91058,5017319.0
91059,5500818.0
91060,7592272.0
91061,3982767.0
91062,5525735.0
91063,4350573.0
91064,4264176.0
91065,2018785.0
91066,4052733.0
91067,5525735.0
91068,6412623.0
91069,2993069.0
91070,3447890.0
91071,2018785.0
91072,2344689.0
91073,1999097.0
91074,3426169.0
91075,4807746.0
91076,6923131.0
91077,4052733.0
91078,1763231.0
91079,3447890.0
91080,3351383.0
91081,3351383.0
91082,2344689.0
91083,3727364.0
91084,4100886.0
91085,1882131.0
91086,4067566.0
91087,3351383.0
91088,1619683.0
91089,4015749.0
91090,6363241.0
91091,6313221.0
91092,1270499.0
91093,3410878.0
91094,7201784.0
91095,8213524.0
91096,5595267.0
91097,2018785.0
91098,1756069.0
91099,4491607.0
91100,4350573.0
91101,1756069.0
91102,3347767.0
91103,3261924.0
91104,6412623.0
91105,2732645.0
91106,1734634.0
91107,2371202.0
91108,3445076.0
91109,2021934.0
91110,1847826.0
91111,4491607.0
91112,2344689.0
91113,2344689.0
91114,2058644.0
91115,3447890.0
91116,7495092.0
91117,1270499.0
91118,8213524.0
91119,3745135.0
91120,2097022.0
91121,1763231.0
91122,3351383.0
91123,6412623.0
91124,5906596.0
91125,5461700.0
91126,1756069.0
91127,6694797.0
91128,7865428.0
91129,2021934.0
91130,3410878.0
91131,5500818.0
91132,4882985.0
91133,4250758.0
91134,1756069.0
91135,4705945.0
91136,3028267.0
91137,2018785.0
91138,1149870.0
91139,3410878.0
91140,7592272.0
91141,3218918.0
91142,1756069.0
91143,3004429.0
91144,4705945.0
91145,1847826.0
91146,1847826.0
91147,2738052.0
91148,3410878.0
91149,4015749.0
91150,4705945.0
91151,2058644.0
91152,3028267.0
91153,3351383.0
91154,2544857.0
91155,3351383.0
91156,3752885.0
91157,5435276.0
91158,2025297.0
91159,7592272.0
91160,3347767.0
91161,2058644.0
91162,3745135.0
91163,4264176.0
91164,3410878.0
91165,1882131.0
91166,3426169.0
91167,2371202.0
91168,4491607.0
91169,1619683.0
91170,7592272.0
91171,3004429.0
91172,1763231.0
91173,4590423.0
91174,3199619.0
91175,7592272.0
91176,1847826.0
91177,6313221.0
91178,8213524.0
91179,5525735.0
91180,2344689.0
91181,4250553.0
91182,2021934.0
91183,5461700.0
91184,2344689.0
91185,3778621.0
91186,3248660.0
91187,8213524.0
91188,4952255.0
91189,4888774.0
91190,5166635.0
91191,2267425.0
91192,1756069.0
91193,3351383.0
91194,3028267.0
91195,1882131.0
91196,4491607.0
91197,2097022.0
91198,1619683.0
91199,4554237.0
91200,1756069.0
91201,3836721.0
91202,4491607.0
91203,3261924.0
91204,2097022.0
91205,2675511.0
91206,3600467.0
91207,2097022.0
91208,2344689.0
91209,2097022.0
91210,3426169.0
91211,2156098.0
91212,2544857.0
91213,1756069.0
91214,7592272.0
91215,3727364.0
91216,2675511.0
91217,1149870.0
91218,2097022.0
91219,4250553.0
91220,4705945.0
91221,3248660.0
91222,1756069.0
91223,2525375.0
91224,4219263.0
91225,2018785.0
91226,2344689.0
91227,5435276.0
91228,4264176.0
91229,6941173.0
91230,7201784.0
91231,3727364.0
91232,8904084.0
91233,3351383.0
91234,3199619.0
91235,5286212.0
91236,9652350.0
91237,2021934.0
91238,3028267.0
91239,5595267.0
91240,1756069.0
91241,3745135.0
91242,3218918.0
91243,3347767.0
91244,8213524.0
91245,2021934.0
91246,3004429.0
91247,2055379.0
91248,1619683.0
91249,4491607.0
91250,2021934.0
91251,3982767.0
91252,5525735.0
91253,4264176.0
91254,2544857.0
91255,2732645.0
91256,6363241.0
91257,8213524.0
91258,3410878.0
91259,8213524.0
91260,1763231.0
91261,1270499.0
91262,5595267.0
91263,7592272.0
91264,1270499.0
91265,1619683.0
91266,4052733.0
91267,2058644.0
91268,4705945.0
91269,2344689.0
91270,2267425.0
91271,3727364.0
91272,3028267.0
91273,3982767.0
91274,2344689.0
91275,1270499.0
91276,5525735.0
91277,3727364.0
91278,2371202.0
91279,4100886.0
91280,4015749.0
91281,3248660.0
91282,3745135.0
91283,1882131.0
91284,1763231.0
91285,2792031.0
91286,4250758.0
91287,2018785.0
91288,2371202.0
91289,3410878.0
91290,2993069.0
91291,3004429.0
91292,6313221.0
91293,4155435.0
91294,2675511.0
91295,5595267.0
91296,4952255.0
91297,3745135.0
91298,2364478.0
91299,2675511.0
91300,4705945.0
91301,6941173.0
91302,6694797.0
91303,3351383.0
91304,3982767.0
91305,3600467.0
91306,2383840.0
91307,2097022.0
91308,3780019.0
91309,3273041.0
91310,2021934.0
91311,7217634.0
91312,1847826.0
91313,4491607.0
91314,1619683.0
91315,4067566.0
91316,3600467.0
91317,2055379.0
91318,6836483.0
91319,2344689.0
91320,2055379.0
91321,4250553.0
91322,1619683.0
91323,4952255.0
91324,7592272.0
91325,2267425.0
91326,1756069.0
91327,3410878.0
91328,4952255.0
91329,6941173.0
91330,6923131.0
91331,1999097.0
91332,7592272.0
91333,4100886.0
91334,1270499.0
91335,6941173.0
91336,2344689.0
91337,3004429.0
91338,2097022.0
91339,6923131.0
91340,2551252.0
91341,3752885.0
91342,4250758.0
91343,3956086.0
91344,2792031.0
91345,3347767.0
91346,2021934.0
91347,3745135.0
91348,3745135.0
91349,2344689.0
91350,2156098.0
91351,3836721.0
91352,1756069.0
91353,4100886.0
91354,7201784.0
91355,2025297.0
91356,8213524.0
91357,2267425.0
91358,3164972.0
91359,2018785.0
91360,2993069.0
91361,6313221.0
91362,2525375.0
91363,6313221.0
91364,4705945.0
91365,2390534.0
91366,3780019.0
91367,1270499.0
91368,3004429.0
91369,3376145.0
91370,3982767.0
91371,3410878.0
91372,1999097.0
91373,3004429.0
91374,2018785.0
91375,4554237.0
91376,4952255.0
91377,2058644.0
91378,2390534.0
91379,5595267.0
91380,2058644.0
91381,2025297.0
91382,1756069.0
91383,4952255.0
91384,1734634.0
91385,3426169.0
91386,2390534.0
91387,1882131.0
91388,6941173.0
91389,3447890.0
91390,1763231.0
91391,3347767.0
91392,2025297.0
91393,1999097.0
91394,3164972.0
91395,3956086.0
91396,1270499.0
91397,3004429.0
91398,2156098.0
91399,1756069.0
91400,5906596.0
91401,2058644.0
91402,5166635.0
91403,2021934.0
91404,3426169.0
91405,2344689.0
91406,6363241.0
91407,4491607.0
91408,2083447.0
91409,4066618.0
91410,4316715.0
91411,1763231.0
91412,2021934.0
91413,6941173.0
91414,8904084.0
91415,3445076.0
91416,2021934.0
91417,3939804.0
91418,3410878.0
91419,2954086.0
91420,3939804.0
91421,2390534.0
91422,1149870.0
91423,1270499.0
91424,3410878.0
91425,1847826.0
91426,1270499.0
91427,4066618.0
91428,1756069.0
91429,2083447.0
91430,4590423.0
91431,4491607.0
91432,3004429.0
91433,2675511.0
91434,4554237.0
91435,4952255.0
91436,3248660.0
91437,7495092.0
91438,3351383.0
91439,2058644.0
91440,4250553.0
91441,3199619.0
91442,5166635.0
91443,1619683.0
91444,4015749.0
91445,1756069.0
91446,4250553.0
91447,2792031.0
91448,1999097.0
91449,7495092.0
91450,2390534.0
91451,3447890.0
91452,3939804.0
91453,5595267.0
91454,3410878.0
91455,5595267.0
91456,4015749.0
91457,2344689.0
91458,4250553.0
91459,3836721.0
91460,5595267.0
91461,3258837.0
91462,1756069.0
91463,8213524.0
91464,1999097.0
91465,3778621.0
91466,1999097.0
91467,2025297.0
91468,3600467.0
91469,1882131.0
91470,3218918.0
91471,1999097.0
91472,2058644.0
91473,3447890.0
91474,2058644.0
91475,3600467.0
91476,2058644.0
91477,2021934.0
91478,2058644.0
91479,1847826.0
91480,3426169.0
91481,2792031.0
91482,2390534.0
91483,2267425.0
91484,3273041.0
91485,8904084.0
91486,2267425.0
91487,1149870.0
91488,2738052.0
91489,3410878.0
91490,3376145.0
91491,2344689.0
91492,2525375.0
91493,2018785.0
91494,3410878.0
91495,1999097.0
91496,1149870.0
91497,4467728.0
91498,2525375.0
91499,2993069.0
91500,7217634.0
91501,1270499.0
91502,4651866.0
91503,5017319.0
91504,3600467.0
91505,2018785.0
91506,5653753.0
91507,1999097.0
91508,2018785.0
91509,5787594.0
91510,1763231.0
91511,1619683.0
91512,2021934.0
91513,4888774.0
91514,1756069.0
91515,3347767.0
91516,3939804.0
91517,4316715.0
91518,1270499.0
91519,2993069.0
91520,5906596.0
91521,2025297.0
91522,8894598.0
91523,1149870.0
91524,2344689.0
91525,4052733.0
91526,4067566.0
91527,2021934.0
91528,1756069.0
91529,4316715.0
91530,3903884.0
91531,2344689.0
91532,4705945.0
91533,2021934.0
91534,6694797.0
91535,2993069.0
91536,3410878.0
91537,7865428.0
91538,6694797.0
91539,3351383.0
91540,8213524.0
91541,6694797.0
91542,3939804.0
91543,1270499.0
91544,2544857.0
91545,2390534.0
91546,5017319.0
91547,4316715.0
91548,1999097.0
91549,6412623.0
91550,7217634.0
91551,4882985.0
91552,3004429.0
91553,2344689.0
91554,3600467.0
91555,5017319.0
91556,1619683.0
91557,2021934.0
91558,1619683.0
91559,2993069.0
91560,2267425.0
91561,4491607.0
91562,1904842.0
91563,2675511.0
91564,3347767.0
91565,2097022.0
91566,3836721.0
91567,2083447.0
91568,1763231.0
91569,3727364.0
91570,2344689.0
91571,7201784.0
91572,2740687.0
91573,2156098.0
91574,3780019.0
91575,3410878.0
91576,6412623.0
91577,2792031.0
91578,1882131.0
91579,1149870.0
91580,2344689.0
91581,3410878.0
91582,4590423.0
91583,3745135.0
91584,4882985.0
91585,6412623.0
91586,3600467.0
91587,4491607.0
91588,5906596.0
91589,3447890.0
91590,3780019.0
91591,2097022.0
91592,2792031.0
91593,2525375.0
91594,6694797.0
91595,7217634.0
91596,4316715.0
91597,2390534.0
91598,5161370.0
91599,6313221.0
91600,1270499.0
91601,7865428.0
91602,4554237.0
91603,4250553.0
91604,2738052.0
91605,2021934.0
91606,1756069.0
91607,4467728.0
91608,2097022.0
91609,3410878.0
91610,4219263.0
91611,2021934.0
91612,2371202.0
91613,3600467.0
91614,3956086.0
91615,3410878.0
91616,3351383.0
91617,5787594.0
91618,2544857.0
91619,3956086.0
91620,4952255.0
91621,3727364.0
91622,1904842.0
91623,2097022.0
91624,1270499.0
91625,3351383.0
91626,2097022.0
91627,2344689.0
91628,7201784.0
91629,4888774.0
91630,3727364.0
91631,4350573.0
91632,6836483.0
91633,3347767.0
91634,3351383.0
91635,9262754.0
91636,9262754.0
91637,4250553.0
91638,4780607.0
91639,9262754.0
91640,5017319.0
91641,2525375.0
91642,6694797.0
91643,2390534.0
91644,1270499.0
91645,13575224.0
91646,1756069.0
91647,2018785.0
91648,2058644.0
91649,3376145.0
91650,6694797.0
91651,2083447.0
91652,7592272.0
91653,7201784.0
91654,1882131.0
91655,3347767.0
91656,4491607.0
91657,3004429.0
91658,2390534.0
91659,3982767.0
91660,2371202.0
91661,4067566.0
91662,1619683.0
91663,5595267.0
91664,2156098.0
91665,4554237.0
91666,3004429.0
91667,3376145.0
91668,3447890.0
91669,1619683.0
91670,5595267.0
91671,4067566.0
91672,1619683.0
91673,1763231.0
91674,7865428.0
91675,1999097.0
91676,3982767.0
91677,2058644.0
91678,3351383.0
91679,4100886.0
91680,1619683.0
91681,2732645.0
91682,2055379.0
91683,2993069.0
91684,1619683.0
91685,1882131.0
91686,4316715.0
91687,6941173.0
91688,4219263.0
91689,2055379.0
91690,3410878.0
91691,5166635.0
91692,4952255.0
91693,3410878.0
91694,2344689.0
91695,3982767.0
91696,3745135.0
91697,3745135.0
91698,3780019.0
91699,13575224.0
91700,2097022.0
91701,3600467.0
91702,6313221.0
91703,8213524.0
91704,5787594.0
91705,2021934.0
91706,3199619.0
91707,3004429.0
91708,2371202.0
91709,4316715.0
91710,3600467.0
91711,2097022.0
91712,6313221.0
91713,3745135.0
91714,2390534.0
91715,3982767.0
91716,2371202.0
91717,3939804.0
91718,5017319.0
91719,2021934.0
91720,1847826.0
91721,4219263.0
91722,5017319.0
91723,3347767.0
91724,4052733.0
91725,3347767.0
91726,7592272.0
91727,3199619.0
91728,3753720.0
91729,2732645.0
91730,5595267.0
91731,3982767.0
91732,6363241.0
91733,2675511.0
91734,4952255.0
91735,6836483.0
91736,3004429.0
91737,2097022.0
91738,1270499.0
91739,4155435.0
91740,5017319.0
91741,1847826.0
91742,4491607.0
91743,1847826.0
91744,3956086.0
91745,2097022.0
91746,1270499.0
91747,2097022.0
91748,5595267.0
91749,7495092.0
91750,4491607.0
91751,3347767.0
91752,3028267.0
91753,3004429.0
91754,3410878.0
91755,2058644.0
91756,3745135.0
91757,4807746.0
91758,1149870.0
91759,4705945.0
91760,2055379.0
91761,3982767.0
91762,3004429.0
91763,3752885.0
91764,4952255.0
91765,2954086.0
91766,3745135.0
91767,5166635.0
91768,3982767.0
91769,5595267.0
91770,4052733.0
91771,5906596.0
91772,3347767.0
91773,2732645.0
91774,7592272.0
91775,2390534.0
91776,1149870.0
91777,8213524.0
91778,6941173.0
91779,2525375.0
91780,4952255.0
91781,5017319.0
91782,4316715.0
91783,4066618.0
91784,3836721.0
91785,3939804.0
91786,7217634.0
91787,3939804.0
91788,2675511.0
91789,4467728.0
91790,6923131.0
91791,4250553.0
91792,3410878.0
91793,1270499.0
91794,2021934.0
91795,4286645.0
91796,4250553.0
91797,6694797.0
91798,3600467.0
91799,1999097.0
91800,3028267.0
91801,3745135.0
91802,4888774.0
91803,1756069.0
91804,1756069.0
91805,4952255.0
91806,1149870.0
91807,4807746.0
91808,3426169.0
91809,3248660.0
91810,8904084.0
91811,2792031.0
91812,3426169.0
91813,4264176.0
91814,3008199.0
91815,4015749.0
91816,3261924.0
91817,2025297.0
91818,4052733.0
91819,2267425.0
91820,4052733.0
91821,3939804.0
91822,3752885.0
91823,6941173.0
91824,3778621.0
91825,7592272.0
91826,1904842.0
91827,3410878.0
91828,2390534.0
91829,2344689.0
91830,2267425.0
91831,7592272.0
91832,2993069.0
91833,3004429.0
91834,3218918.0
91835,4155435.0
91836,3780019.0
91837,3351383.0
91838,3347767.0
91839,4100886.0
91840,2675511.0
91841,5787594.0
91842,2344689.0
91843,2390534.0
91844,1904842.0
91845,1619683.0
91846,3939804.0
91847,1734634.0
91848,2993069.0
91849,6836483.0
91850,3447890.0
91851,7592272.0
91852,1756069.0
91853,3956086.0
91854,3008199.0
91855,2525375.0
91856,3351383.0
91857,2390534.0
91858,3956086.0
91859,1999097.0
91860,6923131.0
91861,2383840.0
91862,1149870.0
91863,3273041.0
91864,7592272.0
91865,3784230.0
91866,5906596.0
91867,1619683.0
91868,3347767.0
91869,3028267.0
91870,7592272.0
91871,4264176.0
91872,3600467.0
91873,3600467.0
91874,1149870.0
91875,1270499.0
91876,4067566.0
91877,2551252.0
91878,7217634.0
91879,4491607.0
91880,2021934.0
91881,3351383.0
91882,8213524.0
91883,4467728.0
91884,1734634.0
91885,4250553.0
91886,4155435.0
91887,4052733.0
91888,4491607.0
91889,2675511.0
91890,3939804.0
91891,2390534.0
91892,3351383.0
91893,3745135.0
91894,2344689.0
91895,4316715.0
91896,2993069.0
91897,5444227.0
91898,2544857.0
91899,2544857.0
91900,3347767.0
91901,4100886.0
91902,2018785.0
91903,8894598.0
91904,6412623.0
91905,2525375.0
91906,4429512.0
91907,5525735.0
91908,1847826.0
91909,5525735.0
91910,2738052.0
91911,3939804.0
91912,2267425.0
91913,6836483.0
91914,3261924.0
91915,3445076.0
91916,3376145.0
91917,3600467.0
91918,2097022.0
91919,3426169.0
91920,2675511.0
91921,4015749.0
91922,2525375.0
91923,1149870.0
91924,6313221.0
91925,1756069.0
91926,7865428.0
91927,8904084.0
91928,1999097.0
91929,3347767.0
91930,2732645.0
91931,2383840.0
91932,8213524.0
91933,1734634.0
91934,3347767.0
91935,3347767.0
91936,2021934.0
91937,3752885.0
91938,7865428.0
91939,5444227.0
91940,2018785.0
91941,4155435.0
91942,3780019.0
91943,3752885.0
91944,3347767.0
91945,3600467.0
91946,5595267.0
91947,3004429.0
91948,7592272.0
91949,2021934.0
91950,2792031.0
91951,2058644.0
91952,5500818.0
91953,3351383.0
91954,3351383.0
91955,3347767.0
91956,3410878.0
91957,2344689.0
91958,2544857.0
91959,5595267.0
91960,2021934.0
91961,3351383.0
91962,3452382.0
91963,3903884.0
91964,1756069.0
91965,2544857.0
91966,4888774.0
91967,5435276.0
91968,1999097.0
91969,3447890.0
91970,1904842.0
91971,4264176.0
91972,1149870.0
91973,3836721.0
91974,1619683.0
91975,1882131.0
91976,5161370.0
91977,2390534.0
91978,2792031.0
91979,3351383.0
91980,7495092.0
91981,5595267.0
91982,2097022.0
91983,8213524.0
91984,3351383.0
91985,2525375.0
91986,3347767.0
91987,1999097.0
91988,3004429.0
91989,5461700.0
91990,6363241.0
91991,3218918.0
91992,7201784.0
91993,2993069.0
91994,3351383.0
91995,4155435.0
91996,3752885.0
91997,1149870.0
91998,2675511.0
91999,3600467.0
92000,3004429.0
92001,5595267.0
92002,2021934.0
92003,1756069.0
92004,2740687.0
92005,2097022.0
92006,3347767.0
92007,3753720.0
92008,5595267.0
92009,4316715.0
92010,1882131.0
92011,6836483.0
92012,3447890.0
92013,3347767.0
92014,5525735.0
92015,9262754.0
92016,3004429.0
92017,2390534.0
92018,6941173.0
92019,6313221.0
92020,3600467.0
92021,3956086.0
92022,4100886.0
92023,3351383.0
92024,3199619.0
92025,2267425.0
92026,2993069.0
92027,1756069.0
92028,5653753.0
92029,8213524.0
92030,1270499.0
92031,4952255.0
92032,4067566.0
92033,6412623.0
92034,6363241.0
92035,3004429.0
92036,3347767.0
92037,4219263.0
92038,3248660.0
92039,4705945.0
92040,8213524.0
92041,1734634.0
92042,3956086.0
92043,3218918.0
92044,2018785.0
92045,4491607.0
92046,3376145.0
92047,6363241.0
92048,2544857.0
92049,2675511.0
92050,8213524.0
92051,5906596.0
92052,2371202.0
92053,4807746.0
92054,3982767.0
92055,6694797.0
92056,4429512.0
92057,3778621.0
92058,3351383.0
92059,1149870.0
92060,4015749.0
92061,4491607.0
92062,3753720.0
92063,4491607.0
92064,2993069.0
92065,2675511.0
92066,2018785.0
92067,4350573.0
92068,3273041.0
92069,3347767.0
92070,1756069.0
92071,7495092.0
92072,2021934.0
92073,4052733.0
92074,5435276.0
92075,4952255.0
92076,3347767.0
92077,2021934.0
92078,1619683.0
92079,2993069.0
92080,2055379.0
92081,1999097.0
92082,2344689.0
92083,6941173.0
92084,1999097.0
92085,1149870.0
92086,3351383.0
92087,2058644.0
92088,4491607.0
92089,2021934.0
92090,3028267.0
92091,4263629.0
92092,4015749.0
92093,3570392.0
92094,8904084.0
92095,4263629.0
92096,3780019.0
92097,4888774.0
92098,5595267.0
92099,3347767.0
92100,1619683.0
92101,1149870.0
92102,4554237.0
92103,4316715.0
92104,4807746.0
92105,3836721.0
92106,6694797.0
92107,2390534.0
92108,1847826.0
92109,1904842.0
92110,4780607.0
92111,2055379.0
92112,2344689.0
92113,3745135.0
92114,2097022.0
92115,2021934.0
92116,2544857.0
92117,2344689.0
92118,1270499.0
92119,4807746.0
92120,2267425.0
92121,2058644.0
92122,4491607.0
92123,2058644.0
92124,3982767.0
92125,2344689.0
92126,1882131.0
92127,2344689.0
92128,2058644.0
92129,1756069.0
92130,3273041.0
92131,6923131.0
92132,2058644.0
92133,1904842.0
92134,3836721.0
92135,3600467.0
92136,5595267.0
92137,4807746.0
92138,4491607.0
92139,6363241.0
92140,3410878.0
92141,3956086.0
92142,3780019.0
92143,3447890.0
92144,3982767.0
92145,3778621.0
92146,5787594.0
92147,3982767.0
92148,5500818.0
92149,6363241.0
92150,1904842.0
92151,5435276.0
92152,1756069.0
92153,5444227.0
92154,2018785.0
92155,4250553.0
92156,2021934.0
92157,3351383.0
92158,3218918.0
92159,2544857.0
92160,4067566.0
92161,4952255.0
92162,3410878.0
92163,2675511.0
92164,3982767.0
92165,1756069.0
92166,3956086.0
92167,4250553.0
92168,2390534.0
92169,4491607.0
92170,4705945.0
92171,2097022.0
92172,3004429.0
92173,1619683.0
92174,3807496.0
92175,3447890.0
92176,4554237.0
92177,4155435.0
92178,3218918.0
92179,2544857.0
92180,6313221.0
92181,2675511.0
92182,2999068.0
92183,3410878.0
92184,2058644.0
92185,7592272.0
92186,1270499.0
92187,2993069.0
92188,1756069.0
92189,1756069.0
92190,5595267.0
92191,5500818.0
92192,3028267.0
92193,2371202.0
92194,2097022.0
92195,4066618.0
92196,9652350.0
92197,2025297.0
92198,4015749.0
92199,6313221.0
92200,1999097.0
92201,2525375.0
92202,4316715.0
92203,2025297.0
92204,5017319.0
92205,8213524.0
92206,4219263.0
92207,4807746.0
92208,3004429.0
92209,3752885.0
92210,3752885.0
92211,3410878.0
92212,2058644.0
92213,3939804.0
92214,3939804.0
92215,2021934.0
92216,3956086.0
92217,5595267.0
92218,3752885.0
92219,2390534.0
92220,1270499.0
92221,2675511.0
92222,5906596.0
92223,4052733.0
92224,6694797.0
92225,4286645.0
92226,2021934.0
92227,2390534.0
92228,3778621.0
92229,2156098.0
92230,5444227.0
92231,8213524.0
92232,3752885.0
92233,6694797.0
92234,3818055.0
92235,1270499.0
92236,2390534.0
92237,5595267.0
92238,2544857.0
92239,2675511.0
92240,5595267.0
92241,4066618.0
92242,4100886.0
92243,5595267.0
92244,4219263.0
92245,2344689.0
92246,3028267.0
92247,1999097.0
92248,1619683.0
92249,3982767.0
92250,2097022.0
92251,5595267.0
92252,1270499.0
92253,2525375.0
92254,2390534.0
92255,2344689.0
92256,4066618.0
92257,2055379.0
92258,2025297.0
92259,5435276.0
92260,3807496.0
92261,2740687.0
92262,4491607.0
92263,3028267.0
92264,1270499.0
92265,4952255.0
92266,1847826.0
92267,1270499.0
92268,1999097.0
92269,1999097.0
92270,2021934.0
92271,3982767.0
92272,1270499.0
92273,1270499.0
92274,4882985.0
92275,1847826.0
92276,4705945.0
92277,4067566.0
92278,4952255.0
92279,4015749.0
92280,3410878.0
92281,4554237.0
92282,3939804.0
92283,4952255.0
92284,3452382.0
92285,1756069.0
92286,3836721.0
92287,2544857.0
92288,2344689.0
92289,5787594.0
92290,3956086.0
92291,4467728.0
92292,2364478.0
92293,2954086.0
92294,3447890.0
92295,4491607.0
92296,6694797.0
92297,3351383.0
92298,1734634.0
92299,9652350.0
92300,4888774.0
92301,2018785.0
92302,3248660.0
92303,5500818.0
92304,2344689.0
92305,1904842.0
92306,2058644.0
92307,1847826.0
92308,6836483.0
92309,7217634.0
92310,2544857.0
92311,1270499.0
92312,3351383.0
92313,1756069.0
92314,4780607.0
92315,3004429.0
92316,4250553.0
92317,2954086.0
92318,3982767.0
92319,1149870.0
92320,3426169.0
92321,2058644.0
92322,3410878.0
92323,3836721.0
92324,4491607.0
92325,1619683.0
92326,1999097.0
92327,2021934.0
92328,2025297.0
92329,8213524.0
92330,2525375.0
92331,1270499.0
92332,2021934.0
92333,4590423.0
92334,7495092.0
92335,6313221.0
92336,2097022.0
92337,6836483.0
92338,6412623.0
92339,7592272.0
92340,1270499.0
92341,2792031.0
92342,1619683.0
92343,7495092.0
92344,2018785.0
92345,2021934.0
92346,2058644.0
92347,4780607.0
92348,5525735.0
92349,5166635.0
92350,2993069.0
92351,1763231.0
92352,3347767.0
92353,2025297.0
92354,2792031.0
92355,3347767.0
92356,2993069.0
92357,6363241.0
92358,4350573.0
92359,4264176.0
92360,1756069.0
92361,4807746.0
92362,2021934.0
92363,4250553.0
92364,4350573.0
92365,4651866.0
92366,2344689.0
92367,2344689.0
92368,4250758.0
92369,5017319.0
92370,1999097.0
92371,1904842.0
92372,3351383.0
92373,1756069.0
92374,4350573.0
92375,4491607.0
92376,9262754.0
92377,2738052.0
92378,1149870.0
92379,5787594.0
92380,8213524.0
92381,1149870.0
92382,4015749.0
92383,5966193.0
92384,2058644.0
92385,2525375.0
92386,4554237.0
92387,2058644.0
92388,6836483.0
92389,3261924.0
92390,2097022.0
92391,5166635.0
92392,3248660.0
92393,2738052.0
92394,2993069.0
92395,3008199.0
92396,3347767.0
92397,2018785.0
92398,3447890.0
92399,9262754.0
92400,2018785.0
92401,2021934.0
92402,3600467.0
92403,3778621.0
92404,3028267.0
92405,7495092.0
92406,3410878.0
92407,3447890.0
92408,4250553.0
92409,3982767.0
92410,2097022.0
92411,1149870.0
92412,2390534.0
92413,2021934.0
92414,3347767.0
92415,3347767.0
92416,2058644.0
92417,1756069.0
92418,2344689.0
92419,4350573.0
92420,2792031.0
92421,4590423.0
92422,3447890.0
92423,3347767.0
92424,3956086.0
92425,2267425.0
92426,6363241.0
92427,4705945.0
92428,6313221.0
92429,4780607.0
92430,4952255.0
92431,1999097.0
92432,1756069.0
92433,4066618.0
92434,7592272.0
92435,6836483.0
92436,2993069.0
92437,2525375.0
92438,2544857.0
92439,7592272.0
92440,4015749.0
92441,2738052.0
92442,1756069.0
92443,5906596.0
92444,3351383.0
92445,4100886.0
92446,3199619.0
92447,3004429.0
92448,4807746.0
92449,2267425.0
92450,1270499.0
92451,4705945.0
92452,2738052.0
92453,2390534.0
92454,4264176.0
92455,3445076.0
92456,2544857.0
92457,3939804.0
92458,6313221.0
92459,4250758.0
92460,3939804.0
92461,3004429.0
92462,1149870.0
92463,4491607.0
92464,3836721.0
92465,2675511.0
92466,4491607.0
92467,2025297.0
92468,7495092.0
92469,8630682.0
92470,2021934.0
92471,2097022.0
92472,1756069.0
92473,2792031.0
92474,7495092.0
92475,3351383.0
92476,3410878.0
92477,2058644.0
92478,9262754.0
92479,2390534.0
92480,1756069.0
92481,2021934.0
92482,2018785.0
92483,3982767.0
92484,2390534.0
92485,7201784.0
92486,5500818.0
92487,2390534.0
92488,3351383.0
92489,5595267.0
92490,4491607.0
92491,8904084.0
92492,3727364.0
92493,1149870.0
92494,1270499.0
92495,4316715.0
92496,5525735.0
92497,2544857.0
92498,3004429.0
92499,1847826.0
92500,6313221.0
92501,2792031.0
92502,2344689.0
92503,7592272.0
92504,1999097.0
92505,2344689.0
92506,3351383.0
92507,2058644.0
92508,8213524.0
92509,2344689.0
92510,3982767.0
92511,2344689.0
92512,3351383.0
92513,3004429.0
92514,5337526.0
92515,5653753.0
92516,3447890.0
92517,1270499.0
92518,3752885.0
92519,2344689.0
92520,2021934.0
92521,2390534.0
92522,3410878.0
92523,2021934.0
92524,3248660.0
92525,4705945.0
92526,4250758.0
92527,7592272.0
92528,7592272.0
92529,4554237.0
92530,1999097.0
92531,7865428.0
92532,7201784.0
92533,3410878.0
92534,3982767.0
92535,4350573.0
92536,2675511.0
92537,5525735.0
92538,5337526.0
92539,2156098.0
92540,8213524.0
92541,5966193.0
92542,6313221.0
92543,4066618.0
92544,3004429.0
92545,5653753.0
92546,1882131.0
92547,2344689.0
92548,1847826.0
92549,5787594.0
92550,3347767.0
92551,3745135.0
92552,2344689.0
92553,2083447.0
92554,6836483.0
92555,9262754.0
92556,1619683.0
92557,2025297.0
92558,4250553.0
92559,3004429.0
92560,1619683.0
92561,4052733.0
92562,7217634.0
92563,2738052.0
92564,4491607.0
92565,5595267.0
92566,2267425.0
92567,5166635.0
92568,4554237.0
92569,2058644.0
92570,7201784.0
92571,6313221.0
92572,1270499.0
92573,2390534.0
92574,1270499.0
92575,6412623.0
92576,2525375.0
92577,2544857.0
92578,2018785.0
92579,6313221.0
92580,2544857.0
92581,3004429.0
92582,4067566.0
92583,1763231.0
92584,3248660.0
92585,3347767.0
92586,2551252.0
92587,1904842.0
92588,5595267.0
92589,3376145.0
92590,3248660.0
92591,5500818.0
92592,3752885.0
92593,3447890.0
92594,2018785.0
92595,1999097.0
92596,1882131.0
92597,3752885.0
92598,5161370.0
92599,2097022.0
92600,7592272.0
92601,3939804.0
92602,2083447.0
92603,3028267.0
92604,3347767.0
92605,1882131.0
92606,6313221.0
92607,1619683.0
92608,3780019.0
92609,6313221.0
92610,5500818.0
92611,2344689.0
92612,1882131.0
92613,3347767.0
92614,1270499.0
92615,3004429.0
92616,2732645.0
92617,2267425.0
92618,2344689.0
92619,4350573.0
92620,3939804.0
92621,8213524.0
92622,1270499.0
92623,6412623.0
92624,2021934.0
92625,3745135.0
92626,3982767.0
92627,1999097.0
92628,3982767.0
92629,6694797.0
92630,4491607.0
92631,1149870.0
92632,2018785.0
92633,3600467.0
92634,3745135.0
92635,3939804.0
92636,2083447.0
92637,3004429.0
92638,2055379.0
92639,6923131.0
92640,2390534.0
92641,6694797.0
92642,1619683.0
92643,3410878.0
92644,2390534.0
92645,4491607.0
92646,6941173.0
92647,2344689.0
92648,5017319.0
92649,3410878.0
92650,6313221.0
92651,8213524.0
92652,2675511.0
92653,3982767.0
92654,6313221.0
92655,6363241.0
92656,2018785.0
92657,6836483.0
92658,9652350.0
92659,1149870.0
92660,4263629.0
92661,1270499.0
92662,6782425.0
92663,6694797.0
92664,3727364.0
92665,6313221.0
92666,2390534.0
92667,6941173.0
92668,6941173.0
92669,2344689.0
92670,2267425.0
92671,1149870.0
92672,3745135.0
92673,4250553.0
92674,3347767.0
92675,3028267.0
92676,3956086.0
92677,1882131.0
92678,2097022.0
92679,4100886.0
92680,4952255.0
92681,3410878.0
92682,2993069.0
92683,4467728.0
92684,6941173.0
92685,5906596.0
92686,2055379.0
92687,3248660.0
92688,2792031.0
92689,3004429.0
92690,4067566.0
92691,5017319.0
92692,3752885.0
92693,2018785.0
92694,3347767.0
92695,3780019.0
92696,2371202.0
92697,4467728.0
92698,2058644.0
92699,3218918.0
92700,2675511.0
92701,6313221.0
92702,3982767.0
92703,3261924.0
92704,4264176.0
92705,4052733.0
92706,2525375.0
92707,2097022.0
92708,3004429.0
92709,2097022.0
92710,2390534.0
92711,9652350.0
92712,1999097.0
92713,6313221.0
92714,3836721.0
92715,5444227.0
92716,6363241.0
92717,2058644.0
92718,3600467.0
92719,8904084.0
92720,3956086.0
92721,3780019.0
92722,3028267.0
92723,4554237.0
92724,4250758.0
92725,2018785.0
92726,2675511.0
92727,2344689.0
92728,3447890.0
92729,2018785.0
92730,1763231.0
92731,1756069.0
92732,2018785.0
92733,3004429.0
92734,3956086.0
92735,2055379.0
92736,2993069.0
92737,3218918.0
92738,1149870.0
92739,4015749.0
92740,2097022.0
92741,8213524.0
92742,2525375.0
92743,3780019.0
92744,4264176.0
92745,7495092.0
92746,3600467.0
92747,1763231.0
92748,2156098.0
92749,2018785.0
92750,1999097.0
92751,3727364.0
92752,5787594.0
92753,7495092.0
92754,3351383.0
92755,1882131.0
92756,5525735.0
92757,2551252.0
92758,3982767.0
92759,4952255.0
92760,3939804.0
92761,2993069.0
92762,7592272.0
92763,3903884.0
92764,3248660.0
92765,2058644.0
92766,2390534.0
92767,3351383.0
92768,2344689.0
92769,2021934.0
92770,3164972.0
92771,1619683.0
92772,2058644.0
92773,2792031.0
92774,2021934.0
92775,7495092.0
92776,3982767.0
92777,1882131.0
92778,1270499.0
92779,1847826.0
92780,5500818.0
92781,5906596.0
92782,3753720.0
92783,2058644.0
92784,2097022.0
92785,2390534.0
92786,2018785.0
92787,1847826.0
92788,3218918.0
92789,2018785.0
92790,4350573.0
92791,3982767.0
92792,1847826.0
92793,4491607.0
92794,5525735.0
92795,3752885.0
92796,3351383.0
92797,3004429.0
92798,1999097.0
92799,1619683.0
92800,2390534.0
92801,4250758.0
92802,4590423.0
92803,7217634.0
92804,4491607.0
92805,3982767.0
92806,3351383.0
92807,3426169.0
92808,1756069.0
92809,6313221.0
92810,6836483.0
92811,2344689.0
92812,8213524.0
92813,3410878.0
92814,2021934.0
92815,4100886.0
92816,2097022.0
92817,2993069.0
92818,2738052.0
92819,1619683.0
92820,3028267.0
92821,6313221.0
92822,4219263.0
92823,3982767.0
92824,2021934.0
92825,2675511.0
92826,4888774.0
92827,2021934.0
92828,2525375.0
92829,3004429.0
92830,2390534.0
92831,3447890.0
92832,5595267.0
92833,5906596.0
92834,1882131.0
92835,3778621.0
92836,1149870.0
92837,2738052.0
92838,2993069.0
92839,2383840.0
92840,2344689.0
92841,3028267.0
92842,1756069.0
92843,3410878.0
92844,5017319.0
92845,3258837.0
92846,4467728.0
92847,2055379.0
92848,13575224.0
92849,3248660.0
92850,4067566.0
92851,8213524.0
92852,2267425.0
92853,7217634.0
92854,1763231.0
92855,1763231.0
92856,3199619.0
92857,7592272.0
92858,4250553.0
92859,2058644.0
92860,1847826.0
92861,2344689.0
92862,3351383.0
92863,3376145.0
92864,1756069.0
92865,4250758.0
92866,1756069.0
92867,2021934.0
92868,5286212.0
92869,2544857.0
92870,2055379.0
92871,4705945.0
92872,2371202.0
92873,5444227.0
92874,1882131.0
92875,3410878.0
92876,4467728.0
92877,3600467.0
92878,4316715.0
92879,1619683.0
92880,3347767.0
92881,4052733.0
92882,6412623.0
92883,8213524.0
92884,3351383.0
92885,2390534.0
92886,6313221.0
92887,3745135.0
92888,4052733.0
92889,3347767.0
92890,3600467.0
92891,1999097.0
92892,9262754.0
92893,1149870.0
92894,2055379.0
92895,4780607.0
92896,2792031.0
92897,2021934.0
92898,3982767.0
92899,2058644.0
92900,2999068.0
92901,2344689.0
92902,3004429.0
92903,3218918.0
92904,2021934.0
92905,4155435.0
92906,9652350.0
92907,4350573.0
92908,3218918.0
92909,4590423.0
92910,4590423.0
92911,4554237.0
92912,2021934.0
92913,4467728.0
92914,4705945.0
92915,3600467.0
92916,3426169.0
92917,2525375.0
92918,2058644.0
92919,1763231.0
92920,4015749.0
92921,1999097.0
92922,3727364.0
92923,2267425.0
92924,2390534.0
92925,6941173.0
92926,2364478.0
92927,3004429.0
92928,2390534.0
92929,3351383.0
92930,5500818.0
92931,3426169.0
92932,5906596.0
92933,2344689.0
92934,3780019.0
92935,1619683.0
92936,1149870.0
92937,4807746.0
92938,1756069.0
92939,2097022.0
92940,3351383.0
92941,1270499.0
92942,1999097.0
92943,5337526.0
92944,4491607.0
92945,3410878.0
92946,4952255.0
92947,4467728.0
92948,1149870.0
92949,1619683.0
92950,4467728.0
92951,2525375.0
92952,3982767.0
92953,4554237.0
92954,1756069.0
92955,6694797.0
92956,2018785.0
92957,3004429.0
92958,3982767.0
92959,6694797.0
92960,4350573.0
92961,3248660.0
92962,2525375.0
92963,2371202.0
92964,3258837.0
92965,3004429.0
92966,1882131.0
92967,4590423.0
92968,2383840.0
92969,1270499.0
92970,7592272.0
92971,4316715.0
92972,3445076.0
92973,1756069.0
92974,2344689.0
92975,1847826.0
92976,4250758.0
92977,1999097.0
92978,3347767.0
92979,9652350.0
92980,2018785.0
92981,6941173.0
92982,1734634.0
92983,2544857.0
92984,2058644.0
92985,3028267.0
92986,3351383.0
92987,2097022.0
92988,3410878.0
92989,6694797.0
92990,2551252.0
92991,2675511.0
92992,4429512.0
92993,1999097.0
92994,3982767.0
92995,1149870.0
92996,1619683.0
92997,2021934.0
92998,1999097.0
92999,3447890.0
93000,1756069.0
93001,7592272.0
93002,1619683.0
93003,1756069.0
93004,3347767.0
93005,4429512.0
93006,1999097.0
93007,3956086.0
93008,3426169.0
93009,1734634.0
93010,2058644.0
93011,6941173.0
93012,7865428.0
93013,1734634.0
93014,9262754.0
93015,3745135.0
93016,7495092.0
93017,1270499.0
93018,3600467.0
93019,4705945.0
93020,3347767.0
93021,5595267.0
93022,3780019.0
93023,3248660.0
93024,3351383.0
93025,2344689.0
93026,2993069.0
93027,4067566.0
93028,5787594.0
93029,4491607.0
93030,3939804.0
93031,2267425.0
93032,6941173.0
93033,3351383.0
93034,2018785.0
93035,5444227.0
93036,2792031.0
93037,3445076.0
93038,2058644.0
93039,3452382.0
93040,3447890.0
93041,2675511.0
93042,3426169.0
93043,2058644.0
93044,3982767.0
93045,3426169.0
93046,3956086.0
93047,1270499.0
93048,1999097.0
93049,3982767.0
93050,2021934.0
93051,5166635.0
93052,3347767.0
93053,3004429.0
93054,3410878.0
93055,8904084.0
93056,2551252.0
93057,5595267.0
93058,2525375.0
93059,2055379.0
93060,3004429.0
93061,2097022.0
93062,2344689.0
93063,4952255.0
93064,3376145.0
93065,4155435.0
93066,3426169.0
93067,2738052.0
93068,1270499.0
93069,2792031.0
93070,3745135.0
93071,2018785.0
93072,4780607.0
93073,4429512.0
93074,2675511.0
93075,3410878.0
93076,3004429.0
93077,1149870.0
93078,2058644.0
93079,8894598.0
93080,2267425.0
93081,1734634.0
93082,2390534.0
93083,1619683.0
93084,2018785.0
93085,3836721.0
93086,4554237.0
93087,2954086.0
93088,2732645.0
93089,3347767.0
93090,3939804.0
93091,2058644.0
93092,2738052.0
93093,3600467.0
93094,4316715.0
93095,3261924.0
93096,3807496.0
93097,5525735.0
93098,5166635.0
93099,1756069.0
93100,4467728.0
93101,3982767.0
93102,4286645.0
93103,3752885.0
93104,3004429.0
93105,4590423.0
93106,8904084.0
93107,2018785.0
93108,6363241.0
93109,1999097.0
93110,3347767.0
93111,5525735.0
93112,5525735.0
93113,4250758.0
93114,6941173.0
93115,8894598.0
93116,2267425.0
93117,3780019.0
93118,4286645.0
93119,4015749.0
93120,6836483.0
93121,3351383.0
93122,6836483.0
93123,2390534.0
93124,2097022.0
93125,8213524.0
93126,2344689.0
93127,2999068.0
93128,6836483.0
93129,1270499.0
93130,4590423.0
93131,5787594.0
93132,7592272.0
93133,3410878.0
93134,1904842.0
93135,6836483.0
93136,1734634.0
93137,6923131.0
93138,4250758.0
93139,9262754.0
93140,3780019.0
93141,4705945.0
93142,2021934.0
93143,3410878.0
93144,4316715.0
93145,2018785.0
93146,5595267.0
93147,2999068.0
93148,6363241.0
93149,3351383.0
93150,2738052.0
93151,8213524.0
93152,1763231.0
93153,3248660.0
93154,4952255.0
93155,1999097.0
93156,1847826.0
93157,1882131.0
93158,2675511.0
93159,4491607.0
93160,3004429.0
93161,1756069.0
93162,1999097.0
93163,2344689.0
93164,3982767.0
93165,5017319.0
93166,2344689.0
93167,3982767.0
93168,4491607.0
93169,4316715.0
93170,2383840.0
93171,1619683.0
93172,2021934.0
93173,3258837.0
93174,1999097.0
93175,2544857.0
93176,1882131.0
93177,3745135.0
93178,4952255.0
93179,5595267.0
93180,4015749.0
93181,1756069.0
93182,4219263.0
93183,2025297.0
93184,2058644.0
93185,2525375.0
93186,6313221.0
93187,4467728.0
93188,2021934.0
93189,4350573.0
93190,2544857.0
93191,3351383.0
93192,5653753.0
93193,7495092.0
93194,2021934.0
93195,6313221.0
93196,3410878.0
93197,1999097.0
93198,4052733.0
93199,6313221.0
93200,3939804.0
93201,3753720.0
93202,8213524.0
93203,3347767.0
93204,8213524.0
93205,1734634.0
93206,2018785.0
93207,5595267.0
93208,3426169.0
93209,2021934.0
93210,3410878.0
93211,2055379.0
93212,3600467.0
93213,3347767.0
93214,6782425.0
93215,3982767.0
93216,3347767.0
93217,3199619.0
93218,3004429.0
93219,6412623.0
93220,1756069.0
93221,4705945.0
93222,5337526.0
93223,2344689.0
93224,1882131.0
93225,9262754.0
93226,2383840.0
93227,2058644.0
93228,2390534.0
93229,1847826.0
93230,4250758.0
93231,2083447.0
93232,1619683.0
93233,1882131.0
93234,3818055.0
93235,6941173.0
93236,2390534.0
93237,6363241.0
93238,6412623.0
93239,6363241.0
93240,2018785.0
93241,2083447.0
93242,4066618.0
93243,2544857.0
93244,3753720.0
93245,4429512.0
93246,2097022.0
93247,3410878.0
93248,3727364.0
93249,7201784.0
93250,2025297.0
93251,7495092.0
93252,1619683.0
93253,4780607.0
93254,3376145.0
93255,1270499.0
93256,2083447.0
93257,3982767.0
93258,3004429.0
93259,4350573.0
93260,3028267.0
93261,1756069.0
93262,2083447.0
93263,2390534.0
93264,1999097.0
93265,6941173.0
93266,3347767.0
93267,1270499.0
93268,3745135.0
93269,3445076.0
93270,2097022.0
93271,4467728.0
93272,3410878.0
93273,2390534.0
93274,3351383.0
93275,1999097.0
93276,1999097.0
93277,2390534.0
93278,7865428.0
93279,2344689.0
93280,2390534.0
93281,2732645.0
93282,8904084.0
93283,4467728.0
93284,7217634.0
93285,3347767.0
93286,1756069.0
93287,1619683.0
93288,3778621.0
93289,2344689.0
93290,3410878.0
93291,4554237.0
93292,4651866.0
93293,6412623.0
93294,3376145.0
93295,7495092.0
93296,3258837.0
93297,2021934.0
93298,3351383.0
93299,3004429.0
93300,3410878.0
93301,3410878.0
93302,4015749.0
93303,2021934.0
93304,4705945.0
93305,2344689.0
93306,3982767.0
93307,3939804.0
93308,2025297.0
93309,4066618.0
93310,4250758.0
93311,4155435.0
93312,2390534.0
93313,3004429.0
93314,3347767.0
93315,1149870.0
93316,2055379.0
93317,6923131.0
93318,2097022.0
93319,2390534.0
93320,3727364.0
93321,7217634.0
93322,5525735.0
93323,2344689.0
93324,7592272.0
93325,2021934.0
93326,4250553.0
93327,2675511.0
93328,3753720.0
93329,6836483.0
93330,8213524.0
93331,2018785.0
93332,3004429.0
93333,4491607.0
93334,3600467.0
93335,4250553.0
93336,7592272.0
93337,1619683.0
93338,1270499.0
93339,1882131.0
93340,2390534.0
93341,4491607.0
93342,3447890.0
93343,1734634.0
93344,1882131.0
93345,3351383.0
93346,1882131.0
93347,2390534.0
93348,3836721.0
93349,3351383.0
93350,5787594.0
93351,4015749.0
93352,2371202.0
93353,7865428.0
93354,4052733.0
93355,7592272.0
93356,2371202.0
93357,7865428.0
93358,8213524.0
93359,2383840.0
93360,1619683.0
93361,1270499.0
93362,1270499.0
93363,5161370.0
93364,2021934.0
93365,4316715.0
93366,3445076.0
93367,3347767.0
93368,2371202.0
93369,3004429.0
93370,2097022.0
93371,2097022.0
93372,1999097.0
93373,3028267.0
93374,2344689.0
93375,5500818.0
93376,6313221.0
93377,2344689.0
93378,1734634.0
93379,2344689.0
93380,7201784.0
93381,8213524.0
93382,6412623.0
93383,6313221.0
93384,16549064.0
93385,1882131.0
93386,4052733.0
93387,3347767.0
93388,4067566.0
93389,3600467.0
93390,2267425.0
93391,3351383.0
93392,4807746.0
93393,4429512.0
93394,8213524.0
93395,9262754.0
93396,4066618.0
93397,6363241.0
93398,3410878.0
93399,9262754.0
93400,2058644.0
93401,4067566.0
93402,3426169.0
93403,3004429.0
93404,2021934.0
93405,7495092.0
93406,3447890.0
93407,4882985.0
93408,3982767.0
93409,3752885.0
93410,5500818.0
93411,7495092.0
93412,7495092.0
93413,3347767.0
93414,6412623.0
93415,6941173.0
93416,3347767.0
93417,3982767.0
93418,2055379.0
93419,4052733.0
93420,2675511.0
93421,2021934.0
93422,2058644.0
93423,2993069.0
93424,2097022.0
93425,6412623.0
93426,4015749.0
93427,2097022.0
93428,2993069.0
93429,2344689.0
93430,3780019.0
93431,3745135.0
93432,1619683.0
93433,3258837.0
93434,1756069.0
93435,2364478.0
93436,3939804.0
93437,3836721.0
93438,3447890.0
93439,2732645.0
93440,7217634.0
93441,2018785.0
93442,3600467.0
93443,5017319.0
93444,3410878.0
93445,2267425.0
93446,5017319.0
93447,2344689.0
93448,4250553.0
93449,1882131.0
93450,3347767.0
93451,2551252.0
93452,3258837.0
93453,8213524.0
93454,3347767.0
93455,4780607.0
93456,3600467.0
93457,2344689.0
93458,2993069.0
93459,1756069.0
93460,2390534.0
93461,3347767.0
93462,2344689.0
93463,5461700.0
93464,3939804.0
93465,5525735.0
93466,1904842.0
93467,2018785.0
93468,4066618.0
93469,7495092.0
93470,3410878.0
93471,3273041.0
93472,5017319.0
93473,2344689.0
93474,6363241.0
93475,4467728.0
93476,2344689.0
93477,1904842.0
93478,4467728.0
93479,3780019.0
93480,3410878.0
93481,2097022.0
93482,6836483.0
93483,2018785.0
93484,3351383.0
93485,4015749.0
93486,3004429.0
93487,1756069.0
93488,5595267.0
93489,2021934.0
93490,4052733.0
93491,3273041.0
93492,2025297.0
93493,2344689.0
93494,8904084.0
93495,3982767.0
93496,4066618.0
93497,2344689.0
93498,2083447.0
93499,1756069.0
93500,7495092.0
93501,2097022.0
93502,4807746.0
93503,6941173.0
93504,2675511.0
93505,4350573.0
93506,8213524.0
93507,2675511.0
93508,5444227.0
93509,3218918.0
93510,4554237.0
93511,4219263.0
93512,2058644.0
93513,2371202.0
93514,2021934.0
93515,5906596.0
93516,3727364.0
93517,1270499.0
93518,3780019.0
93519,3727364.0
93520,1999097.0
93521,3956086.0
93522,5161370.0
93523,2018785.0
93524,3351383.0
93525,2993069.0
93526,2018785.0
93527,2083447.0
93528,3780019.0
93529,3004429.0
93530,2083447.0
93531,4067566.0
93532,4554237.0
93533,4100886.0
93534,2675511.0
93535,2732645.0
93536,2344689.0
93537,1882131.0
93538,8213524.0
93539,2371202.0
93540,3818055.0
93541,4882985.0
93542,4067566.0
93543,4250553.0
93544,1270499.0
93545,2344689.0
93546,3426169.0
93547,2021934.0
93548,4882985.0
93549,6941173.0
93550,4286645.0
93551,4705945.0
93552,2018785.0
93553,8213524.0
93554,5595267.0
93555,3351383.0
93556,3982767.0
93557,3410878.0
93558,7865428.0
93559,4015749.0
93560,3752885.0
93561,4100886.0
93562,4100886.0
93563,4807746.0
93564,3248660.0
93565,3903884.0
93566,2018785.0
93567,3347767.0
93568,3780019.0
93569,3836721.0
93570,3028267.0
93571,1882131.0
93572,2018785.0
93573,4705945.0
93574,5595267.0
93575,3426169.0
93576,2544857.0
93577,2055379.0
93578,3028267.0
93579,3982767.0
93580,4491607.0
93581,2525375.0
93582,2999068.0
93583,6363241.0
93584,1149870.0
93585,3836721.0
93586,1270499.0
93587,7865428.0
93588,6363241.0
93589,2792031.0
93590,3410878.0
93591,1999097.0
93592,2993069.0
93593,1619683.0
93594,2018785.0
93595,3004429.0
93596,4219263.0
93597,1149870.0
93598,2055379.0
93599,3164972.0
93600,2021934.0
93601,3778621.0
93602,2344689.0
93603,5461700.0
93604,2344689.0
93605,7592272.0
93606,2025297.0
93607,2344689.0
93608,7495092.0
93609,1756069.0
93610,2021934.0
93611,3982767.0
93612,3351383.0
93613,3836721.0
93614,2021934.0
93615,2021934.0
93616,2018785.0
93617,3410878.0
93618,2371202.0
93619,2551252.0
93620,5017319.0
93621,4250758.0
93622,1999097.0
93623,6412623.0
93624,2999068.0
93625,2344689.0
93626,3447890.0
93627,7201784.0
93628,3273041.0
93629,3351383.0
93630,7592272.0
93631,4590423.0
93632,4554237.0
93633,1756069.0
93634,4052733.0
93635,3008199.0
93636,3410878.0
93637,2083447.0
93638,4250553.0
93639,7495092.0
93640,3410878.0
93641,3410878.0
93642,3248660.0
93643,2993069.0
93644,2732645.0
93645,3347767.0
93646,3745135.0
93647,3347767.0
93648,2097022.0
93649,4263629.0
93650,3780019.0
93651,3248660.0
93652,3727364.0
93653,2021934.0
93654,3004429.0
93655,2018785.0
93656,1270499.0
93657,2390534.0
93658,4467728.0
93659,2993069.0
93660,4015749.0
93661,4952255.0
93662,3164972.0
93663,6941173.0
93664,4952255.0
93665,7495092.0
93666,3164972.0
93667,9262754.0
93668,3426169.0
93669,4350573.0
93670,5787594.0
93671,4807746.0
93672,1149870.0
93673,2267425.0
93674,3600467.0
93675,3258837.0
93676,4052733.0
93677,3347767.0
93678,2058644.0
93679,6941173.0
93680,2097022.0
93681,3778621.0
93682,3745135.0
93683,6412623.0
93684,2544857.0
93685,2525375.0
93686,4590423.0
93687,8904084.0
93688,2390534.0
93689,4429512.0
93690,2058644.0
93691,1847826.0
93692,5595267.0
93693,3004429.0
93694,4952255.0
93695,1999097.0
93696,1756069.0
93697,1763231.0
93698,4705945.0
93699,5787594.0
93700,3836721.0
93701,5286212.0
93702,4350573.0
93703,4316715.0
93704,5166635.0
93705,5461700.0
93706,4705945.0
93707,4219263.0
93708,4067566.0
93709,4350573.0
93710,2097022.0
93711,4467728.0
93712,3248660.0
93713,3600467.0
93714,3600467.0
93715,6313221.0
93716,1619683.0
93717,3004429.0
93718,3745135.0
93719,1619683.0
93720,4952255.0
93721,6313221.0
93722,3199619.0
93723,6941173.0
93724,2738052.0
93725,3982767.0
93726,6363241.0
93727,3745135.0
93728,1619683.0
93729,3903884.0
93730,3004429.0
93731,3780019.0
93732,3818055.0
93733,3410878.0
93734,4263629.0
93735,2021934.0
93736,1149870.0
93737,3727364.0
93738,2021934.0
93739,1763231.0
93740,3004429.0
93741,4705945.0
93742,4554237.0
93743,1270499.0
93744,3956086.0
93745,5525735.0
93746,5435276.0
93747,3410878.0
93748,5166635.0
93749,4491607.0
93750,2097022.0
93751,3028267.0
93752,3351383.0
93753,3426169.0
93754,6694797.0
93755,7592272.0
93756,1270499.0
93757,3778621.0
93758,2371202.0
93759,2058644.0
93760,4491607.0
93761,1619683.0
93762,5444227.0
93763,3982767.0
93764,4952255.0
93765,3347767.0
93766,2525375.0
93767,5435276.0
93768,3982767.0
93769,1999097.0
93770,5525735.0
93771,2267425.0
93772,2021934.0
93773,3004429.0
93774,6923131.0
93775,2058644.0
93776,4952255.0
93777,3939804.0
93778,1999097.0
93779,7201784.0
93780,2383840.0
93781,4067566.0
93782,1756069.0
93783,3351383.0
93784,2954086.0
93785,9262754.0
93786,5787594.0
93787,5337526.0
93788,3752885.0
93789,4100886.0
93790,4590423.0
93791,7865428.0
93792,3028267.0
93793,5525735.0
93794,5595267.0
93795,8904084.0
93796,2097022.0
93797,7592272.0
93798,2021934.0
93799,2267425.0
93800,4491607.0
93801,2371202.0
93802,4250553.0
93803,3351383.0
93804,4250553.0
93805,4491607.0
93806,3248660.0
93807,4467728.0
93808,5595267.0
93809,3376145.0
93810,3004429.0
93811,3004429.0
93812,2390534.0
93813,1270499.0
93814,2021934.0
93815,1756069.0
93816,5595267.0
93817,2993069.0
93818,1763231.0
93819,3347767.0
93820,3347767.0
93821,2993069.0
93822,1619683.0
93823,2083447.0
93824,2055379.0
93825,2344689.0
93826,1149870.0
93827,1882131.0
93828,4705945.0
93829,6836483.0
93830,2058644.0
93831,3727364.0
93832,2021934.0
93833,3445076.0
93834,5595267.0
93835,3347767.0
93836,3273041.0
93837,8213524.0
93838,4554237.0
93839,3248660.0
93840,2018785.0
93841,4780607.0
93842,2058644.0
93843,7217634.0
93844,1904842.0
93845,2390534.0
93846,4888774.0
93847,4467728.0
93848,5595267.0
93849,3410878.0
93850,3600467.0
93851,2344689.0
93852,3004429.0
93853,2732645.0
93854,2344689.0
93855,4554237.0
93856,6412623.0
93857,1882131.0
93858,2021934.0
93859,6941173.0
93860,7201784.0
93861,1619683.0
93862,3752885.0
93863,3600467.0
93864,2058644.0
93865,3426169.0
93866,3258837.0
93867,3347767.0
93868,3600467.0
93869,3778621.0
93870,2344689.0
93871,1619683.0
93872,4350573.0
93873,5525735.0
93874,2267425.0
93875,3261924.0
93876,2344689.0
93877,2738052.0
93878,1999097.0
93879,1999097.0
93880,2344689.0
93881,1999097.0
93882,1619683.0
93883,2058644.0
93884,2738052.0
93885,2058644.0
93886,2018785.0
93887,5906596.0
93888,4491607.0
93889,3600467.0
93890,3600467.0
93891,2383840.0
93892,3347767.0
93893,2383840.0
93894,6313221.0
93895,1847826.0
93896,2954086.0
93897,3939804.0
93898,4052733.0
93899,4067566.0
93900,3004429.0
93901,2544857.0
93902,3426169.0
93903,9262754.0
93904,3939804.0
93905,2018785.0
93906,2018785.0
93907,9262754.0
93908,3600467.0
93909,2097022.0
93910,4219263.0
93911,3956086.0
93912,4491607.0
93913,3752885.0
93914,3600467.0
93915,2544857.0
93916,5595267.0
93917,1756069.0
93918,3351383.0
93919,3347767.0
93920,2344689.0
93921,2025297.0
93922,3753720.0
93923,4554237.0
93924,4491607.0
93925,2156098.0
93926,4264176.0
93927,5435276.0
93928,2544857.0
93929,5906596.0
93930,3600467.0
93931,3351383.0
93932,4590423.0
93933,3410878.0
93934,1882131.0
93935,1756069.0
93936,3956086.0
93937,4350573.0
93938,7592272.0
93939,3410878.0
93940,2021934.0
93941,3347767.0
93942,2018785.0
93943,4066618.0
93944,4263629.0
93945,3028267.0
93946,5017319.0
93947,4705945.0
93948,1999097.0
93949,1904842.0
93950,2055379.0
93951,2390534.0
93952,3351383.0
93953,1270499.0
93954,3982767.0
93955,2732645.0
93956,3447890.0
93957,7592272.0
93958,1149870.0
93959,7495092.0
93960,5017319.0
93961,6694797.0
93962,8213524.0
93963,7592272.0
93964,3004429.0
93965,3778621.0
93966,4952255.0
93967,4952255.0
93968,3807496.0
93969,3745135.0
93970,2344689.0
93971,1999097.0
93972,1149870.0
93973,4263629.0
93974,3447890.0
93975,4052733.0
93976,5166635.0
93977,1847826.0
93978,3347767.0
93979,3261924.0
93980,3982767.0
93981,3447890.0
93982,5500818.0
93983,5525735.0
93984,2993069.0
93985,4554237.0
93986,4807746.0
93987,4705945.0
93988,5017319.0
93989,1763231.0
93990,1270499.0
93991,1999097.0
93992,5595267.0
93993,4467728.0
93994,5500818.0
93995,3351383.0
93996,3807496.0
93997,3199619.0
93998,6836483.0
93999,3745135.0
94000,5017319.0
94001,7495092.0
94002,4250553.0
94003,3745135.0
94004,2021934.0
94005,5906596.0
94006,2344689.0
94007,3347767.0
94008,1999097.0
94009,4467728.0
94010,2058644.0
94011,2792031.0
94012,2018785.0
94013,2738052.0
94014,7217634.0
94015,1149870.0
94016,1619683.0
94017,4052733.0
94018,4952255.0
94019,2021934.0
94020,3600467.0
94021,1270499.0
94022,2792031.0
94023,3004429.0
94024,2058644.0
94025,7592272.0
94026,4052733.0
94027,4219263.0
94028,1756069.0
94029,3982767.0
94030,2097022.0
94031,3347767.0
94032,5337526.0
94033,1999097.0
94034,4888774.0
94035,4264176.0
94036,4952255.0
94037,2738052.0
94038,3956086.0
94039,2097022.0
94040,2993069.0
94041,2675511.0
94042,3600467.0
94043,3248660.0
94044,3447890.0
94045,2018785.0
94046,3982767.0
94047,1270499.0
94048,2021934.0
94049,4219263.0
94050,1847826.0
94051,3452382.0
94052,3248660.0
94053,3248660.0
94054,4888774.0
94055,4429512.0
94056,2371202.0
94057,3004429.0
94058,3410878.0
94059,2344689.0
94060,2792031.0
94061,7217634.0
94062,5525735.0
94063,5444227.0
94064,3939804.0
94065,3347767.0
94066,6363241.0
94067,1904842.0
94068,4888774.0
94069,7592272.0
94070,2156098.0
94071,1999097.0
94072,1847826.0
94073,7495092.0
94074,6941173.0
94075,3351383.0
94076,3939804.0
94077,6363241.0
94078,2525375.0
94079,2083447.0
94080,4066618.0
94081,4952255.0
94082,1149870.0
94083,2058644.0
94084,1999097.0
94085,2344689.0
94086,2058644.0
94087,4052733.0
94088,4882985.0
94089,3004429.0
94090,1619683.0
94091,5595267.0
94092,3753720.0
94093,2021934.0
94094,5595267.0
94095,1847826.0
94096,1999097.0
94097,3347767.0
94098,1149870.0
94099,3248660.0
94100,2732645.0
94101,2544857.0
94102,8904084.0
94103,1882131.0
94104,6923131.0
94105,4952255.0
94106,2021934.0
94107,3780019.0
94108,4350573.0
94109,4052733.0
94110,1734634.0
94111,4590423.0
94112,4491607.0
94113,3351383.0
94114,7592272.0
94115,2344689.0
94116,4554237.0
94117,1619683.0
94118,4155435.0
94119,2732645.0
94120,3600467.0
94121,2344689.0
94122,6412623.0
94123,6836483.0
94124,5166635.0
94125,4807746.0
94126,3351383.0
94127,2390534.0
94128,3745135.0
94129,4651866.0
94130,1619683.0
94131,3199619.0
94132,1270499.0
94133,3445076.0
94134,3004429.0
94135,4888774.0
94136,6313221.0
94137,4554237.0
94138,8213524.0
94139,3426169.0
94140,3347767.0
94141,4250758.0
94142,3600467.0
94143,4429512.0
94144,1882131.0
94145,3982767.0
94146,5435276.0
94147,1619683.0
94148,4250553.0
94149,3004429.0
94150,3956086.0
94151,6941173.0
94152,6363241.0
94153,2954086.0
94154,2551252.0
94155,4066618.0
94156,2954086.0
94157,2675511.0
94158,6694797.0
94159,3939804.0
94160,2525375.0
94161,1149870.0
94162,3426169.0
94163,1999097.0
94164,4491607.0
94165,3445076.0
94166,6923131.0
94167,2021934.0
94168,3447890.0
94169,3004429.0
94170,1149870.0
94171,6923131.0
94172,4067566.0
94173,2267425.0
94174,6923131.0
94175,1270499.0
94176,3004429.0
94177,2021934.0
94178,7495092.0
94179,1619683.0
94180,3410878.0
94181,3028267.0
94182,5787594.0
94183,2021934.0
94184,2999068.0
94185,8630682.0
94186,7592272.0
94187,4250553.0
94188,3982767.0
94189,4250758.0
94190,9262754.0
94191,5653753.0
94192,2344689.0
94193,1756069.0
94194,1847826.0
94195,5787594.0
94196,6836483.0
94197,2738052.0
94198,1999097.0
94199,5166635.0
94200,4067566.0
94201,4350573.0
94202,3778621.0
94203,5435276.0
94204,3939804.0
94205,3410878.0
94206,1999097.0
94207,3164972.0
94208,4066618.0
94209,7592272.0
94210,7495092.0
94211,6412623.0
94212,3982767.0
94213,3447890.0
94214,3600467.0
94215,3939804.0
94216,2344689.0
94217,1270499.0
94218,3273041.0
94219,2156098.0
94220,5166635.0
94221,6941173.0
94222,3347767.0
94223,6694797.0
94224,1756069.0
94225,5166635.0
94226,1999097.0
94227,3836721.0
94228,3982767.0
94229,2525375.0
94230,8213524.0
94231,5906596.0
94232,1619683.0
94233,2344689.0
94234,2371202.0
94235,2993069.0
94236,3778621.0
94237,1756069.0
94238,3982767.0
94239,3939804.0
94240,4264176.0
94241,4250758.0
94242,3248660.0
94243,4780607.0
94244,2025297.0
94245,1756069.0
94246,2097022.0
94247,3778621.0
94248,3199619.0
94249,3426169.0
94250,3818055.0
94251,2344689.0
94252,5461700.0
94253,2018785.0
94254,4882985.0
94255,2097022.0
94256,2525375.0
94257,4100886.0
94258,5787594.0
94259,3956086.0
94260,9262754.0
94261,1999097.0
94262,4888774.0
94263,4263629.0
94264,2390534.0
94265,1882131.0
94266,5166635.0
94267,1882131.0
94268,5595267.0
94269,9262754.0
94270,3745135.0
94271,2344689.0
94272,7495092.0
94273,3028267.0
94274,2021934.0
94275,2390534.0
94276,2018785.0
94277,6313221.0
94278,1270499.0
94279,3727364.0
94280,4264176.0
94281,6941173.0
94282,3004429.0
94283,3261924.0
94284,2390534.0
94285,5906596.0
94286,4263629.0
94287,8213524.0
94288,3745135.0
94289,1619683.0
94290,3903884.0
94291,3600467.0
94292,4467728.0
94293,7865428.0
94294,1270499.0
94295,2021934.0
94296,2018785.0
94297,3600467.0
94298,4316715.0
94299,2390534.0
94300,2021934.0
94301,4316715.0
94302,3600467.0
94303,7592272.0
94304,3600467.0
94305,4350573.0
94306,3347767.0
94307,3836721.0
94308,5525735.0
94309,5525735.0
94310,3376145.0
94311,1999097.0
94312,9262754.0
94313,7592272.0
94314,2018785.0
94315,3351383.0
94316,6836483.0
94317,3956086.0
94318,3903884.0
94319,1619683.0
94320,5444227.0
94321,7865428.0
94322,3261924.0
94323,2267425.0
94324,2544857.0
94325,2344689.0
94326,4467728.0
94327,3447890.0
94328,1882131.0
94329,3410878.0
94330,3752885.0
94331,4491607.0
94332,3351383.0
94333,2344689.0
94334,7217634.0
94335,4807746.0
94336,3004429.0
94337,3745135.0
94338,3351383.0
94339,1149870.0
94340,4100886.0
94341,4882985.0
94342,4888774.0
94343,2792031.0
94344,3778621.0
94345,2055379.0
94346,2344689.0
94347,8213524.0
94348,5444227.0
94349,1763231.0
94350,2544857.0
94351,3807496.0
94352,2058644.0
94353,4066618.0
94354,1270499.0
94355,2732645.0
94356,1149870.0
94357,4467728.0
94358,3836721.0
94359,3745135.0
94360,4807746.0
94361,4491607.0
94362,4491607.0
94363,3004429.0
94364,3248660.0
94365,4066618.0
94366,3410878.0
94367,4952255.0
94368,6694797.0
94369,1999097.0
94370,2097022.0
94371,4100886.0
94372,1847826.0
94373,2390534.0
94374,4316715.0
94375,7201784.0
94376,4066618.0
94377,6923131.0
94378,2058644.0
94379,4015749.0
94380,2021934.0
94381,4780607.0
94382,3410878.0
94383,6313221.0
94384,2267425.0
94385,2344689.0
94386,4052733.0
94387,1904842.0
94388,3426169.0
94389,3004429.0
94390,1619683.0
94391,4052733.0
94392,3199619.0
94393,5595267.0
94394,2021934.0
94395,3258837.0
94396,2525375.0
94397,9652350.0
94398,3410878.0
94399,4491607.0
94400,3426169.0
94401,1847826.0
94402,2544857.0
94403,2021934.0
94404,2021934.0
94405,6694797.0
94406,4467728.0
94407,3956086.0
94408,2025297.0
94409,3745135.0
94410,1756069.0
94411,4888774.0
94412,2021934.0
94413,2544857.0
94414,3351383.0
94415,3939804.0
94416,2993069.0
94417,3248660.0
94418,3600467.0
94419,2344689.0
94420,6412623.0
94421,3028267.0
94422,3982767.0
94423,3410878.0
94424,3004429.0
94425,4491607.0
94426,4286645.0
94427,7592272.0
94428,3447890.0
94429,4219263.0
94430,4316715.0
94431,3426169.0
94432,6313221.0
94433,3351383.0
94434,1999097.0
94435,2018785.0
94436,4316715.0
94437,2371202.0
94438,3445076.0
94439,3570392.0
94440,6313221.0
94441,8213524.0
94442,2390534.0
94443,8213524.0
94444,2156098.0
94445,6836483.0
94446,2267425.0
94447,4052733.0
94448,3956086.0
94449,6313221.0
94450,3351383.0
94451,5461700.0
94452,4705945.0
94453,2021934.0
94454,1882131.0
94455,2792031.0
94456,2021934.0
94457,3351383.0
94458,3351383.0
94459,1904842.0
94460,7865428.0
94461,3752885.0
94462,7495092.0
94463,1847826.0
94464,2371202.0
94465,2371202.0
94466,4491607.0
94467,1619683.0
94468,2344689.0
94469,1149870.0
94470,2525375.0
94471,1149870.0
94472,3780019.0
94473,5444227.0
94474,7865428.0
94475,2371202.0
94476,7495092.0
94477,4250553.0
94478,2551252.0
94479,3248660.0
94480,2390534.0
94481,7217634.0
94482,4952255.0
94483,5595267.0
94484,3956086.0
94485,1619683.0
94486,1756069.0
94487,2018785.0
94488,2344689.0
94489,9262754.0
94490,3258837.0
94491,6313221.0
94492,4052733.0
94493,2364478.0
94494,2058644.0
94495,6313221.0
94496,3004429.0
94497,6363241.0
94498,3445076.0
94499,1756069.0
94500,3028267.0
94501,2018785.0
94502,3351383.0
94503,5906596.0
94504,3351383.0
94505,2954086.0
94506,3778621.0
94507,1999097.0
94508,3410878.0
94509,5525735.0
94510,2344689.0
94511,2097022.0
94512,3836721.0
94513,3600467.0
94514,2551252.0
94515,2097022.0
94516,4066618.0
94517,6412623.0
94518,3956086.0
94519,2344689.0
94520,1847826.0
94521,1999097.0
94522,2267425.0
94523,5435276.0
94524,2544857.0
94525,3028267.0
94526,2792031.0
94527,1149870.0
94528,2055379.0
94529,3447890.0
94530,4100886.0
94531,3836721.0
94532,4264176.0
94533,2018785.0
94534,4316715.0
94535,4491607.0
94536,5286212.0
94537,2544857.0
94538,3376145.0
94539,7201784.0
94540,1847826.0
94541,2018785.0
94542,5435276.0
94543,6923131.0
94544,6694797.0
94545,3745135.0
94546,6782425.0
94547,3939804.0
94548,4015749.0
94549,6694797.0
94550,4554237.0
94551,4219263.0
94552,6694797.0
94553,2551252.0
94554,3753720.0
94555,4888774.0
94556,7217634.0
94557,2344689.0
94558,3347767.0
94559,2344689.0
94560,4491607.0
94561,4350573.0
94562,3004429.0
94563,3956086.0
94564,3982767.0
94565,2097022.0
94566,3347767.0
94567,6941173.0
94568,3982767.0
94569,5337526.0
94570,9262754.0
94571,3426169.0
94572,3351383.0
94573,2344689.0
94574,2021934.0
94575,1882131.0
94576,1619683.0
94577,3939804.0
94578,9262754.0
94579,1149870.0
94580,1763231.0
94581,6836483.0
94582,3347767.0
94583,5461700.0
94584,4590423.0
94585,1756069.0
94586,2544857.0
94587,8213524.0
94588,7495092.0
94589,3351383.0
94590,3004429.0
94591,3939804.0
94592,3351383.0
94593,2058644.0
94594,5166635.0
94595,3199619.0
94596,1149870.0
94597,4316715.0
94598,3745135.0
94599,8213524.0
94600,4952255.0
94601,2021934.0
94602,2021934.0
94603,2021934.0
94604,1270499.0
94605,4554237.0
94606,2344689.0
94607,3982767.0
94608,1999097.0
94609,2344689.0
94610,7217634.0
94611,5595267.0
94612,2993069.0
94613,2021934.0
94614,2344689.0
94615,4052733.0
94616,2021934.0
94617,4250553.0
94618,2097022.0
94619,4250553.0
94620,1847826.0
94621,3199619.0
94622,3351383.0
94623,3752885.0
94624,1149870.0
94625,5500818.0
94626,6363241.0
94627,3780019.0
94628,3347767.0
94629,1904842.0
94630,3004429.0
94631,4491607.0
94632,1882131.0
94633,2156098.0
94634,3410878.0
94635,3447890.0
94636,4491607.0
94637,7865428.0
94638,3753720.0
94639,3600467.0
94640,2344689.0
94641,7495092.0
94642,3780019.0
94643,2097022.0
94644,3956086.0
94645,3347767.0
94646,5787594.0
94647,4705945.0
94648,2021934.0
94649,4554237.0
94650,3028267.0
94651,3347767.0
94652,3004429.0
94653,4467728.0
94654,5595267.0
94655,6941173.0
94656,4066618.0
94657,1270499.0
94658,3982767.0
94659,1270499.0
94660,5444227.0
94661,1847826.0
94662,3752885.0
94663,4015749.0
94664,4705945.0
94665,8213524.0
94666,3248660.0
94667,5435276.0
94668,2097022.0
94669,2390534.0
94670,2018785.0
94671,4250553.0
94672,1847826.0
94673,3004429.0
94674,3351383.0
94675,2371202.0
94676,7201784.0
94677,2993069.0
94678,2097022.0
94679,2344689.0
94680,3956086.0
94681,3347767.0
94682,2097022.0
94683,1999097.0
94684,2021934.0
94685,2390534.0
94686,3248660.0
94687,3778621.0
94688,8213524.0
94689,2018785.0
94690,1270499.0
94691,4467728.0
94692,3447890.0
94693,2021934.0
94694,2993069.0
94695,4052733.0
94696,6941173.0
94697,4554237.0
94698,2055379.0
94699,3956086.0
94700,3956086.0
94701,4100886.0
94702,6363241.0
94703,3956086.0
94704,3004429.0
94705,1756069.0
94706,1756069.0
94707,3982767.0
94708,2390534.0
94709,3752885.0
94710,2055379.0
94711,4888774.0
94712,3410878.0
94713,2732645.0
94714,1763231.0
94715,5461700.0
94716,3745135.0
94717,6694797.0
94718,3199619.0
94719,2021934.0
94720,4316715.0
94721,2097022.0
94722,7201784.0
94723,1619683.0
94724,8213524.0
94725,7592272.0
94726,3199619.0
94727,2055379.0
94728,2267425.0
94729,6694797.0
94730,1999097.0
94731,3956086.0
94732,3347767.0
94733,2344689.0
94734,3982767.0
94735,3956086.0
94736,2371202.0
94737,3347767.0
94738,2544857.0
94739,3347767.0
94740,7592272.0
94741,1619683.0
94742,3780019.0
94743,1999097.0
94744,4316715.0
94745,2058644.0
94746,2344689.0
94747,1270499.0
94748,3778621.0
94749,3600467.0
94750,2021934.0
94751,3261924.0
94752,1619683.0
94753,6694797.0
94754,3347767.0
94755,7217634.0
94756,6941173.0
94757,4250553.0
94758,8213524.0
94759,4155435.0
94760,6836483.0
94761,4316715.0
94762,2097022.0
94763,1882131.0
94764,7865428.0
94765,4316715.0
94766,3600467.0
94767,4067566.0
94768,4554237.0
94769,3727364.0
94770,2371202.0
94771,3752885.0
94772,8213524.0
94773,3410878.0
94774,5525735.0
94775,2156098.0
94776,3939804.0
94777,2390534.0
94778,3248660.0
94779,3447890.0
94780,2021934.0
94781,3600467.0
94782,2156098.0
94783,2156098.0
94784,4590423.0
94785,1882131.0
94786,5906596.0
94787,2018785.0
94788,6313221.0
94789,2390534.0
94790,4952255.0
94791,5787594.0
94792,1149870.0
94793,1619683.0
94794,2058644.0
94795,1270499.0
94796,2525375.0
94797,2390534.0
94798,3939804.0
94799,4263629.0
94800,5906596.0
94801,8213524.0
94802,1619683.0
94803,4219263.0
94804,2390534.0
94805,2344689.0
94806,5500818.0
94807,1999097.0
94808,2097022.0
94809,1756069.0
94810,3199619.0
94811,4052733.0
94812,1149870.0
94813,4263629.0
94814,3982767.0
94815,7201784.0
94816,1904842.0
94817,1882131.0
94818,3347767.0
94819,7217634.0
94820,2021934.0
94821,2551252.0
94822,6836483.0
94823,5444227.0
94824,8213524.0
94825,2021934.0
94826,6923131.0
94827,1149870.0
94828,4250553.0
94829,6836483.0
94830,1149870.0
94831,2732645.0
94832,4250553.0
94833,9262754.0
94834,4052733.0
94835,3600467.0
94836,6694797.0
94837,2344689.0
94838,3447890.0
94839,5966193.0
94840,1847826.0
94841,4100886.0
94842,5461700.0
94843,4052733.0
94844,7592272.0
94845,3028267.0
94846,1619683.0
94847,1904842.0
94848,2344689.0
94849,2551252.0
94850,2058644.0
94851,3745135.0
94852,3218918.0
94853,1999097.0
94854,4780607.0
94855,5595267.0
94856,3351383.0
94857,7592272.0
94858,3903884.0
94859,5595267.0
94860,2344689.0
94861,3982767.0
94862,1999097.0
94863,1270499.0
94864,6412623.0
94865,6941173.0
94866,3410878.0
94867,7201784.0
94868,5500818.0
94869,1270499.0
94870,4219263.0
94871,2021934.0
94872,1847826.0
94873,2732645.0
94874,2390534.0
94875,3600467.0
94876,1847826.0
94877,5166635.0
94878,6412623.0
94879,1270499.0
94880,2021934.0
94881,3426169.0
94882,4100886.0
94883,3600467.0
94884,1270499.0
94885,4467728.0
94886,3570392.0
94887,3745135.0
94888,1619683.0
94889,3426169.0
94890,6923131.0
94891,3903884.0
94892,7217634.0
94893,3780019.0
94894,5525735.0
94895,9262754.0
94896,2525375.0
94897,4052733.0
94898,3351383.0
94899,2267425.0
94900,3836721.0
94901,3410878.0
94902,4250553.0
94903,4705945.0
94904,5286212.0
94905,7592272.0
94906,4807746.0
94907,7592272.0
94908,2025297.0
94909,7495092.0
94910,4052733.0
94911,4491607.0
94912,2083447.0
94913,9262754.0
94914,4286645.0
94915,1149870.0
94916,2383840.0
94917,5595267.0
94918,3248660.0
94919,2390534.0
94920,1270499.0
94921,4350573.0
94922,2058644.0
94923,2344689.0
94924,2371202.0
94925,1847826.0
94926,2738052.0
94927,5337526.0
94928,3376145.0
94929,4015749.0
94930,3753720.0
94931,3426169.0
94932,7592272.0
94933,8904084.0
94934,3780019.0
94935,3351383.0
94936,3939804.0
94937,1270499.0
94938,3447890.0
94939,5017319.0
94940,3028267.0
94941,5595267.0
94942,2732645.0
94943,2058644.0
94944,5595267.0
94945,4705945.0
94946,2371202.0
94947,5595267.0
94948,6694797.0
94949,2551252.0
94950,2344689.0
94951,8213524.0
94952,4136425.0
94953,2055379.0
94954,2025297.0
94955,1999097.0
94956,1847826.0
94957,2732645.0
94958,4888774.0
94959,4250553.0
94960,3939804.0
94961,1847826.0
94962,4264176.0
94963,4250758.0
94964,3410878.0
94965,3982767.0
94966,4219263.0
94967,1619683.0
94968,1847826.0
94969,2018785.0
94970,3164972.0
94971,1999097.0
94972,6694797.0
94973,3273041.0
94974,3600467.0
94975,3570392.0
94976,1270499.0
94977,2732645.0
94978,1999097.0
94979,3004429.0
94980,3258837.0
94981,3752885.0
94982,2021934.0
94983,6941173.0
94984,2025297.0
94985,6313221.0
94986,2544857.0
94987,3004429.0
94988,5906596.0
94989,2058644.0
94990,4554237.0
94991,3004429.0
94992,2675511.0
94993,4286645.0
94994,3727364.0
94995,2021934.0
94996,6941173.0
94997,3600467.0
94998,1904842.0
94999,4888774.0
95000,1904842.0
95001,4705945.0
95002,2344689.0
95003,3028267.0
95004,3347767.0
95005,6694797.0
95006,7217634.0
95007,1756069.0
95008,3218918.0
95009,4491607.0
95010,1882131.0
95011,2021934.0
95012,2097022.0
95013,3447890.0
95014,3752885.0
95015,2993069.0
95016,2732645.0
95017,5435276.0
95018,2525375.0
95019,4250553.0
95020,8213524.0
95021,2993069.0
95022,6941173.0
95023,2740687.0
95024,4467728.0
95025,3199619.0
95026,6923131.0
95027,1904842.0
95028,7201784.0
95029,6923131.0
95030,1619683.0
95031,4067566.0
95032,3600467.0
95033,3218918.0
95034,2021934.0
95035,2390534.0
95036,2364478.0
95037,3903884.0
95038,2344689.0
95039,4590423.0
95040,1999097.0
95041,1619683.0
95042,3028267.0
95043,3410878.0
95044,2055379.0
95045,2021934.0
95046,8904084.0
95047,3727364.0
95048,2021934.0
95049,1999097.0
95050,3982767.0
95051,1999097.0
95052,2055379.0
95053,1847826.0
95054,6313221.0
95055,3410878.0
95056,3836721.0
95057,2675511.0
95058,5595267.0
95059,2018785.0
95060,1270499.0
95061,2390534.0
95062,4219263.0
95063,2018785.0
95064,8904084.0
95065,3273041.0
95066,4491607.0
95067,9652350.0
95068,4952255.0
95069,1904842.0
95070,3351383.0
95071,3410878.0
95072,1999097.0
95073,8213524.0
95074,3836721.0
95075,3745135.0
95076,3376145.0
95077,3939804.0
95078,1734634.0
95079,1756069.0
95080,4491607.0
95081,2025297.0
95082,3347767.0
95083,6941173.0
95084,6412623.0
95085,3410878.0
95086,3727364.0
95087,6836483.0
95088,3008199.0
95089,7201784.0
95090,4882985.0
95091,4136425.0
95092,5906596.0
95093,2344689.0
95094,4067566.0
95095,5337526.0
95096,3426169.0
95097,9262754.0
95098,2097022.0
95099,3447890.0
95100,2344689.0
95101,2371202.0
95102,5017319.0
95103,3218918.0
95104,4807746.0
95105,2993069.0
95106,2525375.0
95107,3004429.0
95108,4250553.0
95109,4286645.0
95110,3982767.0
95111,1149870.0
95112,3600467.0
95113,3982767.0
95114,1763231.0
95115,2021934.0
95116,8213524.0
95117,2371202.0
95118,2344689.0
95119,4952255.0
95120,4250758.0
95121,7495092.0
95122,7217634.0
95123,3410878.0
95124,5595267.0
95125,2732645.0
95126,6313221.0
95127,8904084.0
95128,5595267.0
95129,6363241.0
95130,1270499.0
95131,4052733.0
95132,1904842.0
95133,4066618.0
95134,3426169.0
95135,3347767.0
95136,2267425.0
95137,4651866.0
95138,2055379.0
95139,4705945.0
95140,2364478.0
95141,1847826.0
95142,7217634.0
95143,2993069.0
95144,2544857.0
95145,3273041.0
95146,2544857.0
95147,6694797.0
95148,1763231.0
95149,1882131.0
95150,3410878.0
95151,2021934.0
95152,3778621.0
95153,3752885.0
95154,4250553.0
95155,3351383.0
95156,3028267.0
95157,1756069.0
95158,3600467.0
95159,6694797.0
95160,2390534.0
95161,1270499.0
95162,7592272.0
95163,3939804.0
95164,2371202.0
95165,3004429.0
95166,3426169.0
95167,3218918.0
95168,1149870.0
95169,3028267.0
95170,1904842.0
95171,4015749.0
95172,2344689.0
95173,3248660.0
95174,3004429.0
95175,4155435.0
95176,2344689.0
95177,4780607.0
95178,4467728.0
95179,4316715.0
95180,2083447.0
95181,3727364.0
95182,2738052.0
95183,1270499.0
95184,4491607.0
95185,3836721.0
95186,2525375.0
95187,2344689.0
95188,3447890.0
95189,2267425.0
95190,3780019.0
95191,2021934.0
95192,2021934.0
95193,2097022.0
95194,2544857.0
95195,4316715.0
95196,1270499.0
95197,2058644.0
95198,2097022.0
95199,3347767.0
95200,6923131.0
95201,4952255.0
95202,3376145.0
95203,1734634.0
95204,7592272.0
95205,4052733.0
95206,6941173.0
95207,2156098.0
95208,1149870.0
95209,6836483.0
95210,5500818.0
95211,1756069.0
95212,1756069.0
95213,3956086.0
95214,4350573.0
95215,4067566.0
95216,4952255.0
95217,1756069.0
95218,2344689.0
95219,2371202.0
95220,2097022.0
95221,1619683.0
95222,7201784.0
95223,8213524.0
95224,4807746.0
95225,4264176.0
95226,1149870.0
95227,8904084.0
95228,2025297.0
95229,6941173.0
95230,1847826.0
95231,3347767.0
95232,1734634.0
95233,1149870.0
95234,4888774.0
95235,2344689.0
95236,3780019.0
95237,5595267.0
95238,3258837.0
95239,3752885.0
95240,1756069.0
95241,7495092.0
95242,3376145.0
95243,1763231.0
95244,2738052.0
95245,2544857.0
95246,3871344.0
95247,5595267.0
95248,4100886.0
95249,1756069.0
95250,3004429.0
95251,4316715.0
95252,4350573.0
95253,3752885.0
95254,2344689.0
95255,3199619.0
95256,4554237.0
95257,3807496.0
95258,6694797.0
95259,1904842.0
95260,3445076.0
95261,3258837.0
95262,3426169.0
95263,6313221.0
95264,3248660.0
95265,1847826.0
95266,3982767.0
95267,2525375.0
95268,4807746.0
95269,2055379.0
95270,1763231.0
95271,2344689.0
95272,2792031.0
95273,2525375.0
95274,4250553.0
95275,3347767.0
95276,1999097.0
95277,3199619.0
95278,4491607.0
95279,2018785.0
95280,4554237.0
95281,1756069.0
95282,1904842.0
95283,2156098.0
95284,6941173.0
95285,3008199.0
95286,2344689.0
95287,2021934.0
95288,3752885.0
95289,3447890.0
95290,2058644.0
95291,4219263.0
95292,2344689.0
95293,2993069.0
95294,3410878.0
95295,1999097.0
95296,2675511.0
95297,3982767.0
95298,2344689.0
95299,5500818.0
95300,6694797.0
95301,3939804.0
95302,2018785.0
95303,4952255.0
95304,2018785.0
95305,7865428.0
95306,2055379.0
95307,3982767.0
95308,2732645.0
95309,3347767.0
95310,2390534.0
95311,1270499.0
95312,7592272.0
95313,9652350.0
95314,2018785.0
95315,2097022.0
95316,6694797.0
95317,3939804.0
95318,4066618.0
95319,2058644.0
95320,3807496.0
95321,2021934.0
95322,2025297.0
95323,2025297.0
95324,5525735.0
95325,4780607.0
95326,3351383.0
95327,7217634.0
95328,2097022.0
95329,2344689.0
95330,9262754.0
95331,5595267.0
95332,3836721.0
95333,4015749.0
95334,4467728.0
95335,1149870.0
95336,3351383.0
95337,2055379.0
95338,2993069.0
95339,8213524.0
95340,2383840.0
95341,1619683.0
95342,3347767.0
95343,3347767.0
95344,3600467.0
95345,8904084.0
95346,1999097.0
95347,2097022.0
95348,5906596.0
95349,1999097.0
95350,4350573.0
95351,3447890.0
95352,1999097.0
95353,4100886.0
95354,2732645.0
95355,3982767.0
95356,8213524.0
95357,2732645.0
95358,3410878.0
95359,3347767.0
95360,4155435.0
95361,6694797.0
95362,3410878.0
95363,2675511.0
95364,4250553.0
95365,3836721.0
95366,5525735.0
95367,4651866.0
95368,3426169.0
95369,19696939.0
95370,3164972.0
95371,2021934.0
95372,1763231.0
95373,2675511.0
95374,1619683.0
95375,3261924.0
95376,3780019.0
95377,8904084.0
95378,4316715.0
95379,5906596.0
95380,1999097.0
95381,6363241.0
95382,2097022.0
95383,3939804.0
95384,2018785.0
95385,2675511.0
95386,5525735.0
95387,2675511.0
95388,2390534.0
95389,2018785.0
95390,5525735.0
95391,4250553.0
95392,4316715.0
95393,2993069.0
95394,1619683.0
95395,1882131.0
95396,3727364.0
95397,3939804.0
95398,3982767.0
95399,9262754.0
95400,2993069.0
95401,1734634.0
95402,3780019.0
95403,4316715.0
95404,3956086.0
95405,2018785.0
95406,1149870.0
95407,2999068.0
95408,4491607.0
95409,3347767.0
95410,2344689.0
95411,5595267.0
95412,2954086.0
95413,3258837.0
95414,3273041.0
95415,2544857.0
95416,5653753.0
95417,7495092.0
95418,8630682.0
95419,5906596.0
95420,3745135.0
95421,2025297.0
95422,2525375.0
95423,2018785.0
95424,3982767.0
95425,3004429.0
95426,5166635.0
95427,3258837.0
95428,3426169.0
95429,2344689.0
95430,2018785.0
95431,4651866.0
95432,1619683.0
95433,3410878.0
95434,2344689.0
95435,2732645.0
95436,5500818.0
95437,5595267.0
95438,2993069.0
95439,1756069.0
95440,2390534.0
95441,2344689.0
95442,2021934.0
95443,2390534.0
95444,1904842.0
95445,3028267.0
95446,5906596.0
95447,2156098.0
95448,2025297.0
95449,1270499.0
95450,3218918.0
95451,3273041.0
95452,5444227.0
95453,3410878.0
95454,2390534.0
95455,2544857.0
95456,3248660.0
95457,1904842.0
95458,6941173.0
95459,2344689.0
95460,4250758.0
95461,2058644.0
95462,1763231.0
95463,1904842.0
95464,2544857.0
95465,1882131.0
95466,7592272.0
95467,3218918.0
95468,2525375.0
95469,2792031.0
95470,5017319.0
95471,5595267.0
95472,4705945.0
95473,7865428.0
95474,1904842.0
95475,3752885.0
95476,3445076.0
95477,5787594.0
95478,1270499.0
95479,2097022.0
95480,5595267.0
95481,3351383.0
95482,3028267.0
95483,3982767.0
95484,2055379.0
95485,4952255.0
95486,2544857.0
95487,2738052.0
95488,1763231.0
95489,7592272.0
95490,1999097.0
95491,6836483.0
95492,2344689.0
95493,3004429.0
95494,3745135.0
95495,7592272.0
95496,3939804.0
95497,1999097.0
95498,2738052.0
95499,3004429.0
95500,4467728.0
95501,1763231.0
95502,2993069.0
95503,3410878.0
95504,3752885.0
95505,3376145.0
95506,2055379.0
95507,1763231.0
95508,3347767.0
95509,2097022.0
95510,3008199.0
95511,3778621.0
95512,2025297.0
95513,3982767.0
95514,4888774.0
95515,1904842.0
95516,2097022.0
95517,3982767.0
95518,1999097.0
95519,4136425.0
95520,1734634.0
95521,1619683.0
95522,4316715.0
95523,1619683.0
95524,3410878.0
95525,3004429.0
95526,2525375.0
95527,8213524.0
95528,2525375.0
95529,4100886.0
95530,3351383.0
95531,3818055.0
95532,3982767.0
95533,2344689.0
95534,1619683.0
95535,8213524.0
95536,4100886.0
95537,4491607.0
95538,3452382.0
95539,4286645.0
95540,5500818.0
95541,1734634.0
95542,2021934.0
95543,8213524.0
95544,4952255.0
95545,3807496.0
95546,4250553.0
95547,3982767.0
95548,6941173.0
95549,2544857.0
95550,3028267.0
95551,3164972.0
95552,1904842.0
95553,2058644.0
95554,5166635.0
95555,6694797.0
95556,7217634.0
95557,2390534.0
95558,4250553.0
95559,4250553.0
95560,1149870.0
95561,3410878.0
95562,3004429.0
95563,2738052.0
95564,3004429.0
95565,3347767.0
95566,1619683.0
95567,1619683.0
95568,1149870.0
95569,2018785.0
95570,3004429.0
95571,7592272.0
95572,2097022.0
95573,1904842.0
95574,2018785.0
95575,1763231.0
95576,2344689.0
95577,3452382.0
95578,1882131.0
95579,1619683.0
95580,2058644.0
95581,2544857.0
95582,2344689.0
95583,3248660.0
95584,3982767.0
95585,4250553.0
95586,2954086.0
95587,6836483.0
95588,2525375.0
95589,1999097.0
95590,2021934.0
95591,4952255.0
95592,1999097.0
95593,4100886.0
95594,6363241.0
95595,4467728.0
95596,4491607.0
95597,6694797.0
95598,1270499.0
95599,3351383.0
95600,1999097.0
95601,4250553.0
95602,3258837.0
95603,2792031.0
95604,3351383.0
95605,4491607.0
95606,6363241.0
95607,6363241.0
95608,1756069.0
95609,3410878.0
95610,2344689.0
95611,2083447.0
95612,2544857.0
95613,3600467.0
95614,2675511.0
95615,3753720.0
95616,1999097.0
95617,7592272.0
95618,3347767.0
95619,4651866.0
95620,1882131.0
95621,6412623.0
95622,2740687.0
95623,2390534.0
95624,4250553.0
95625,2267425.0
95626,1734634.0
95627,3982767.0
95628,2551252.0
95629,4067566.0
95630,2267425.0
95631,1999097.0
95632,5525735.0
95633,2267425.0
95634,3982767.0
95635,1904842.0
95636,1882131.0
95637,4952255.0
95638,1904842.0
95639,2018785.0
95640,5337526.0
95641,5595267.0
95642,3600467.0
95643,3939804.0
95644,4219263.0
95645,3778621.0
95646,3903884.0
95647,4590423.0
95648,1619683.0
95649,2097022.0
95650,2525375.0
95651,9652350.0
95652,2344689.0
95653,4250758.0
95654,2018785.0
95655,3351383.0
95656,3376145.0
95657,3351383.0
95658,1999097.0
95659,3004429.0
95660,9652350.0
95661,6363241.0
95662,4651866.0
95663,5525735.0
95664,3982767.0
95665,3347767.0
95666,1619683.0
95667,3727364.0
95668,3028267.0
95669,3426169.0
95670,4100886.0
95671,3956086.0
95672,4219263.0
95673,6923131.0
95674,9262754.0
95675,4219263.0
95676,2058644.0
95677,2390534.0
95678,4807746.0
95679,3376145.0
95680,2525375.0
95681,5017319.0
95682,3410878.0
95683,6313221.0
95684,4015749.0
95685,2390534.0
95686,1904842.0
95687,4491607.0
95688,5653753.0
95689,1904842.0
95690,2058644.0
95691,8213524.0
95692,5435276.0
95693,4052733.0
95694,3600467.0
95695,8904084.0
95696,2021934.0
95697,4286645.0
95698,2267425.0
95699,2792031.0
95700,4350573.0
95701,5435276.0
95702,2732645.0
95703,3447890.0
95704,2364478.0
95705,8213524.0
95706,2738052.0
95707,6836483.0
95708,4015749.0
95709,6694797.0
95710,6313221.0
95711,6313221.0
95712,7495092.0
95713,3727364.0
95714,5906596.0
95715,3410878.0
95716,8213524.0
95717,5017319.0
95718,4952255.0
95719,2732645.0
95720,2058644.0
95721,6694797.0
95722,4467728.0
95723,2390534.0
95724,3410878.0
95725,3426169.0
95726,2390534.0
95727,2792031.0
95728,1270499.0
95729,6782425.0
95730,3004429.0
95731,2097022.0
95732,2993069.0
95733,1999097.0
95734,4491607.0
95735,4250758.0
95736,3347767.0
95737,2055379.0
95738,3351383.0
95739,7495092.0
95740,3836721.0
95741,1904842.0
95742,5653753.0
95743,2551252.0
95744,2058644.0
95745,5595267.0
95746,3903884.0
95747,3410878.0
95748,2097022.0
95749,5787594.0
95750,1999097.0
95751,1149870.0
95752,1847826.0
95753,5787594.0
95754,2371202.0
95755,2055379.0
95756,4491607.0
95757,1882131.0
95758,1904842.0
95759,7217634.0
95760,3347767.0
95761,3004429.0
95762,2525375.0
95763,4263629.0
95764,2544857.0
95765,3447890.0
95766,2058644.0
95767,6313221.0
95768,3447890.0
95769,1763231.0
95770,3600467.0
95771,1882131.0
95772,2551252.0
95773,1619683.0
95774,4250553.0
95775,4491607.0
95776,2390534.0
95777,2058644.0
95778,2021934.0
95779,2344689.0
95780,2021934.0
95781,4263629.0
95782,7592272.0
95783,3727364.0
95784,4250758.0
95785,2018785.0
95786,1270499.0
95787,6836483.0
95788,2058644.0
95789,2058644.0
95790,3004429.0
95791,1619683.0
95792,3410878.0
95793,4350573.0
95794,7592272.0
95795,2732645.0
95796,2371202.0
95797,5595267.0
95798,7592272.0
95799,3956086.0
95800,3982767.0
95801,2551252.0
95802,2021934.0
95803,1882131.0
95804,3982767.0
95805,2551252.0
95806,2097022.0
95807,1999097.0
95808,1756069.0
95809,2097022.0
95810,7201784.0
95811,7217634.0
95812,4491607.0
95813,4250553.0
95814,4155435.0
95815,2058644.0
95816,3347767.0
95817,3727364.0
95818,5525735.0
95819,4263629.0
95820,8213524.0
95821,1270499.0
95822,3410878.0
95823,4467728.0
95824,1999097.0
95825,4250553.0
95826,3426169.0
95827,3939804.0
95828,2999068.0
95829,4491607.0
95830,4350573.0
95831,3600467.0
95832,2993069.0
95833,1619683.0
95834,1882131.0
95835,3600467.0
95836,1270499.0
95837,8213524.0
95838,5444227.0
95839,2390534.0
95840,5500818.0
95841,2025297.0
95842,9652350.0
95843,13575224.0
95844,2390534.0
95845,3008199.0
95846,4316715.0
95847,1619683.0
95848,1619683.0
95849,6923131.0
95850,7865428.0
95851,3445076.0
95852,4491607.0
95853,5166635.0
95854,2525375.0
95855,2732645.0
95856,8213524.0
95857,4952255.0
95858,2371202.0
95859,5166635.0
95860,3004429.0
95861,3780019.0
95862,2993069.0
95863,1999097.0
95864,4554237.0
95865,3752885.0
95866,4136425.0
95867,6313221.0
95868,2738052.0
95869,3410878.0
95870,2058644.0
95871,2021934.0
95872,2390534.0
95873,2021934.0
95874,5595267.0
95875,1882131.0
95876,3836721.0
95877,3752885.0
95878,2738052.0
95879,3426169.0
95880,3752885.0
95881,2055379.0
95882,5906596.0
95883,5337526.0
95884,2544857.0
95885,2544857.0
95886,2058644.0
95887,2390534.0
95888,6363241.0
95889,2390534.0
95890,4952255.0
95891,4705945.0
95892,1999097.0
95893,6923131.0
95894,3836721.0
95895,1756069.0
95896,3447890.0
95897,2058644.0
95898,1149870.0
95899,2267425.0
95900,2021934.0
95901,3410878.0
95902,2018785.0
95903,1149870.0
95904,2551252.0
95905,2344689.0
95906,3351383.0
95907,3028267.0
95908,9262754.0
95909,3600467.0
95910,2021934.0
95911,1734634.0
95912,2999068.0
95913,4052733.0
95914,3753720.0
95915,1999097.0
95916,3745135.0
95917,2371202.0
95918,2018785.0
95919,3745135.0
95920,4067566.0
95921,1149870.0
95922,1270499.0
95923,2055379.0
95924,3351383.0
95925,3410878.0
95926,1847826.0
95927,6836483.0
95928,2267425.0
95929,6782425.0
95930,1847826.0
95931,2058644.0
95932,2738052.0
95933,1270499.0
95934,4067566.0
95935,4651866.0
95936,3351383.0
95937,3351383.0
95938,4590423.0
95939,6941173.0
95940,2551252.0
95941,4807746.0
95942,2954086.0
95943,2544857.0
95944,3426169.0
95945,4554237.0
95946,3351383.0
95947,2954086.0
95948,2055379.0
95949,3939804.0
95950,3410878.0
95951,7592272.0
95952,3727364.0
95953,5595267.0
95954,4250553.0
95955,4467728.0
95956,2544857.0
95957,1734634.0
95958,4590423.0
95959,1763231.0
95960,2058644.0
95961,5166635.0
95962,3008199.0
95963,7865428.0
95964,1619683.0
95965,6313221.0
95966,6363241.0
95967,6694797.0
95968,2021934.0
95969,4066618.0
95970,7592272.0
95971,3351383.0
95972,1999097.0
95973,3347767.0
95974,1734634.0
95975,3351383.0
95976,2097022.0
95977,2675511.0
95978,1882131.0
95979,3199619.0
95980,3778621.0
95981,4952255.0
95982,1882131.0
95983,4067566.0
95984,1756069.0
95985,3745135.0
95986,2390534.0
95987,3028267.0
95988,1999097.0
95989,2097022.0
95990,3410878.0
95991,2675511.0
95992,9262754.0
95993,4705945.0
95994,1619683.0
95995,1904842.0
95996,1763231.0
95997,2390534.0
95998,2025297.0
95999,2058644.0
96000,2021934.0
96001,1619683.0
96002,3004429.0
96003,5595267.0
96004,7201784.0
96005,2025297.0
96006,1270499.0
96007,7592272.0
96008,7495092.0
96009,4350573.0
96010,4350573.0
96011,4052733.0
96012,2954086.0
96013,6941173.0
96014,4264176.0
96015,6313221.0
96016,2344689.0
96017,4219263.0
96018,1847826.0
96019,3745135.0
96020,2525375.0
96021,3982767.0
96022,7217634.0
96023,3258837.0
96024,4491607.0
96025,4264176.0
96026,4952255.0
96027,3199619.0
96028,7592272.0
96029,7495092.0
96030,4250553.0
96031,2740687.0
96032,2344689.0
96033,2732645.0
96034,2792031.0
96035,1270499.0
96036,2018785.0
96037,4250758.0
96038,3426169.0
96039,1619683.0
96040,1847826.0
96041,6923131.0
96042,2364478.0
96043,3347767.0
96044,2055379.0
96045,4052733.0
96046,5525735.0
96047,4250553.0
96048,4219263.0
96049,1756069.0
96050,2097022.0
96051,6941173.0
96052,1999097.0
96053,9262754.0
96054,5161370.0
96055,6412623.0
96056,2993069.0
96057,2055379.0
96058,3351383.0
96059,6412623.0
96060,7495092.0
96061,3347767.0
96062,2344689.0
96063,4015749.0
96064,1149870.0
96065,4316715.0
96066,2544857.0
96067,6694797.0
96068,3347767.0
96069,3261924.0
96070,7217634.0
96071,8213524.0
96072,6836483.0
96073,2083447.0
96074,3600467.0
96075,6836483.0
96076,2018785.0
96077,3410878.0
96078,2544857.0
96079,3376145.0
96080,2544857.0
96081,3447890.0
96082,3347767.0
96083,2993069.0
96084,3818055.0
96085,7495092.0
96086,3004429.0
96087,3745135.0
96088,7495092.0
96089,3982767.0
96090,2993069.0
96091,1904842.0
96092,7592272.0
96093,8904084.0
96094,3273041.0
96095,6313221.0
96096,3351383.0
96097,2544857.0
96098,3956086.0
96099,2371202.0
96100,2551252.0
96101,2551252.0
96102,2156098.0
96103,7592272.0
96104,2021934.0
96105,1999097.0
96106,1619683.0
96107,1756069.0
96108,1270499.0
96109,5500818.0
96110,4263629.0
96111,1149870.0
96112,4554237.0
96113,4350573.0
96114,1763231.0
96115,3028267.0
96116,3982767.0
96117,2097022.0
96118,5166635.0
96119,2021934.0
96120,2675511.0
96121,6694797.0
96122,1149870.0
96123,5500818.0
96124,2371202.0
96125,2390534.0
96126,2021934.0
96127,2993069.0
96128,3780019.0
96129,7217634.0
96130,9652350.0
96131,2738052.0
96132,5500818.0
96133,3351383.0
96134,2156098.0
96135,3727364.0
96136,2021934.0
96137,4554237.0
96138,1882131.0
96139,6363241.0
96140,2525375.0
96141,3218918.0
96142,4250553.0
96143,3347767.0
96144,2390534.0
96145,2344689.0
96146,4052733.0
96147,5595267.0
96148,2390534.0
96149,3426169.0
96150,1904842.0
96151,3351383.0
96152,2544857.0
96153,4554237.0
96154,2551252.0
96155,3248660.0
96156,5653753.0
96157,2383840.0
96158,1619683.0
96159,5017319.0
96160,4316715.0
96161,2021934.0
96162,5444227.0
96163,4067566.0
96164,7592272.0
96165,2792031.0
96166,4052733.0
96167,1847826.0
96168,5525735.0
96169,2390534.0
96170,3258837.0
96171,3218918.0
96172,1149870.0
96173,4250553.0
96174,4554237.0
96175,2018785.0
96176,8904084.0
96177,3199619.0
96178,2792031.0
96179,4250553.0
96180,2993069.0
96181,1847826.0
96182,6313221.0
96183,2055379.0
96184,8213524.0
96185,2156098.0
96186,3410878.0
96187,1904842.0
96188,2675511.0
96189,1756069.0
96190,8904084.0
96191,1999097.0
96192,3410878.0
96193,3004429.0
96194,1847826.0
96195,2083447.0
96196,3982767.0
96197,5906596.0
96198,2344689.0
96199,3376145.0
96200,2055379.0
96201,8213524.0
96202,2267425.0
96203,4554237.0
96204,3261924.0
96205,4780607.0
96206,4015749.0
96207,6412623.0
96208,4491607.0
96209,3956086.0
96210,7592272.0
96211,2083447.0
96212,5595267.0
96213,3982767.0
96214,3982767.0
96215,3982767.0
96216,3956086.0
96217,1756069.0
96218,1882131.0
96219,1999097.0
96220,3600467.0
96221,2390534.0
96222,5461700.0
96223,3347767.0
96224,1882131.0
96225,4015749.0
96226,3447890.0
96227,1619683.0
96228,2097022.0
96229,5286212.0
96230,4350573.0
96231,1999097.0
96232,8213524.0
96233,7592272.0
96234,3376145.0
96235,3600467.0
96236,7592272.0
96237,8213524.0
96238,1847826.0
96239,2344689.0
96240,3410878.0
96241,1847826.0
96242,2993069.0
96243,4952255.0
96244,3004429.0
96245,2390534.0
96246,5337526.0
96247,3004429.0
96248,3778621.0
96249,1904842.0
96250,3351383.0
96251,3939804.0
96252,3600467.0
96253,2344689.0
96254,3410878.0
96255,5500818.0
96256,5461700.0
96257,2371202.0
96258,6694797.0
96259,3376145.0
96260,6782425.0
96261,1270499.0
96262,3376145.0
96263,4067566.0
96264,5435276.0
96265,2156098.0
96266,3600467.0
96267,1847826.0
96268,3376145.0
96269,1847826.0
96270,3273041.0
96271,6941173.0
96272,3347767.0
96273,2018785.0
96274,3410878.0
96275,4286645.0
96276,1756069.0
96277,7592272.0
96278,6836483.0
96279,4554237.0
96280,2018785.0
96281,2058644.0
96282,3273041.0
96283,2344689.0
96284,7495092.0
96285,3004429.0
96286,2344689.0
96287,1270499.0
96288,2058644.0
96289,2097022.0
96290,3004429.0
96291,1756069.0
96292,4952255.0
96293,2390534.0
96294,6941173.0
96295,2344689.0
96296,2344689.0
96297,3004429.0
96298,2055379.0
96299,5337526.0
96300,4952255.0
96301,3903884.0
96302,2025297.0
96303,2732645.0
96304,2999068.0
96305,4952255.0
96306,7592272.0
96307,1619683.0
96308,4491607.0
96309,4780607.0
96310,3752885.0
96311,4491607.0
96312,2993069.0
96313,1999097.0
96314,2097022.0
96315,2544857.0
96316,7865428.0
96317,2018785.0
96318,2371202.0
96319,7865428.0
96320,4590423.0
96321,4491607.0
96322,2999068.0
96323,2058644.0
96324,2390534.0
96325,2732645.0
96326,5595267.0
96327,2058644.0
96328,3447890.0
96329,4882985.0
96330,6694797.0
96331,2344689.0
96332,4554237.0
96333,2267425.0
96334,1619683.0
96335,3426169.0
96336,5595267.0
96337,2525375.0
96338,1904842.0
96339,2344689.0
96340,3347767.0
96341,2344689.0
96342,1882131.0
96343,3004429.0
96344,3939804.0
96345,6941173.0
96346,1149870.0
96347,4554237.0
96348,2390534.0
96349,2097022.0
96350,3778621.0
96351,6782425.0
96352,3956086.0
96353,4015749.0
96354,5906596.0
96355,7592272.0
96356,3445076.0
96357,4250553.0
96358,1756069.0
96359,2018785.0
96360,2732645.0
96361,2344689.0
96362,1619683.0
96363,3004429.0
96364,3600467.0
96365,8213524.0
96366,3745135.0
96367,2018785.0
96368,4952255.0
96369,6923131.0
96370,3008199.0
96371,3956086.0
96372,8213524.0
96373,3004429.0
96374,3956086.0
96375,4015749.0
96376,2390534.0
96377,3426169.0
96378,3836721.0
96379,2021934.0
96380,1734634.0
96381,7217634.0
96382,6363241.0
96383,5525735.0
96384,5444227.0
96385,2675511.0
96386,8213524.0
96387,1270499.0
96388,3956086.0
96389,5017319.0
96390,3956086.0
96391,3727364.0
96392,3982767.0
96393,1756069.0
96394,6836483.0
96395,5500818.0
96396,5595267.0
96397,3752885.0
96398,2390534.0
96399,3410878.0
96400,2544857.0
96401,1756069.0
96402,4705945.0
96403,4467728.0
96404,1149870.0
96405,2344689.0
96406,2792031.0
96407,4882985.0
96408,4491607.0
96409,3982767.0
96410,1619683.0
96411,2525375.0
96412,3410878.0
96413,4467728.0
96414,4467728.0
96415,8904084.0
96416,6836483.0
96417,9652350.0
96418,3982767.0
96419,1847826.0
96420,2993069.0
96421,6412623.0
96422,7201784.0
96423,3982767.0
96424,2525375.0
96425,7495092.0
96426,2021934.0
96427,2055379.0
96428,3745135.0
96429,2344689.0
96430,2344689.0
96431,2390534.0
96432,3410878.0
96433,2018785.0
96434,2993069.0
96435,4429512.0
96436,2097022.0
96437,4429512.0
96438,4015749.0
96439,1149870.0
96440,4554237.0
96441,3248660.0
96442,3939804.0
96443,1270499.0
96444,3778621.0
96445,13575224.0
96446,1619683.0
96447,4952255.0
96448,3410878.0
96449,2371202.0
96450,2371202.0
96451,2018785.0
96452,2390534.0
96453,3004429.0
96454,3780019.0
96455,3351383.0
96456,6941173.0
96457,3351383.0
96458,3956086.0
96459,1847826.0
96460,2738052.0
96461,4952255.0
96462,4491607.0
96463,2058644.0
96464,3982767.0
96465,3982767.0
96466,3727364.0
96467,2344689.0
96468,4264176.0
96469,7217634.0
96470,8213524.0
96471,1149870.0
96472,4350573.0
96473,2544857.0
96474,2675511.0
96475,3351383.0
96476,1270499.0
96477,7592272.0
96478,8904084.0
96479,3745135.0
96480,1149870.0
96481,9652350.0
96482,2732645.0
96483,3004429.0
96484,3410878.0
96485,1619683.0
96486,6694797.0
96487,2551252.0
96488,5444227.0
96489,1847826.0
96490,3028267.0
96491,7592272.0
96492,4250553.0
96493,5595267.0
96494,3982767.0
96495,6363241.0
96496,6412623.0
96497,3347767.0
96498,4554237.0
96499,5653753.0
96500,1149870.0
96501,2344689.0
96502,3004429.0
96503,2055379.0
96504,3410878.0
96505,2021934.0
96506,3004429.0
96507,1270499.0
96508,2018785.0
96509,1270499.0
96510,1999097.0
96511,1149870.0
96512,5595267.0
96513,1149870.0
96514,2097022.0
96515,1149870.0
96516,2732645.0
96517,3351383.0
96518,4491607.0
96519,5435276.0
96520,1999097.0
96521,1270499.0
96522,2021934.0
96523,2740687.0
96524,2383840.0
96525,4882985.0
96526,2675511.0
96527,1149870.0
96528,3778621.0
96529,6836483.0
96530,2551252.0
96531,3410878.0
96532,1999097.0
96533,1619683.0
96534,3004429.0
96535,2267425.0
96536,4491607.0
96537,3447890.0
96538,6412623.0
96539,1904842.0
96540,7495092.0
96541,2021934.0
96542,3745135.0
96543,3956086.0
96544,5787594.0
96545,2267425.0
96546,2738052.0
96547,1756069.0
96548,3982767.0
96549,6412623.0
96550,1149870.0
96551,6923131.0
96552,1149870.0
96553,3778621.0
96554,1999097.0
96555,3600467.0
96556,1999097.0
96557,4467728.0
96558,1763231.0
96559,1149870.0
96560,2344689.0
96561,2383840.0
96562,3600467.0
96563,3447890.0
96564,4554237.0
96565,4052733.0
96566,4467728.0
96567,2738052.0
96568,2344689.0
96569,1999097.0
96570,1847826.0
96571,1847826.0
96572,2083447.0
96573,5461700.0
96574,4705945.0
96575,2383840.0
96576,2156098.0
96577,3956086.0
96578,2344689.0
96579,4350573.0
96580,2021934.0
96581,4491607.0
96582,1756069.0
96583,1904842.0
96584,5595267.0
96585,3351383.0
96586,3347767.0
96587,5435276.0
96588,8213524.0
96589,5017319.0
96590,2371202.0
96591,7592272.0
96592,4882985.0
96593,3982767.0
96594,9262754.0
96595,8213524.0
96596,5595267.0
96597,1270499.0
96598,3028267.0
96599,3164972.0
96600,5525735.0
96601,3410878.0
96602,3028267.0
96603,1999097.0
96604,7495092.0
96605,2021934.0
96606,8904084.0
96607,4067566.0
96608,6941173.0
96609,1904842.0
96610,1149870.0
96611,6694797.0
96612,2055379.0
96613,5435276.0
96614,1999097.0
96615,8213524.0
96616,3347767.0
96617,2021934.0
96618,4250553.0
96619,4219263.0
96620,1619683.0
96621,1882131.0
96622,2390534.0
96623,3273041.0
96624,2344689.0
96625,3426169.0
96626,3752885.0
96627,4286645.0
96628,3351383.0
96629,2390534.0
96630,1756069.0
96631,3347767.0
96632,2018785.0
96633,3600467.0
96634,9652350.0
96635,1149870.0
96636,6412623.0
96637,3410878.0
96638,3248660.0
96639,4554237.0
96640,1882131.0
96641,5595267.0
96642,3258837.0
96643,1756069.0
96644,3004429.0
96645,4250553.0
96646,3347767.0
96647,1882131.0
96648,9652350.0
96649,2551252.0
96650,6412623.0
96651,4491607.0
96652,2390534.0
96653,1847826.0
96654,3410878.0
96655,3410878.0
96656,1999097.0
96657,1882131.0
96658,3028267.0
96659,2383840.0
96660,3956086.0
96661,3028267.0
96662,7865428.0
96663,2551252.0
96664,1149870.0
96665,4067566.0
96666,5595267.0
96667,1149870.0
96668,5444227.0
96669,2018785.0
96670,2021934.0
96671,3004429.0
96672,2344689.0
96673,3199619.0
96674,1847826.0
96675,4554237.0
96676,2097022.0
96677,2344689.0
96678,3753720.0
96679,2021934.0
96680,3004429.0
96681,1734634.0
96682,5595267.0
96683,4882985.0
96684,6412623.0
96685,3778621.0
96686,4100886.0
96687,5435276.0
96688,3004429.0
96689,3199619.0
96690,3982767.0
96691,1882131.0
96692,4316715.0
96693,3347767.0
96694,3600467.0
96695,2344689.0
96696,2993069.0
96697,3248660.0
96698,4052733.0
96699,1619683.0
96700,3982767.0
96701,1882131.0
96702,2267425.0
96703,2993069.0
96704,2544857.0
96705,3004429.0
96706,6412623.0
96707,1999097.0
96708,4264176.0
96709,5906596.0
96710,3982767.0
96711,3028267.0
96712,2344689.0
96713,3727364.0
96714,3447890.0
96715,1149870.0
96716,1999097.0
96717,1270499.0
96718,7201784.0
96719,1756069.0
96720,4491607.0
96721,2390534.0
96722,2740687.0
96723,4316715.0
96724,3347767.0
96725,1999097.0
96726,3752885.0
96727,3218918.0
96728,3780019.0
96729,2097022.0
96730,2344689.0
96731,2097022.0
96732,3347767.0
96733,2058644.0
96734,4250553.0
96735,6363241.0
96736,2738052.0
96737,3939804.0
96738,1756069.0
96739,2544857.0
96740,3410878.0
96741,3004429.0
96742,2021934.0
96743,5017319.0
96744,2156098.0
96745,1270499.0
96746,3447890.0
96747,2058644.0
96748,3939804.0
96749,1149870.0
96750,2097022.0
96751,6694797.0
96752,6694797.0
96753,2055379.0
96754,2058644.0
96755,3004429.0
96756,2344689.0
96757,3600467.0
96758,1904842.0
96759,2021934.0
96760,2544857.0
96761,5787594.0
96762,4952255.0
96763,3351383.0
96764,2021934.0
96765,4952255.0
96766,2058644.0
96767,4066618.0
96768,4780607.0
96769,2055379.0
96770,9652350.0
96771,2021934.0
96772,3445076.0
96773,2058644.0
96774,2993069.0
96775,4136425.0
96776,2993069.0
96777,2021934.0
96778,6941173.0
96779,1270499.0
96780,4067566.0
96781,3982767.0
96782,1270499.0
96783,1999097.0
96784,3956086.0
96785,1270499.0
96786,3410878.0
96787,3745135.0
96788,3004429.0
96789,3410878.0
96790,3836721.0
96791,1847826.0
96792,2364478.0
96793,3410878.0
96794,3004429.0
96795,7217634.0
96796,2344689.0
96797,6363241.0
96798,6923131.0
96799,1149870.0
96800,2675511.0
96801,6836483.0
96802,4590423.0
96803,2390534.0
96804,6941173.0
96805,1999097.0
96806,3261924.0
96807,1619683.0
96808,2344689.0
96809,2732645.0
96810,3447890.0
96811,4250758.0
96812,8213524.0
96813,3410878.0
96814,3004429.0
96815,2018785.0
96816,3004429.0
96817,2544857.0
96818,1763231.0
96819,5337526.0
96820,2371202.0
96821,3745135.0
96822,3258837.0
96823,3447890.0
96824,1756069.0
96825,3982767.0
96826,4467728.0
96827,2021934.0
96828,3347767.0
96829,2021934.0
96830,1756069.0
96831,2675511.0
96832,8213524.0
96833,2383840.0
96834,4052733.0
96835,6694797.0
96836,2021934.0
96837,1999097.0
96838,3426169.0
96839,2993069.0
96840,7592272.0
96841,3347767.0
96842,2675511.0
96843,5444227.0
96844,2021934.0
96845,4066618.0
96846,3982767.0
96847,4807746.0
96848,6313221.0
96849,3248660.0
96850,2344689.0
96851,3836721.0
96852,2021934.0
96853,2390534.0
96854,3727364.0
96855,2097022.0
96856,2058644.0
96857,3351383.0
96858,4015749.0
96859,4264176.0
96860,3778621.0
96861,3836721.0
96862,9262754.0
96863,3004429.0
96864,3004429.0
96865,2792031.0
96866,2021934.0
96867,3956086.0
96868,4067566.0
96869,3410878.0
96870,1847826.0
96871,3410878.0
96872,2055379.0
96873,1149870.0
96874,6412623.0
96875,1619683.0
96876,3745135.0
96877,2344689.0
96878,1734634.0
96879,1270499.0
96880,5525735.0
96881,2999068.0
96882,4491607.0
96883,3218918.0
96884,3028267.0
96885,7201784.0
96886,2792031.0
96887,6941173.0
96888,3780019.0
96889,3447890.0
96890,2544857.0
96891,4590423.0
96892,4491607.0
96893,2390534.0
96894,6836483.0
96895,6313221.0
96896,2390534.0
96897,3426169.0
96898,3351383.0
96899,6694797.0
96900,3447890.0
96901,4705945.0
96902,6363241.0
96903,3347767.0
96904,2371202.0
96905,3028267.0
96906,1882131.0
96907,3410878.0
96908,5966193.0
96909,1882131.0
96910,3218918.0
96911,3753720.0
96912,6313221.0
96913,5017319.0
96914,1999097.0
96915,1270499.0
96916,7217634.0
96917,3939804.0
96918,6694797.0
96919,4052733.0
96920,2025297.0
96921,1847826.0
96922,1882131.0
96923,2058644.0
96924,3982767.0
96925,4155435.0
96926,6836483.0
96927,2675511.0
96928,8213524.0
96929,3248660.0
96930,1756069.0
96931,1756069.0
96932,3347767.0
96933,6412623.0
96934,3351383.0
96935,4780607.0
96936,1619683.0
96937,4286645.0
96938,2097022.0
96939,3807496.0
96940,3218918.0
96941,2675511.0
96942,3261924.0
96943,2097022.0
96944,4780607.0
96945,4882985.0
96946,7865428.0
96947,1149870.0
96948,2021934.0
96949,5461700.0
96950,4067566.0
96951,2058644.0
96952,3347767.0
96953,5595267.0
96954,4219263.0
96955,4350573.0
96956,2018785.0
96957,8213524.0
96958,6941173.0
96959,4015749.0
96960,4952255.0
96961,4015749.0
96962,6363241.0
96963,3426169.0
96964,3347767.0
96965,4888774.0
96966,2525375.0
96967,2390534.0
96968,3004429.0
96969,1999097.0
96970,2525375.0
96971,3261924.0
96972,3836721.0
96973,2954086.0
96974,3351383.0
96975,3753720.0
96976,2097022.0
96977,2058644.0
96978,3807496.0
96979,6363241.0
96980,2344689.0
96981,2058644.0
96982,2390534.0
96983,2267425.0
96984,3426169.0
96985,5525735.0
96986,3008199.0
96987,3351383.0
96988,2267425.0
96989,2525375.0
96990,1882131.0
96991,3939804.0
96992,3347767.0
96993,5017319.0
96994,2344689.0
96995,2544857.0
96996,2018785.0
96997,4590423.0
96998,3410878.0
96999,1904842.0
97000,1882131.0
97001,3351383.0
97002,3745135.0
97003,2954086.0
97004,1999097.0
97005,1999097.0
97006,5595267.0
97007,2058644.0
97008,2390534.0
97009,3982767.0
97010,1847826.0
97011,5444227.0
97012,2675511.0
97013,8904084.0
97014,3410878.0
97015,1904842.0
97016,2344689.0
97017,4066618.0
97018,2097022.0
97019,6694797.0
97020,4250553.0
97021,2097022.0
97022,2267425.0
97023,8213524.0
97024,4350573.0
97025,3447890.0
97026,2058644.0
97027,3939804.0
97028,1619683.0
97029,3351383.0
97030,2097022.0
97031,2551252.0
97032,4066618.0
97033,4100886.0
97034,2156098.0
97035,3778621.0
97036,7592272.0
97037,2021934.0
97038,3004429.0
97039,2383840.0
97040,2344689.0
97041,2021934.0
97042,2792031.0
97043,1999097.0
97044,3004429.0
97045,4250553.0
97046,6313221.0
97047,6836483.0
97048,4554237.0
97049,4250553.0
97050,5966193.0
97051,5653753.0
97052,3004429.0
97053,1999097.0
97054,5161370.0
97055,2371202.0
97056,5166635.0
97057,4350573.0
97058,2792031.0
97059,6412623.0
97060,6694797.0
97061,5966193.0
97062,2018785.0
97063,5595267.0
97064,4491607.0
97065,2371202.0
97066,6694797.0
97067,1734634.0
97068,3600467.0
97069,1847826.0
97070,3447890.0
97071,1149870.0
97072,1756069.0
97073,4250758.0
97074,1270499.0
97075,5435276.0
97076,1756069.0
97077,3028267.0
97078,2383840.0
97079,1882131.0
97080,3982767.0
97081,2792031.0
97082,2058644.0
97083,1619683.0
97084,4250553.0
97085,3410878.0
97086,1847826.0
97087,4491607.0
97088,4952255.0
97089,9652350.0
97090,4264176.0
97091,4015749.0
97092,2021934.0
97093,2344689.0
97094,1756069.0
97095,3447890.0
97096,6836483.0
97097,1619683.0
97098,3871344.0
97099,3982767.0
97100,3248660.0
97101,3410878.0
97102,6694797.0
97103,6836483.0
97104,4952255.0
97105,7592272.0
97106,5435276.0
97107,3807496.0
97108,2544857.0
97109,5595267.0
97110,1619683.0
97111,1734634.0
97112,3982767.0
97113,1882131.0
97114,3347767.0
97115,2525375.0
97116,1756069.0
97117,3982767.0
97118,4316715.0
97119,7592272.0
97120,3347767.0
97121,5595267.0
97122,6836483.0
97123,2954086.0
97124,3273041.0
97125,3780019.0
97126,4250553.0
97127,6941173.0
97128,3727364.0
97129,1149870.0
97130,5525735.0
97131,4067566.0
97132,6313221.0
97133,1149870.0
97134,5500818.0
97135,2732645.0
97136,2551252.0
97137,2344689.0
97138,3351383.0
97139,1999097.0
97140,4888774.0
97141,5166635.0
97142,1999097.0
97143,5500818.0
97144,1756069.0
97145,6694797.0
97146,1149870.0
97147,3347767.0
97148,3248660.0
97149,2267425.0
97150,3956086.0
97151,3982767.0
97152,6923131.0
97153,2021934.0
97154,3028267.0
97155,2058644.0
97156,6836483.0
97157,2344689.0
97158,1756069.0
97159,5166635.0
97160,3752885.0
97161,3028267.0
97162,2993069.0
97163,3004429.0
97164,3939804.0
97165,2018785.0
97166,1756069.0
97167,1149870.0
97168,2021934.0
97169,2792031.0
97170,3807496.0
97171,1270499.0
97172,3982767.0
97173,4052733.0
97174,1847826.0
97175,6923131.0
97176,3778621.0
97177,3376145.0
97178,1270499.0
97179,2344689.0
97180,2525375.0
97181,2021934.0
97182,2383840.0
97183,4052733.0
97184,6313221.0
97185,3982767.0
97186,2058644.0
97187,4952255.0
97188,7217634.0
97189,2058644.0
97190,1619683.0
97191,1847826.0
97192,4350573.0
97193,4952255.0
97194,7217634.0
97195,7592272.0
97196,3753720.0
97197,1904842.0
97198,3778621.0
97199,3780019.0
97200,6412623.0
97201,2058644.0
97202,3410878.0
97203,6694797.0
97204,7592272.0
97205,4491607.0
97206,3836721.0
97207,1734634.0
97208,2055379.0
97209,7592272.0
97210,3347767.0
97211,4155435.0
97212,2738052.0
97213,1756069.0
97214,9262754.0
97215,3410878.0
97216,2344689.0
97217,8213524.0
97218,1882131.0
97219,2021934.0
97220,1999097.0
97221,3600467.0
97222,2058644.0
97223,3745135.0
97224,2732645.0
97225,3410878.0
97226,2383840.0
97227,6694797.0
97228,3780019.0
97229,1999097.0
97230,9652350.0
97231,4705945.0
97232,5461700.0
97233,3258837.0
97234,3410878.0
97235,4066618.0
97236,3410878.0
97237,3258837.0
97238,2999068.0
97239,1149870.0
97240,6694797.0
97241,5787594.0
97242,3600467.0
97243,6694797.0
97244,4491607.0
97245,2156098.0
97246,3600467.0
97247,2675511.0
97248,1734634.0
97249,3004429.0
97250,2097022.0
97251,4052733.0
97252,3248660.0
97253,3347767.0
97254,1999097.0
97255,3410878.0
97256,1999097.0
97257,2675511.0
97258,3600467.0
97259,4015749.0
97260,3376145.0
97261,2738052.0
97262,2058644.0
97263,3982767.0
97264,4066618.0
97265,2544857.0
97266,4590423.0
97267,2267425.0
97268,1756069.0
97269,1904842.0
97270,4952255.0
97271,1847826.0
97272,2267425.0
97273,5595267.0
97274,2344689.0
97275,2018785.0
97276,2344689.0
97277,1999097.0
97278,6836483.0
97279,3351383.0
97280,5461700.0
97281,5017319.0
97282,5595267.0
97283,4807746.0
97284,4651866.0
97285,1882131.0
97286,1756069.0
97287,1756069.0
97288,2021934.0
97289,8213524.0
97290,6313221.0
97291,1149870.0
97292,9652350.0
97293,2344689.0
97294,3347767.0
97295,5525735.0
97296,1999097.0
97297,9262754.0
97298,6941173.0
97299,3351383.0
97300,1619683.0
97301,2954086.0
97302,1999097.0
97303,5595267.0
97304,2097022.0
97305,2371202.0
97306,4015749.0
97307,4350573.0
97308,6363241.0
97309,3004429.0
97310,7201784.0
97311,3004429.0
97312,1756069.0
97313,4882985.0
97314,4250553.0
97315,3410878.0
97316,5017319.0
97317,2390534.0
97318,3376145.0
97319,2390534.0
97320,3410878.0
97321,3956086.0
97322,2097022.0
97323,5525735.0
97324,4491607.0
97325,8904084.0
97326,2525375.0
97327,1270499.0
97328,3778621.0
97329,6782425.0
97330,6313221.0
97331,3600467.0
97332,2021934.0
97333,2097022.0
97334,2954086.0
97335,3600467.0
97336,2267425.0
97337,1882131.0
97338,1999097.0
97339,1756069.0
97340,1904842.0
97341,3028267.0
97342,2018785.0
97343,6836483.0
97344,8213524.0
97345,3600467.0
97346,6782425.0
97347,3600467.0
97348,5286212.0
97349,2083447.0
97350,1270499.0
97351,1149870.0
97352,4015749.0
97353,3447890.0
97354,4155435.0
97355,4015749.0
97356,7592272.0
97357,4264176.0
97358,2390534.0
97359,1999097.0
97360,2021934.0
97361,1619683.0
97362,2058644.0
97363,2018785.0
97364,1270499.0
97365,7592272.0
97366,4219263.0
97367,1149870.0
97368,1882131.0
97369,2738052.0
97370,2058644.0
97371,2344689.0
97372,4219263.0
97373,3004429.0
97374,3982767.0
97375,2544857.0
97376,2021934.0
97377,3410878.0
97378,4066618.0
97379,1904842.0
97380,5595267.0
97381,2551252.0
97382,2055379.0
97383,6412623.0
97384,3028267.0
97385,3028267.0
97386,3982767.0
97387,3351383.0
97388,2021934.0
97389,4067566.0
97390,2954086.0
97391,4467728.0
97392,3600467.0
97393,4250553.0
97394,2097022.0
97395,1149870.0
97396,3351383.0
97397,3410878.0
97398,2544857.0
97399,3351383.0
97400,5161370.0
97401,2999068.0
97402,3600467.0
97403,1619683.0
97404,4250553.0
97405,3248660.0
97406,3939804.0
97407,9262754.0
97408,1734634.0
97409,3347767.0
97410,4491607.0
97411,5595267.0
97412,4250553.0
97413,3807496.0
97414,2021934.0
97415,6941173.0
97416,4554237.0
97417,2018785.0
97418,1999097.0
97419,2018785.0
97420,3347767.0
97421,1999097.0
97422,1270499.0
97423,1734634.0
97424,2055379.0
97425,3752885.0
97426,3004429.0
97427,1619683.0
97428,4491607.0
97429,7495092.0
97430,2344689.0
97431,3452382.0
97432,2371202.0
97433,3347767.0
97434,2390534.0
97435,3447890.0
97436,5906596.0
97437,3028267.0
97438,3426169.0
97439,3600467.0
97440,2097022.0
97441,1149870.0
97442,2058644.0
97443,4491607.0
97444,3028267.0
97445,1270499.0
97446,5595267.0
97447,4316715.0
97448,2525375.0
97449,2344689.0
97450,3410878.0
97451,2371202.0
97452,6313221.0
97453,6941173.0
97454,5337526.0
97455,3347767.0
97456,1756069.0
97457,3008199.0
97458,4467728.0
97459,2097022.0
97460,4219263.0
97461,2525375.0
97462,5166635.0
97463,3248660.0
97464,3199619.0
97465,3727364.0
97466,1734634.0
97467,6836483.0
97468,1270499.0
97469,2058644.0
97470,5525735.0
97471,3248660.0
97472,2551252.0
97473,8213524.0
97474,1756069.0
97475,2390534.0
97476,4250553.0
97477,3903884.0
97478,3982767.0
97479,3410878.0
97480,2058644.0
97481,2740687.0
97482,4491607.0
97483,3028267.0
97484,2058644.0
97485,3004429.0
97486,1756069.0
97487,9262754.0
97488,2390534.0
97489,2055379.0
97490,3447890.0
97491,2525375.0
97492,3028267.0
97493,8213524.0
97494,2390534.0
97495,2018785.0
97496,3778621.0
97497,2732645.0
97498,4067566.0
97499,4590423.0
97500,4316715.0
97501,1270499.0
97502,1619683.0
97503,3347767.0
97504,3600467.0
97505,2097022.0
97506,4155435.0
97507,4952255.0
97508,2018785.0
97509,3347767.0
97510,1756069.0
97511,2267425.0
97512,1847826.0
97513,6941173.0
97514,3982767.0
97515,3351383.0
97516,3376145.0
97517,3004429.0
97518,2025297.0
97519,2675511.0
97520,4882985.0
97521,4067566.0
97522,3410878.0
97523,2055379.0
97524,2344689.0
97525,2018785.0
97526,6694797.0
97527,2344689.0
97528,3445076.0
97529,4052733.0
97530,2390534.0
97531,3410878.0
97532,5500818.0
97533,4467728.0
97534,2021934.0
97535,2018785.0
97536,3347767.0
97537,5435276.0
97538,9262754.0
97539,3426169.0
97540,2371202.0
97541,6313221.0
97542,3939804.0
97543,1619683.0
97544,3410878.0
97545,3600467.0
97546,6412623.0
97547,4100886.0
97548,4052733.0
97549,2390534.0
97550,2993069.0
97551,2344689.0
97552,3447890.0
97553,2383840.0
97554,2083447.0
97555,3727364.0
97556,2371202.0
97557,1999097.0
97558,6412623.0
97559,3445076.0
97560,4350573.0
97561,3982767.0
97562,3248660.0
97563,1756069.0
97564,2390534.0
97565,1734634.0
97566,1734634.0
97567,1882131.0
97568,4780607.0
97569,2675511.0
97570,2018785.0
97571,6363241.0
97572,5595267.0
97573,2344689.0
97574,3600467.0
97575,3004429.0
97576,5500818.0
97577,1756069.0
97578,1619683.0
97579,2058644.0
97580,3248660.0
97581,4429512.0
97582,3410878.0
97583,4250758.0
97584,3600467.0
97585,6923131.0
97586,6313221.0
97587,2058644.0
97588,3752885.0
97589,4491607.0
97590,3004429.0
97591,8213524.0
97592,6836483.0
97593,4100886.0
97594,2738052.0
97595,1149870.0
97596,4807746.0
97597,3426169.0
97598,3752885.0
97599,7201784.0
97600,2021934.0
97601,2525375.0
97602,2993069.0
97603,4250553.0
97604,2344689.0
97605,3445076.0
97606,1999097.0
97607,3410878.0
97608,6694797.0
97609,4066618.0
97610,1619683.0
97611,3903884.0
97612,2267425.0
97613,1270499.0
97614,3807496.0
97615,3956086.0
97616,1734634.0
97617,1756069.0
97618,3780019.0
97619,2021934.0
97620,9262754.0
97621,7592272.0
97622,2025297.0
97623,1763231.0
97624,2732645.0
97625,1270499.0
97626,1270499.0
97627,1756069.0
97628,2055379.0
97629,1756069.0
97630,5444227.0
97631,2344689.0
97632,7201784.0
97633,3745135.0
97634,5337526.0
97635,6412623.0
97636,3982767.0
97637,1763231.0
97638,3351383.0
97639,3452382.0
97640,3347767.0
97641,2344689.0
97642,13575224.0
97643,3347767.0
97644,2344689.0
97645,3727364.0
97646,6836483.0
97647,5161370.0
97648,3410878.0
97649,4491607.0
97650,3956086.0
97651,3410878.0
97652,2025297.0
97653,2675511.0
97654,4067566.0
97655,1270499.0
97656,2993069.0
97657,3410878.0
97658,2732645.0
97659,7201784.0
97660,1149870.0
97661,6363241.0
97662,4250553.0
97663,1763231.0
97664,1149870.0
97665,3956086.0
97666,2097022.0
97667,5161370.0
97668,5595267.0
97669,1149870.0
97670,3752885.0
97671,1619683.0
97672,2018785.0
97673,2344689.0
97674,3447890.0
97675,5525735.0
97676,5595267.0
97677,8213524.0
97678,4316715.0
97679,2018785.0
97680,1999097.0
97681,6941173.0
97682,3600467.0
97683,3347767.0
97684,3248660.0
97685,9652350.0
97686,7201784.0
97687,6412623.0
97688,2993069.0
97689,5500818.0
97690,3248660.0
97691,5595267.0
97692,1904842.0
97693,4250553.0
97694,4554237.0
97695,2097022.0
97696,2738052.0
97697,2097022.0
97698,2097022.0
97699,6941173.0
97700,2055379.0
97701,8213524.0
97702,2344689.0
97703,3218918.0
97704,6941173.0
97705,3351383.0
97706,4316715.0
97707,5906596.0
97708,4350573.0
97709,3727364.0
97710,3410878.0
97711,2097022.0
97712,2021934.0
97713,6782425.0
97714,2058644.0
97715,2390534.0
97716,2018785.0
97717,2732645.0
97718,3727364.0
97719,2025297.0
97720,2993069.0
97721,3939804.0
97722,8213524.0
97723,3600467.0
97724,3164972.0
97725,2267425.0
97726,4705945.0
97727,2675511.0
97728,3351383.0
97729,1734634.0
97730,3218918.0
97731,2058644.0
97732,6694797.0
97733,2058644.0
97734,3752885.0
97735,2018785.0
97736,5595267.0
97737,4952255.0
97738,2525375.0
97739,4052733.0
97740,6313221.0
97741,3164972.0
97742,4350573.0
97743,2525375.0
97744,2156098.0
97745,4015749.0
97746,3745135.0
97747,6412623.0
97748,3982767.0
97749,2364478.0
97750,5435276.0
97751,2525375.0
97752,4590423.0
97753,5595267.0
97754,2371202.0
97755,6836483.0
97756,4250553.0
97757,3028267.0
97758,1882131.0
97759,2025297.0
97760,4590423.0
97761,3745135.0
97762,4491607.0
97763,2018785.0
97764,4264176.0
97765,2021934.0
97766,1734634.0
97767,5525735.0
97768,2732645.0
97769,2267425.0
97770,8213524.0
97771,2993069.0
97772,3426169.0
97773,3780019.0
97774,2344689.0
97775,3426169.0
97776,5595267.0
97777,5161370.0
97778,1904842.0
97779,3600467.0
97780,3780019.0
97781,4015749.0
97782,1756069.0
97783,3351383.0
97784,13575224.0
97785,1149870.0
97786,3347767.0
97787,5595267.0
97788,3004429.0
97789,3199619.0
97790,2525375.0
97791,4554237.0
97792,2792031.0
97793,5787594.0
97794,1270499.0
97795,4015749.0
97796,2021934.0
97797,3956086.0
97798,2097022.0
97799,1999097.0
97800,2058644.0
97801,3727364.0
97802,1847826.0
97803,2097022.0
97804,2018785.0
97805,7592272.0
97806,3982767.0
97807,3745135.0
97808,3028267.0
97809,4155435.0
97810,3347767.0
97811,3004429.0
97812,4350573.0
97813,3447890.0
97814,7217634.0
97815,2018785.0
97816,2344689.0
97817,6836483.0
97818,8213524.0
97819,3600467.0
97820,2525375.0
97821,2792031.0
97822,3351383.0
97823,4888774.0
97824,1734634.0
97825,3982767.0
97826,5161370.0
97827,1847826.0
97828,5595267.0
97829,1734634.0
97830,4491607.0
97831,2083447.0
97832,1619683.0
97833,1270499.0
97834,6782425.0
97835,4264176.0
97836,2675511.0
97837,1756069.0
97838,2267425.0
97839,3347767.0
97840,5525735.0
97841,1756069.0
97842,3745135.0
97843,3780019.0
97844,5595267.0
97845,3376145.0
97846,1149870.0
97847,2083447.0
97848,4952255.0
97849,2954086.0
97850,4250553.0
97851,4015749.0
97852,1270499.0
97853,4250758.0
97854,4015749.0
97855,1619683.0
97856,6694797.0
97857,2018785.0
97858,4888774.0
97859,3600467.0
97860,1882131.0
97861,6836483.0
97862,3351383.0
97863,4250758.0
97864,6412623.0
97865,1619683.0
97866,9262754.0
97867,4015749.0
97868,3727364.0
97869,2156098.0
97870,2083447.0
97871,8630682.0
97872,1999097.0
97873,4100886.0
97874,1999097.0
97875,5500818.0
97876,2364478.0
97877,3956086.0
97878,2021934.0
97879,4316715.0
97880,2267425.0
97881,4491607.0
97882,3199619.0
97883,3351383.0
97884,1270499.0
97885,2551252.0
97886,2058644.0
97887,2999068.0
97888,2021934.0
97889,4136425.0
97890,6313221.0
97891,3752885.0
97892,4052733.0
97893,1270499.0
97894,5525735.0
97895,3982767.0
97896,4554237.0
97897,2371202.0
97898,3347767.0
97899,3445076.0
97900,4888774.0
97901,3347767.0
97902,6363241.0
97903,3028267.0
97904,4888774.0
97905,6694797.0
97906,7592272.0
97907,4350573.0
97908,3351383.0
97909,4052733.0
97910,3004429.0
97911,4264176.0
97912,3727364.0
97913,3956086.0
97914,3982767.0
97915,2021934.0
97916,2390534.0
97917,6923131.0
97918,5444227.0
97919,4705945.0
97920,6313221.0
97921,3727364.0
97922,2390534.0
97923,3004429.0
97924,2344689.0
97925,6923131.0
97926,6941173.0
97927,3780019.0
97928,6412623.0
97929,3351383.0
97930,7592272.0
97931,2525375.0
97932,3004429.0
97933,2383840.0
97934,3347767.0
97935,3939804.0
97936,2390534.0
97937,3004429.0
97938,2018785.0
97939,2792031.0
97940,4807746.0
97941,2018785.0
97942,3727364.0
97943,3347767.0
97944,3745135.0
97945,3258837.0
97946,3982767.0
97947,7217634.0
97948,2525375.0
97949,1847826.0
97950,5525735.0
97951,3752885.0
97952,3004429.0
97953,4250553.0
97954,3753720.0
97955,3028267.0
97956,8213524.0
97957,2525375.0
97958,2551252.0
97959,1756069.0
97960,2551252.0
97961,2344689.0
97962,6412623.0
97963,2390534.0
97964,5595267.0
97965,1149870.0
97966,2383840.0
97967,3939804.0
97968,2993069.0
97969,4250758.0
97970,1904842.0
97971,4052733.0
97972,2058644.0
97973,2371202.0
97974,2058644.0
97975,2732645.0
97976,2390534.0
97977,2344689.0
97978,4780607.0
97979,4286645.0
97980,2083447.0
97981,2156098.0
97982,4219263.0
97983,3445076.0
97984,5017319.0
97985,5166635.0
97986,3347767.0
97987,3351383.0
97988,4100886.0
97989,2058644.0
97990,5017319.0
97991,5286212.0
97992,2018785.0
97993,4250553.0
97994,3600467.0
97995,6363241.0
97996,8213524.0
97997,3939804.0
97998,2792031.0
97999,4350573.0
98000,4015749.0
98001,2018785.0
98002,8213524.0
98003,3028267.0
98004,2344689.0
98005,1999097.0
98006,2097022.0
98007,3347767.0
98008,2525375.0
98009,3351383.0
98010,1149870.0
98011,4219263.0
98012,5166635.0
98013,6313221.0
98014,4952255.0
98015,3347767.0
98016,4052733.0
98017,5525735.0
98018,2055379.0
98019,6694797.0
98020,2525375.0
98021,5525735.0
98022,3347767.0
98023,3347767.0
98024,2021934.0
98025,3600467.0
98026,1882131.0
98027,3410878.0
98028,1270499.0
98029,3199619.0
98030,2058644.0
98031,3780019.0
98032,3600467.0
98033,4491607.0
98034,2792031.0
98035,1270499.0
98036,6313221.0
98037,2021934.0
98038,1619683.0
98039,3452382.0
98040,3248660.0
98041,3745135.0
98042,4350573.0
98043,5525735.0
98044,1999097.0
98045,3347767.0
98046,4554237.0
98047,2371202.0
98048,3351383.0
98049,4316715.0
98050,8213524.0
98051,4888774.0
98052,4015749.0
98053,2792031.0
98054,6836483.0
98055,2055379.0
98056,3778621.0
98057,2371202.0
98058,1999097.0
98059,3780019.0
98060,3778621.0
98061,3258837.0
98062,7201784.0
98063,7865428.0
98064,3248660.0
98065,1756069.0
98066,7201784.0
98067,3780019.0
98068,2156098.0
98069,4491607.0
98070,3218918.0
98071,3410878.0
98072,2097022.0
98073,8904084.0
98074,3351383.0
98075,3351383.0
98076,2792031.0
98077,4491607.0
98078,3426169.0
98079,4952255.0
98080,8213524.0
98081,4705945.0
98082,8630682.0
98083,3836721.0
98084,5161370.0
98085,2055379.0
98086,3600467.0
98087,6363241.0
98088,3351383.0
98089,4491607.0
98090,2344689.0
98091,6836483.0
98092,7495092.0
98093,3780019.0
98094,2344689.0
98095,6782425.0
98096,2732645.0
98097,7592272.0
98098,4952255.0
98099,2058644.0
98100,7201784.0
98101,1149870.0
98102,5906596.0
98103,2058644.0
98104,1999097.0
98105,2344689.0
98106,2097022.0
98107,2267425.0
98108,2021934.0
98109,2344689.0
98110,3410878.0
98111,3351383.0
98112,5595267.0
98113,3784230.0
98114,7201784.0
98115,3351383.0
98116,1882131.0
98117,3982767.0
98118,1999097.0
98119,3600467.0
98120,5017319.0
98121,2267425.0
98122,3982767.0
98123,2058644.0
98124,7592272.0
98125,9262754.0
98126,1882131.0
98127,4250758.0
98128,1149870.0
98129,1270499.0
98130,1847826.0
98131,3780019.0
98132,6313221.0
98133,3248660.0
98134,2993069.0
98135,2954086.0
98136,7201784.0
98137,3727364.0
98138,5525735.0
98139,2018785.0
98140,3347767.0
98141,2058644.0
98142,2544857.0
98143,1882131.0
98144,2058644.0
98145,2018785.0
98146,3248660.0
98147,4052733.0
98148,5444227.0
98149,4250758.0
98150,5444227.0
98151,3004429.0
98152,2018785.0
98153,3347767.0
98154,2097022.0
98155,1756069.0
98156,1756069.0
98157,3410878.0
98158,4491607.0
98159,7865428.0
98160,2097022.0
98161,3410878.0
98162,3939804.0
98163,1847826.0
98164,13575224.0
98165,5500818.0
98166,5906596.0
98167,2344689.0
98168,4286645.0
98169,3273041.0
98170,3261924.0
98171,3351383.0
98172,3600467.0
98173,7495092.0
98174,2344689.0
98175,3004429.0
98176,4264176.0
98177,2792031.0
98178,3258837.0
98179,4952255.0
98180,2055379.0
98181,5017319.0
98182,1904842.0
98183,2390534.0
98184,2544857.0
98185,3982767.0
98186,3218918.0
98187,5787594.0
98188,1619683.0
98189,3218918.0
98190,1619683.0
98191,2055379.0
98192,3447890.0
98193,4286645.0
98194,7592272.0
98195,3347767.0
98196,8213524.0
98197,3028267.0
98198,1270499.0
98199,6836483.0
98200,3982767.0
98201,4219263.0
98202,2025297.0
98203,2732645.0
98204,2993069.0
98205,6941173.0
98206,2738052.0
98207,2675511.0
98208,3347767.0
98209,4067566.0
98210,1763231.0
98211,2364478.0
98212,2732645.0
98213,1847826.0
98214,6941173.0
98215,6694797.0
98216,5595267.0
98217,2390534.0
98218,2738052.0
98219,4952255.0
98220,3982767.0
98221,1619683.0
98222,6363241.0
98223,2792031.0
98224,2021934.0
98225,2344689.0
98226,6363241.0
98227,4136425.0
98228,2675511.0
98229,2018785.0
98230,2738052.0
98231,1756069.0
98232,6313221.0
98233,3982767.0
98234,3426169.0
98235,2097022.0
98236,1270499.0
98237,2954086.0
98238,6694797.0
98239,5166635.0
98240,3351383.0
98241,1270499.0
98242,4705945.0
98243,7592272.0
98244,1882131.0
98245,4067566.0
98246,1756069.0
98247,5017319.0
98248,5017319.0
98249,3780019.0
98250,1756069.0
98251,1847826.0
98252,3004429.0
98253,7201784.0
98254,3347767.0
98255,8213524.0
98256,4052733.0
98257,3261924.0
98258,2344689.0
98259,2055379.0
98260,4015749.0
98261,2097022.0
98262,5525735.0
98263,1756069.0
98264,6412623.0
98265,2525375.0
98266,2675511.0
98267,7201784.0
98268,4554237.0
98269,1847826.0
98270,4219263.0
98271,6694797.0
98272,3410878.0
98273,6836483.0
98274,1999097.0
98275,3752885.0
98276,3426169.0
98277,2021934.0
98278,2544857.0
98279,2344689.0
98280,1756069.0
98281,4491607.0
98282,1999097.0
98283,3248660.0
98284,5595267.0
98285,4286645.0
98286,3004429.0
98287,2544857.0
98288,4705945.0
98289,3426169.0
98290,3447890.0
98291,2525375.0
98292,5595267.0
98293,4467728.0
98294,2267425.0
98295,2083447.0
98296,1734634.0
98297,2018785.0
98298,1270499.0
98299,1149870.0
98300,2058644.0
98301,1999097.0
98302,5653753.0
98303,1999097.0
98304,3780019.0
98305,2083447.0
98306,1149870.0
98307,3351383.0
98308,3347767.0
98309,2525375.0
98310,4250553.0
98311,2018785.0
98312,4067566.0
98313,2097022.0
98314,2021934.0
98315,2390534.0
98316,2097022.0
98317,1756069.0
98318,2732645.0
98319,1882131.0
98320,2018785.0
98321,4250758.0
98322,2371202.0
98323,4705945.0
98324,2344689.0
98325,2993069.0
98326,2025297.0
98327,3351383.0
98328,4250553.0
98329,3784230.0
98330,2390534.0
98331,1904842.0
98332,3347767.0
98333,6836483.0
98334,2344689.0
98335,3426169.0
98336,5435276.0
98337,2097022.0
98338,3956086.0
98339,6941173.0
98340,1999097.0
98341,4250553.0
98342,7865428.0
98343,8213524.0
98344,2551252.0
98345,2544857.0
98346,2344689.0
98347,3347767.0
98348,6363241.0
98349,4263629.0
98350,2021934.0
98351,3752885.0
98352,7592272.0
98353,3780019.0
98354,4100886.0
98355,2344689.0
98356,7592272.0
98357,1149870.0
98358,2018785.0
98359,3452382.0
98360,4155435.0
98361,7217634.0
98362,2025297.0
98363,3004429.0
98364,1756069.0
98365,4705945.0
98366,6694797.0
98367,1882131.0
98368,4467728.0
98369,2344689.0
98370,2525375.0
98371,2954086.0
98372,2058644.0
98373,3939804.0
98374,3410878.0
98375,6313221.0
98376,3351383.0
98377,2021934.0
98378,4316715.0
98379,1270499.0
98380,3376145.0
98381,8904084.0
98382,2097022.0
98383,4250758.0
98384,4015749.0
98385,2097022.0
98386,8213524.0
98387,2993069.0
98388,2344689.0
98389,1270499.0
98390,2058644.0
98391,4015749.0
98392,4467728.0
98393,3351383.0
98394,3004429.0
98395,2390534.0
98396,2058644.0
98397,4250758.0
98398,6836483.0
98399,4015749.0
98400,5525735.0
98401,3982767.0
98402,1149870.0
98403,5653753.0
98404,2267425.0
98405,3347767.0
98406,6313221.0
98407,7865428.0
98408,2055379.0
98409,2544857.0
98410,3351383.0
98411,2954086.0
98412,4807746.0
98413,3351383.0
98414,6941173.0
98415,4316715.0
98416,4491607.0
98417,5017319.0
98418,7865428.0
98419,2551252.0
98420,8213524.0
98421,4350573.0
98422,2018785.0
98423,7865428.0
98424,3784230.0
98425,1999097.0
98426,3410878.0
98427,3258837.0
98428,2267425.0
98429,2344689.0
98430,1904842.0
98431,9262754.0
98432,3199619.0
98433,8213524.0
98434,7495092.0
98435,4250553.0
98436,5653753.0
98437,4554237.0
98438,3004429.0
98439,7217634.0
98440,3347767.0
98441,4015749.0
98442,2390534.0
98443,2544857.0
98444,2792031.0
98445,5906596.0
98446,1999097.0
98447,4780607.0
98448,2551252.0
98449,6412623.0
98450,2344689.0
98451,6412623.0
98452,2675511.0
98453,3351383.0
98454,2058644.0
98455,3004429.0
98456,3164972.0
98457,2544857.0
98458,3426169.0
98459,6363241.0
98460,3273041.0
98461,3004429.0
98462,3600467.0
98463,2055379.0
98464,1270499.0
98465,2732645.0
98466,1847826.0
98467,3600467.0
98468,6363241.0
98469,4066618.0
98470,2364478.0
98471,5161370.0
98472,2675511.0
98473,7865428.0
98474,6782425.0
98475,7495092.0
98476,1619683.0
98477,3445076.0
98478,2993069.0
98479,4467728.0
98480,5906596.0
98481,1619683.0
98482,5500818.0
98483,2390534.0
98484,7592272.0
98485,2083447.0
98486,1149870.0
98487,8213524.0
98488,2021934.0
98489,3939804.0
98490,2792031.0
98491,4316715.0
98492,2021934.0
98493,2371202.0
98494,3939804.0
98495,4350573.0
98496,2544857.0
98497,1847826.0
98498,3982767.0
98499,1999097.0
98500,2025297.0
98501,3028267.0
98502,1847826.0
98503,4888774.0
98504,4952255.0
98505,6923131.0
98506,3410878.0
98507,2021934.0
98508,3445076.0
98509,3347767.0
98510,3903884.0
98511,3351383.0
98512,8213524.0
98513,7592272.0
98514,7217634.0
98515,8213524.0
98516,2525375.0
98517,3600467.0
98518,2792031.0
98519,1847826.0
98520,3410878.0
98521,3836721.0
98522,6941173.0
98523,3836721.0
98524,2344689.0
98525,7865428.0
98526,2021934.0
98527,2021934.0
98528,2675511.0
98529,3745135.0
98530,1847826.0
98531,2390534.0
98532,1999097.0
98533,5017319.0
98534,3939804.0
98535,9652350.0
98536,2551252.0
98537,6782425.0
98538,4590423.0
98539,6923131.0
98540,6836483.0
98541,4554237.0
98542,7201784.0
98543,2344689.0
98544,13575224.0
98545,4264176.0
98546,3351383.0
98547,3410878.0
98548,6412623.0
98549,3351383.0
98550,4952255.0
98551,4067566.0
98552,1619683.0
98553,5435276.0
98554,2018785.0
98555,4467728.0
98556,1270499.0
98557,7865428.0
98558,5595267.0
98559,3956086.0
98560,4316715.0
98561,3727364.0
98562,5525735.0
98563,4888774.0
98564,5595267.0
98565,1999097.0
98566,3727364.0
98567,5595267.0
98568,3351383.0
98569,5500818.0
98570,9652350.0
98571,7865428.0
98572,3426169.0
98573,2344689.0
98574,7592272.0
98575,3218918.0
98576,4467728.0
98577,4350573.0
98578,3810007.0
98579,4350573.0
98580,3008199.0
98581,3600467.0
98582,2058644.0
98583,2097022.0
98584,3778621.0
98585,2021934.0
98586,4350573.0
98587,4250758.0
98588,3745135.0
98589,2675511.0
98590,3447890.0
98591,2097022.0
98592,4052733.0
98593,4491607.0
98594,1270499.0
98595,4316715.0
98596,2058644.0
98597,4286645.0
98598,3939804.0
98599,4590423.0
98600,4429512.0
98601,9262754.0
98602,4219263.0
98603,2058644.0
98604,3004429.0
98605,1847826.0
98606,2344689.0
98607,1904842.0
98608,6694797.0
98609,4067566.0
98610,2732645.0
98611,4952255.0
98612,3258837.0
98613,1999097.0
98614,3600467.0
98615,6836483.0
98616,3445076.0
98617,2018785.0
98618,5161370.0
98619,8904084.0
98620,4705945.0
98621,1999097.0
98622,2058644.0
98623,3780019.0
98624,1999097.0
98625,3600467.0
98626,1847826.0
98627,4067566.0
98628,1270499.0
98629,6412623.0
98630,3410878.0
98631,3982767.0
98632,4015749.0
98633,3939804.0
98634,4015749.0
98635,2344689.0
98636,3351383.0
98637,6313221.0
98638,2371202.0
98639,1619683.0
98640,1999097.0
98641,2083447.0
98642,4250553.0
98643,2018785.0
98644,2344689.0
98645,3447890.0
98646,1619683.0
98647,3199619.0
98648,4015749.0
98649,3351383.0
98650,3258837.0
98651,3351383.0
98652,3939804.0
98653,4250553.0
98654,7865428.0
98655,7201784.0
98656,3004429.0
98657,3261924.0
98658,4263629.0
98659,3871344.0
98660,1999097.0
98661,4052733.0
98662,6313221.0
98663,1149870.0
98664,2544857.0
98665,6941173.0
98666,1149870.0
98667,3836721.0
98668,5595267.0
98669,1756069.0
98670,3447890.0
98671,5906596.0
98672,2551252.0
98673,2344689.0
98674,1904842.0
98675,3376145.0
98676,2267425.0
98677,8213524.0
98678,3745135.0
98679,3351383.0
98680,4467728.0
98681,4807746.0
98682,4250553.0
98683,3780019.0
98684,3028267.0
98685,1904842.0
98686,2021934.0
98687,4100886.0
98688,4052733.0
98689,16549064.0
98690,4250553.0
98691,7865428.0
98692,3778621.0
98693,6923131.0
98694,1999097.0
98695,4316715.0
98696,3745135.0
98697,2267425.0
98698,2018785.0
98699,4067566.0
98700,4015749.0
98701,1847826.0
98702,1270499.0
98703,2156098.0
98704,2371202.0
98705,5017319.0
98706,3780019.0
98707,3347767.0
98708,4015749.0
98709,5166635.0
98710,2738052.0
98711,4250553.0
98712,4100886.0
98713,3258837.0
98714,4807746.0
98715,6313221.0
98716,5017319.0
98717,3745135.0
98718,4052733.0
98719,6412623.0
98720,3164972.0
98721,2025297.0
98722,5787594.0
98723,3248660.0
98724,2025297.0
98725,2525375.0
98726,4705945.0
98727,5444227.0
98728,2156098.0
98729,2792031.0
98730,3778621.0
98731,5017319.0
98732,2344689.0
98733,4250553.0
98734,2058644.0
98735,4780607.0
98736,3600467.0
98737,3351383.0
98738,7592272.0
98739,3752885.0
98740,2390534.0
98741,2021934.0
98742,1763231.0
98743,1847826.0
98744,4052733.0
98745,2018785.0
98746,2156098.0
98747,1999097.0
98748,2371202.0
98749,3903884.0
98750,2544857.0
98751,5595267.0
98752,1756069.0
98753,5595267.0
98754,1847826.0
98755,8213524.0
98756,2344689.0
98757,2097022.0
98758,2267425.0
98759,3347767.0
98760,2390534.0
98761,2097022.0
98762,5435276.0
98763,2267425.0
98764,7217634.0
98765,6941173.0
98766,2344689.0
98767,3903884.0
98768,2156098.0
98769,1756069.0
98770,3410878.0
98771,1847826.0
98772,3752885.0
98773,2344689.0
98774,4952255.0
98775,6412623.0
98776,7201784.0
98777,7592272.0
98778,3347767.0
98779,1763231.0
98780,1756069.0
98781,2390534.0
98782,3778621.0
98783,2344689.0
98784,2344689.0
98785,3982767.0
98786,3347767.0
98787,2097022.0
98788,2544857.0
98789,3745135.0
98790,2058644.0
98791,2551252.0
98792,2344689.0
98793,1619683.0
98794,4952255.0
98795,1270499.0
98796,3410878.0
98797,3004429.0
98798,4491607.0
98799,3570392.0
98800,4015749.0
98801,3004429.0
98802,2058644.0
98803,9262754.0
98804,4467728.0
98805,4263629.0
98806,4952255.0
98807,1149870.0
98808,3410878.0
98809,3836721.0
98810,2525375.0
98811,2055379.0
98812,5525735.0
98813,1999097.0
98814,4066618.0
98815,2344689.0
98816,3600467.0
98817,7592272.0
98818,6836483.0
98819,3982767.0
98820,3745135.0
98821,4052733.0
98822,2097022.0
98823,7592272.0
98824,3410878.0
98825,7217634.0
98826,1619683.0
98827,1756069.0
98828,3347767.0
98829,1756069.0
98830,2993069.0
98831,2097022.0
98832,1904842.0
98833,3752885.0
98834,3745135.0
98835,2732645.0
98836,4136425.0
98837,3248660.0
98838,1756069.0
98839,3351383.0
98840,2344689.0
98841,3903884.0
98842,2018785.0
98843,1904842.0
98844,4100886.0
98845,4155435.0
98846,3410878.0
98847,4250553.0
98848,1999097.0
98849,3199619.0
98850,3410878.0
98851,1882131.0
98852,4264176.0
98853,7592272.0
98854,5906596.0
98855,3347767.0
98856,3004429.0
98857,2390534.0
98858,4067566.0
98859,2025297.0
98860,2999068.0
98861,4052733.0
98862,2267425.0
98863,2544857.0
98864,3447890.0
98865,2675511.0
98866,2371202.0
98867,3164972.0
98868,4882985.0
98869,3218918.0
98870,3753720.0
98871,8213524.0
98872,2999068.0
98873,4350573.0
98874,3248660.0
98875,4467728.0
98876,4590423.0
98877,1999097.0
98878,2999068.0
98879,3426169.0
98880,4780607.0
98881,4491607.0
98882,2156098.0
98883,5500818.0
98884,5017319.0
98885,5017319.0
98886,5017319.0
98887,2792031.0
98888,3426169.0
98889,4554237.0
98890,2097022.0
98891,4316715.0
98892,5595267.0
98893,2058644.0
98894,3004429.0
98895,3410878.0
98896,1756069.0
98897,8904084.0
98898,1756069.0
98899,3836721.0
98900,2390534.0
98901,1270499.0
98902,2999068.0
98903,3273041.0
98904,2018785.0
98905,2344689.0
98906,4807746.0
98907,3752885.0
98908,3199619.0
98909,7592272.0
98910,19696939.0
98911,2390534.0
98912,3410878.0
98913,1882131.0
98914,1756069.0
98915,3778621.0
98916,3347767.0
98917,5525735.0
98918,3600467.0
98919,3004429.0
98920,2018785.0
98921,4316715.0
98922,7865428.0
98923,2525375.0
98924,1756069.0
98925,1999097.0
98926,3004429.0
98927,3028267.0
98928,4100886.0
98929,3982767.0
98930,4250553.0
98931,2344689.0
98932,1734634.0
98933,2021934.0
98934,4888774.0
98935,3347767.0
98936,2058644.0
98937,3982767.0
98938,2097022.0
98939,3351383.0
98940,3410878.0
98941,3836721.0
98942,4705945.0
98943,3600467.0
98944,2344689.0
98945,3939804.0
98946,5166635.0
98947,7592272.0
98948,2551252.0
98949,1904842.0
98950,1904842.0
98951,2390534.0
98952,6836483.0
98953,3028267.0
98954,4554237.0
98955,3376145.0
98956,2544857.0
98957,9262754.0
98958,2058644.0
98959,3982767.0
98960,2097022.0
98961,2097022.0
98962,3351383.0
98963,3939804.0
98964,2344689.0
98965,1999097.0
98966,2018785.0
98967,2058644.0
98968,3447890.0
98969,3004429.0
98970,8904084.0
98971,3600467.0
98972,3982767.0
98973,2732645.0
98974,3273041.0
98975,5966193.0
98976,3410878.0
98977,3745135.0
98978,2675511.0
98979,1734634.0
98980,5161370.0
98981,7495092.0
98982,9652350.0
98983,2097022.0
98984,2097022.0
98985,3745135.0
98986,5525735.0
98987,3347767.0
98988,3752885.0
98989,2732645.0
98990,4651866.0
98991,2954086.0
98992,6923131.0
98993,1999097.0
98994,2675511.0
98995,2058644.0
98996,2097022.0
98997,3004429.0
98998,2055379.0
98999,2993069.0
99000,4952255.0
99001,2675511.0
99002,1763231.0
99003,2058644.0
99004,2344689.0
99005,2267425.0
99006,2792031.0
99007,8213524.0
99008,3939804.0
99009,3164972.0
99010,1149870.0
99011,3982767.0
99012,3600467.0
99013,5500818.0
99014,2525375.0
99015,3570392.0
99016,2267425.0
99017,4554237.0
99018,1847826.0
99019,3347767.0
99020,2156098.0
99021,5166635.0
99022,8630682.0
99023,6941173.0
99024,1149870.0
99025,1270499.0
99026,3752885.0
99027,3982767.0
99028,2055379.0
99029,1756069.0
99030,2390534.0
99031,2097022.0
99032,6941173.0
99033,3836721.0
99034,3939804.0
99035,3956086.0
99036,2390534.0
99037,3939804.0
99038,6941173.0
99039,4015749.0
99040,3426169.0
99041,1619683.0
99042,3410878.0
99043,3447890.0
99044,3752885.0
99045,3248660.0
99046,2999068.0
99047,5595267.0
99048,3004429.0
99049,1999097.0
99050,6412623.0
99051,4554237.0
99052,6412623.0
99053,3261924.0
99054,1882131.0
99055,3982767.0
99056,1763231.0
99057,2021934.0
99058,2021934.0
99059,2156098.0
99060,3248660.0
99061,7592272.0
99062,3727364.0
99063,2344689.0
99064,1270499.0
99065,2344689.0
99066,2097022.0
99067,4264176.0
99068,2999068.0
99069,1270499.0
99070,3903884.0
99071,1756069.0
99072,3347767.0
99073,2675511.0
99074,2021934.0
99075,5435276.0
99076,2390534.0
99077,2364478.0
99078,2021934.0
99079,6412623.0
99080,2544857.0
99081,1149870.0
99082,4491607.0
99083,3600467.0
99084,4888774.0
99085,2097022.0
99086,6782425.0
99087,2738052.0
99088,3351383.0
99089,6363241.0
99090,5461700.0
99091,4067566.0
99092,2083447.0
99093,3261924.0
99094,5500818.0
99095,4250553.0
99096,1734634.0
99097,1270499.0
99098,5525735.0
99099,3261924.0
99100,5595267.0
99101,4219263.0
99102,3410878.0
99103,4015749.0
99104,5500818.0
99105,8904084.0
99106,2525375.0
99107,4888774.0
99108,3780019.0
99109,3939804.0
99110,1619683.0
99111,3347767.0
99112,3410878.0
99113,2390534.0
99114,6694797.0
99115,5906596.0
99116,1149870.0
99117,4590423.0
99118,3600467.0
99119,3727364.0
99120,2738052.0
99121,3727364.0
99122,9262754.0
99123,2993069.0
99124,1270499.0
99125,8894598.0
99126,2551252.0
99127,1756069.0
99128,3218918.0
99129,2021934.0
99130,3745135.0
99131,3447890.0
99132,4286645.0
99133,3347767.0
99134,1882131.0
99135,6836483.0
99136,4554237.0
99137,1999097.0
99138,3745135.0
99139,3745135.0
99140,3351383.0
99141,2792031.0
99142,2954086.0
99143,5787594.0
99144,2058644.0
99145,5444227.0
99146,1763231.0
99147,1619683.0
99148,4052733.0
99149,2021934.0
99150,2344689.0
99151,1882131.0
99152,4263629.0
99153,4590423.0
99154,3426169.0
99155,4491607.0
99156,2097022.0
99157,2267425.0
99158,2525375.0
99159,1619683.0
99160,5525735.0
99161,3028267.0
99162,4067566.0
99163,2055379.0
99164,5595267.0
99165,6412623.0
99166,3351383.0
99167,2021934.0
99168,1270499.0
99169,2097022.0
99170,3752885.0
99171,1847826.0
99172,4952255.0
99173,3351383.0
99174,3028267.0
99175,3426169.0
99176,1619683.0
99177,3727364.0
99178,2344689.0
99179,4807746.0
99180,1999097.0
99181,1756069.0
99182,3004429.0
99183,3807496.0
99184,3004429.0
99185,3727364.0
99186,4952255.0
99187,4250758.0
99188,1149870.0
99189,3248660.0
99190,1734634.0
99191,3600467.0
99192,3447890.0
99193,4554237.0
99194,1734634.0
99195,4491607.0
99196,2344689.0
99197,2018785.0
99198,3939804.0
99199,3836721.0
99200,5166635.0
99201,3939804.0
99202,9652350.0
99203,4250553.0
99204,2732645.0
99205,5017319.0
99206,2058644.0
99207,1619683.0
99208,2021934.0
99209,3753720.0
99210,3248660.0
99211,2267425.0
99212,5166635.0
99213,3004429.0
99214,4554237.0
99215,2732645.0
99216,4491607.0
99217,1149870.0
99218,3447890.0
99219,9652350.0
99220,6412623.0
99221,4067566.0
99222,3248660.0
99223,1734634.0
99224,3347767.0
99225,4052733.0
99226,3903884.0
99227,7201784.0
99228,2055379.0
99229,4316715.0
99230,1882131.0
99231,3347767.0
99232,1882131.0
99233,2097022.0
99234,2097022.0
99235,3347767.0
99236,4067566.0
99237,3004429.0
99238,5444227.0
99239,3982767.0
99240,7592272.0
99241,7217634.0
99242,2675511.0
99243,3752885.0
99244,5161370.0
99245,3347767.0
99246,5444227.0
99247,1882131.0
99248,6412623.0
99249,8213524.0
99250,1619683.0
99251,1999097.0
99252,2267425.0
99253,3939804.0
99254,2371202.0
99255,1756069.0
99256,3410878.0
99257,5525735.0
99258,3939804.0
99259,5017319.0
99260,3745135.0
99261,4219263.0
99262,3600467.0
99263,2344689.0
99264,3778621.0
99265,6836483.0
99266,2344689.0
99267,3351383.0
99268,2055379.0
99269,3273041.0
99270,4250553.0
99271,2083447.0
99272,4491607.0
99273,1734634.0
99274,3939804.0
99275,2097022.0
99276,7865428.0
99277,1149870.0
99278,4052733.0
99279,1999097.0
99280,2021934.0
99281,4705945.0
99282,3753720.0
99283,3004429.0
99284,3445076.0
99285,2058644.0
99286,3347767.0
99287,3745135.0
99288,3347767.0
99289,5525735.0
99290,3351383.0
99291,4429512.0
99292,1149870.0
99293,4015749.0
99294,1756069.0
99295,3347767.0
99296,8213524.0
99297,1904842.0
99298,3836721.0
99299,3273041.0
99300,3248660.0
99301,2954086.0
99302,4467728.0
99303,1999097.0
99304,8213524.0
99305,1904842.0
99306,2344689.0
99307,4952255.0
99308,8213524.0
99309,8213524.0
99310,1763231.0
99311,2021934.0
99312,2018785.0
99313,2018785.0
99314,2156098.0
99315,2344689.0
99316,3028267.0
99317,5595267.0
99318,1763231.0
99319,3410878.0
99320,6694797.0
99321,2738052.0
99322,3810007.0
99323,1270499.0
99324,7201784.0
99325,3982767.0
99326,4554237.0
99327,1149870.0
99328,3939804.0
99329,1734634.0
99330,3008199.0
99331,1999097.0
99332,1882131.0
99333,4952255.0
99334,2371202.0
99335,1270499.0
99336,1270499.0
99337,3956086.0
99338,3600467.0
99339,8213524.0
99340,4250758.0
99341,2371202.0
99342,2055379.0
99343,4066618.0
99344,3258837.0
99345,1619683.0
99346,4780607.0
99347,2344689.0
99348,7217634.0
99349,4952255.0
99350,3600467.0
99351,2544857.0
99352,19696939.0
99353,2371202.0
99354,1734634.0
99355,4250553.0
99356,4052733.0
99357,5435276.0
99358,2390534.0
99359,2993069.0
99360,1149870.0
99361,3780019.0
99362,2732645.0
99363,3218918.0
99364,5435276.0
99365,4219263.0
99366,2083447.0
99367,2097022.0
99368,2097022.0
99369,5525735.0
99370,2021934.0
99371,3956086.0
99372,2058644.0
99373,3347767.0
99374,2525375.0
99375,8904084.0
99376,3745135.0
99377,4316715.0
99378,1270499.0
99379,1756069.0
99380,4467728.0
99381,7495092.0
99382,3982767.0
99383,2055379.0
99384,1904842.0
99385,7495092.0
99386,2675511.0
99387,2058644.0
99388,1619683.0
99389,2267425.0
99390,1847826.0
99391,1270499.0
99392,2021934.0
99393,2993069.0
99394,3727364.0
99395,6313221.0
99396,5525735.0
99397,6923131.0
99398,2344689.0
99399,9652350.0
99400,3199619.0
99401,3939804.0
99402,5525735.0
99403,2954086.0
99404,3376145.0
99405,2267425.0
99406,5525735.0
99407,1149870.0
99408,3745135.0
99409,4350573.0
99410,7495092.0
99411,4100886.0
99412,4052733.0
99413,2018785.0
99414,4590423.0
99415,3351383.0
99416,1904842.0
99417,4264176.0
99418,4780607.0
99419,3982767.0
99420,1756069.0
99421,3745135.0
99422,4467728.0
99423,3836721.0
99424,4250758.0
99425,2390534.0
99426,3778621.0
99427,6836483.0
99428,2954086.0
99429,2018785.0
99430,2097022.0
99431,4429512.0
99432,5500818.0
99433,4882985.0
99434,3273041.0
99435,4429512.0
99436,3351383.0
99437,2525375.0
99438,2544857.0
99439,2954086.0
99440,3939804.0
99441,1847826.0
99442,2544857.0
99443,2025297.0
99444,5017319.0
99445,1999097.0
99446,8213524.0
99447,6941173.0
99448,3004429.0
99449,2675511.0
99450,2058644.0
99451,3745135.0
99452,6923131.0
99453,3745135.0
99454,2390534.0
99455,2018785.0
99456,2999068.0
99457,2156098.0
99458,3452382.0
99459,3778621.0
99460,1756069.0
99461,6412623.0
99462,1270499.0
99463,3258837.0
99464,4491607.0
99465,4250553.0
99466,1904842.0
99467,1149870.0
99468,6412623.0
99469,2097022.0
99470,2732645.0
99471,1149870.0
99472,6923131.0
99473,3939804.0
99474,1270499.0
99475,3956086.0
99476,4219263.0
99477,2018785.0
99478,4100886.0
99479,4491607.0
99480,9262754.0
99481,2390534.0
99482,1756069.0
99483,2344689.0
99484,2097022.0
99485,1619683.0
99486,2390534.0
99487,1763231.0
99488,5595267.0
99489,2344689.0
99490,2383840.0
99491,7865428.0
99492,4066618.0
99493,5595267.0
99494,3351383.0
99495,3410878.0
99496,6941173.0
99497,2544857.0
99498,2021934.0
99499,1999097.0
99500,1619683.0
99501,3347767.0
99502,4100886.0
99503,1763231.0
99504,1270499.0
99505,2018785.0
99506,3351383.0
99507,2675511.0
99508,1619683.0
99509,3410878.0
99510,3410878.0
99511,2021934.0
99512,2344689.0
99513,3410878.0
99514,2058644.0
99515,4952255.0
99516,1763231.0
99517,6941173.0
99518,6694797.0
99519,3982767.0
99520,5161370.0
99521,2344689.0
99522,4491607.0
99523,3956086.0
99524,3004429.0
99525,7592272.0
99526,5166635.0
99527,1270499.0
99528,2371202.0
99529,4554237.0
99530,4015749.0
99531,2544857.0
99532,2021934.0
99533,3778621.0
99534,4491607.0
99535,2383840.0
99536,2018785.0
99537,6941173.0
99538,2732645.0
99539,1882131.0
99540,3939804.0
99541,1882131.0
99542,2344689.0
99543,6782425.0
99544,3028267.0
99545,2021934.0
99546,2954086.0
99547,8213524.0
99548,1756069.0
99549,7592272.0
99550,9262754.0
99551,3376145.0
99552,4651866.0
99553,3004429.0
99554,3351383.0
99555,5017319.0
99556,2390534.0
99557,4067566.0
99558,1847826.0
99559,2021934.0
99560,1999097.0
99561,9262754.0
99562,3982767.0
99563,2344689.0
99564,2390534.0
99565,6363241.0
99566,1756069.0
99567,5525735.0
99568,3376145.0
99569,3004429.0
99570,3347767.0
99571,4155435.0
99572,4263629.0
99573,3351383.0
99574,3199619.0
99575,2525375.0
99576,5435276.0
99577,3727364.0
99578,3426169.0
99579,3248660.0
99580,1847826.0
99581,2792031.0
99582,6313221.0
99583,2021934.0
99584,3836721.0
99585,7217634.0
99586,3982767.0
99587,4250553.0
99588,2021934.0
99589,2025297.0
99590,2097022.0
99591,2525375.0
99592,2993069.0
99593,4491607.0
99594,2732645.0
99595,2097022.0
99596,3939804.0
99597,3347767.0
99598,5595267.0
99599,3982767.0
99600,9652350.0
99601,6313221.0
99602,3727364.0
99603,4100886.0
99604,6836483.0
99605,4250553.0
99606,8213524.0
99607,1999097.0
99608,4067566.0
99609,4015749.0
99610,1270499.0
99611,7592272.0
99612,4316715.0
99613,3780019.0
99614,3347767.0
99615,5525735.0
99616,6313221.0
99617,4705945.0
99618,9262754.0
99619,4491607.0
99620,4250553.0
99621,3600467.0
99622,3351383.0
99623,1734634.0
99624,3745135.0
99625,2097022.0
99626,6941173.0
99627,4491607.0
99628,7592272.0
99629,2055379.0
99630,4219263.0
99631,2390534.0
99632,3426169.0
99633,3982767.0
99634,2021934.0
99635,1882131.0
99636,2544857.0
99637,1619683.0
99638,6694797.0
99639,3248660.0
99640,1756069.0
99641,3199619.0
99642,3004429.0
99643,2021934.0
99644,4554237.0
99645,2021934.0
99646,2267425.0
99647,2021934.0
99648,2018785.0
99649,6363241.0
99650,2156098.0
99651,1149870.0
99652,7495092.0
99653,3426169.0
99654,2371202.0
99655,2097022.0
99656,4491607.0
99657,1756069.0
99658,5461700.0
99659,3004429.0
99660,2390534.0
99661,6941173.0
99662,2058644.0
99663,4467728.0
99664,2021934.0
99665,2740687.0
99666,2058644.0
99667,13575224.0
99668,3752885.0
99669,7495092.0
99670,3982767.0
99671,2344689.0
99672,3982767.0
99673,1763231.0
99674,4491607.0
99675,5435276.0
99676,6363241.0
99677,3028267.0
99678,6941173.0
99679,1999097.0
99680,1756069.0
99681,2371202.0
99682,1882131.0
99683,3376145.0
99684,2267425.0
99685,3982767.0
99686,4250553.0
99687,5461700.0
99688,2018785.0
99689,3836721.0
99690,2675511.0
99691,3570392.0
99692,4952255.0
99693,6923131.0
99694,3258837.0
99695,3028267.0
99696,8213524.0
99697,3939804.0
99698,6923131.0
99699,4590423.0
99700,4067566.0
99701,1763231.0
99702,1619683.0
99703,3939804.0
99704,4705945.0
99705,4780607.0
99706,3028267.0
99707,1619683.0
99708,4554237.0
99709,8213524.0
99710,2364478.0
99711,3447890.0
99712,4554237.0
99713,3752885.0
99714,1847826.0
99715,6313221.0
99716,1270499.0
99717,3956086.0
99718,1999097.0
99719,3410878.0
99720,3982767.0
99721,3982767.0
99722,6412623.0
99723,1904842.0
99724,2525375.0
99725,3248660.0
99726,6313221.0
99727,4067566.0
99728,7865428.0
99729,3426169.0
99730,6923131.0
99731,2344689.0
99732,4952255.0
99733,3752885.0
99734,3982767.0
99735,3351383.0
99736,3426169.0
99737,4250553.0
99738,1847826.0
99739,2525375.0
99740,2675511.0
99741,5595267.0
99742,2999068.0
99743,1756069.0
99744,1999097.0
99745,2954086.0
99746,6694797.0
99747,2390534.0
99748,3807496.0
99749,6694797.0
99750,2675511.0
99751,3939804.0
99752,6923131.0
99753,2267425.0
99754,2018785.0
99755,4264176.0
99756,6923131.0
99757,2792031.0
99758,4888774.0
99759,2344689.0
99760,3784230.0
99761,3426169.0
99762,3347767.0
99763,2097022.0
99764,2021934.0
99765,3351383.0
99766,3351383.0
99767,4067566.0
99768,4286645.0
99769,1904842.0
99770,1756069.0
99771,2018785.0
99772,2344689.0
99773,1999097.0
99774,2097022.0
99775,1756069.0
99776,1756069.0
99777,6836483.0
99778,3447890.0
99779,7201784.0
99780,3258837.0
99781,2371202.0
99782,2738052.0
99783,2390534.0
99784,2344689.0
99785,4952255.0
99786,3347767.0
99787,3445076.0
99788,1734634.0
99789,7592272.0
99790,4467728.0
99791,2525375.0
99792,3836721.0
99793,3410878.0
99794,3600467.0
99795,2097022.0
99796,3903884.0
99797,4263629.0
99798,7592272.0
99799,2097022.0
99800,4066618.0
99801,5906596.0
99802,1270499.0
99803,1904842.0
99804,4491607.0
99805,2954086.0
99806,1270499.0
99807,2344689.0
99808,1999097.0
99809,4015749.0
99810,4219263.0
99811,6694797.0
99812,2344689.0
99813,3982767.0
99814,3028267.0
99815,7865428.0
99816,3410878.0
99817,3199619.0
99818,4250553.0
99819,3807496.0
99820,3410878.0
99821,5500818.0
99822,1763231.0
99823,4491607.0
99824,1882131.0
99825,3028267.0
99826,5595267.0
99827,4491607.0
99828,4705945.0
99829,3600467.0
99830,2344689.0
99831,8904084.0
99832,4052733.0
99833,3410878.0
99834,3982767.0
99835,6941173.0
99836,1999097.0
99837,4263629.0
99838,2732645.0
99839,6923131.0
99840,2058644.0
99841,6836483.0
99842,2021934.0
99843,2156098.0
99844,7592272.0
99845,2055379.0
99846,3939804.0
99847,6412623.0
99848,2097022.0
99849,1270499.0
99850,5461700.0
99851,4952255.0
99852,1756069.0
99853,4350573.0
99854,2097022.0
99855,3939804.0
99856,5595267.0
99857,2544857.0
99858,3745135.0
99859,4491607.0
99860,3273041.0
99861,13575224.0
99862,2344689.0
99863,1999097.0
99864,3004429.0
99865,3004429.0
99866,3410878.0
99867,1882131.0
99868,2544857.0
99869,1999097.0
99870,6836483.0
99871,2551252.0
99872,2675511.0
99873,2058644.0
99874,3982767.0
99875,2344689.0
99876,1270499.0
99877,3347767.0
99878,2021934.0
99879,3780019.0
99880,2344689.0
99881,5161370.0
99882,1734634.0
99883,6694797.0
99884,4250758.0
99885,3753720.0
99886,4067566.0
99887,2954086.0
99888,1882131.0
99889,2058644.0
99890,3347767.0
99891,6941173.0
99892,4952255.0
99893,4491607.0
99894,2344689.0
99895,4467728.0
99896,3410878.0
99897,1882131.0
99898,2021934.0
99899,4100886.0
99900,3347767.0
99901,1756069.0
99902,1756069.0
99903,6782425.0
99904,2267425.0
99905,1999097.0
99906,4888774.0
99907,1619683.0
99908,4052733.0
99909,7592272.0
99910,3745135.0
99911,4052733.0
99912,2344689.0
99913,3410878.0
99914,2383840.0
99915,6694797.0
99916,1847826.0
99917,2390534.0
99918,2021934.0
99919,4250758.0
99920,4052733.0
99921,6363241.0
99922,6941173.0
99923,1763231.0
99924,3347767.0
99925,4264176.0
99926,2083447.0
99927,4952255.0
99928,2025297.0
99929,5166635.0
99930,4250758.0
99931,2083447.0
99932,2740687.0
99933,4250553.0
99934,3028267.0
99935,4350573.0
99936,1619683.0
99937,3778621.0
99938,3600467.0
99939,2993069.0
99940,2732645.0
99941,9262754.0
99942,4250553.0
99943,3351383.0
99944,2021934.0
99945,5595267.0
99946,3004429.0
99947,3447890.0
99948,2390534.0
99949,3447890.0
99950,3778621.0
99951,4491607.0
99952,4219263.0
99953,1619683.0
99954,3745135.0
99955,9262754.0
99956,2675511.0
99957,3727364.0
99958,5595267.0
99959,3004429.0
99960,2371202.0
99961,3982767.0
99962,2390534.0
99963,2993069.0
99964,3982767.0
99965,4015749.0
99966,1149870.0
99967,4067566.0
99968,9262754.0
99969,1149870.0
99970,2018785.0
99971,2954086.0
99972,2544857.0
99973,2018785.0
99974,1882131.0
99975,2021934.0
99976,4491607.0
99977,4052733.0
99978,3347767.0
99979,2675511.0
99980,3939804.0
99981,4250758.0
99982,2021934.0
99983,2344689.0
99984,1904842.0
99985,1999097.0
99986,3410878.0
99987,4250758.0
99988,3008199.0
99989,1149870.0
99990,4250553.0
99991,2525375.0
99992,2021934.0
99993,3600467.0
99994,1904842.0
99995,3600467.0
99996,2993069.0
99997,2525375.0
99998,3956086.0
99999,2058644.0
